0	0
1	0
2	0
3	0
4	0
5	0
6	0
7	0
8	0
9	0
10	0
11	0
12	0
13	0
14	0
15	0
16	0
17	0
18	0
19	0
20	0
21	0
22	0
23	0
24	0
25	0
26	1
27	0
28	0
29	0
30	0
31	0
32	1
33	0
34	0
35	1
36	1
37	2
38	1
39	1
40	13
41	12
42	12
43	84
44	255
45	531
46	625
47	667
48	632
49	630
50	600
51	583
52	589
53	580
54	609
55	661
56	638
57	639
58	679
59	666
60	721
61	708
62	653
63	792
64	741
65	720
66	780
67	814
68	905
69	943
70	1087
71	1104
72	1316
73	1352
74	1563
75	1813
76	2135
77	2352
78	2969
79	3734
80	4302
81	5433
82	6597
83	7976
84	9842
85	11818
86	14384
87	16798
88	19651
89	22730
90	25596
91	29280
92	32741
93	35473
94	37753
95	39875
96	42179
97	43186
98	43620
99	43569
100	42687
101	41626
102	39855
103	37261
104	35001
105	32476
106	29768
107	27121
108	24592
109	22139
110	19523
111	17818
112	15486
113	13760
114	12229
115	10611
116	9419
117	8155
118	7270
119	6200
120	5391
121	4643
122	3845
123	3328
124	2816
125	2430
126	2066
127	1726
128	1533
129	1283
130	1108
131	940
132	788
133	761
134	684
135	604
136	599
137	567
138	567
139	590
140	576
141	560
142	538
143	559
144	596
145	624
146	615
147	633
148	682
149	742
150	697
151	723
152	866
153	774
154	901
155	885
156	1003
157	1027
158	1102
159	1088
160	1114
161	1162
162	1264
163	1290
164	1356
165	1365
166	1478
167	1470
168	1491
169	1628
170	1667
171	1619
172	1610
173	1603
174	1611
175	1703
176	1669
177	1677
178	1690
179	1592
180	1555
181	1464
182	1442
183	1478
184	1374
185	1334
186	1258
187	1207
188	1087
189	1120
190	1125
191	1045
192	1033
193	973
194	992
195	922
196	948
197	875
198	842
199	848
200	921
201	928
202	975
203	890
204	932
205	898
206	982
207	1008
208	1003
209	989
210	1013
211	989
212	1013
213	1034
214	1006
215	1003
216	1024
217	1037
218	1006
219	1047
220	1097
221	1083
222	1045
223	1118
224	1052
225	1074
226	1121
227	1125
228	1137
229	1117
230	1099
231	1141
232	1179
233	1182
234	1205
235	1285
236	1220
237	1281
238	1383
239	1455
240	1487
241	1652
242	1669
243	1836
244	1868
245	2004
246	2244
247	2378
248	2484
249	2696
250	2902
251	3234
252	3434
253	3678
254	4170
255	4349
256	4704
257	5065
258	5533
259	5860
260	6186
261	6625
262	7129
263	7431
264	7831
265	8119
266	8590
267	8964
268	9284
269	9535
270	9648
271	9832
272	9851
273	9943
274	10027
275	9974
276	10227
277	9724
278	9508
279	9269
280	9110
281	8636
282	8342
283	7938
284	7688
285	7087
286	6729
287	6281
288	5747
289	5320
290	4973
291	4523
292	4145
293	3681
294	3257
295	3044
296	2810
297	2494
298	2167
299	2000
300	1765
301	1614
302	1448
303	1270
304	1164
305	1061
306	928
307	832
308	792
309	724
310	711
311	629
312	627
313	593
314	593
315	547
316	593
317	527
318	498
319	542
320	514
321	487
322	497
323	513
324	490
325	493
326	497
327	495
328	518
329	468
330	511
331	453
332	440
333	474
334	457
335	484
336	486
337	495
338	491
339	492
340	489
341	522
342	480
343	498
344	475
345	487
346	496
347	476
348	471
349	505
350	483
351	500
352	519
353	493
354	488
355	490
356	484
357	497
358	498
359	518
360	504
361	525
362	544
363	516
364	532
365	519
366	524
367	525
368	538
369	541
370	508
371	502
372	558
373	542
374	546
375	557
376	548
377	551
378	548
379	540
380	518
381	529
382	552
383	521
384	511
385	527
386	550
387	547
388	557
389	528
390	527
391	534
392	537
393	561
394	540
395	552
396	508
397	545
398	508
399	538
400	510
401	489
402	508
403	473
404	528
405	480
406	523
407	499
408	533
409	517
410	489
411	484
412	487
413	488
414	463
415	439
416	484
417	510
418	509
419	508
420	476
421	452
422	486
423	495
424	445
425	497
426	453
427	457
428	472
429	457
430	496
431	491
432	459
433	466
434	475
435	473
436	501
437	464
438	492
439	483
440	466
441	482
442	499
443	502
444	486
445	498
446	478
447	479
448	493
449	538
450	488
451	488
452	483
453	484
454	572
455	534
456	488
457	504
458	494
459	504
460	496
461	491
462	482
463	534
464	508
465	549
466	528
467	551
468	561
469	528
470	510
471	588
472	509
473	551
474	509
475	560
476	549
477	538
478	525
479	542
480	541
481	529
482	557
483	570
484	569
485	557
486	546
487	591
488	593
489	587
490	593
491	602
492	583
493	589
494	625
495	586
496	595
497	593
498	608
499	573
500	636
501	633
502	601
503	626
504	585
505	653
506	618
507	644
508	605
509	702
510	563
511	637
512	648
513	644
514	673
515	655
516	633
517	665
518	648
519	695
520	611
521	727
522	667
523	659
524	674
525	709
526	695
527	659
528	649
529	645
530	651
531	643
532	634
533	649
534	677
535	657
536	621
537	644
538	603
539	637
540	606
541	619
542	619
543	582
544	646
545	619
546	623
547	578
548	577
549	561
550	581
551	541
552	559
553	589
554	563
555	566
556	534
557	551
558	539
559	560
560	502
561	561
562	539
563	543
564	475
565	514
566	510
567	509
568	519
569	501
570	498
571	495
572	498
573	480
574	495
575	532
576	529
577	469
578	514
579	477
580	466
581	517
582	445
583	503
584	482
585	488
586	469
587	492
588	508
589	456
590	482
591	483
592	484
593	461
594	447
595	486
596	493
597	481
598	455
599	487
600	471
601	519
602	472
603	453
604	446
605	492
606	469
607	462
608	442
609	450
610	446
611	449
612	490
613	490
614	413
615	460
616	425
617	446
618	439
619	440
620	456
621	460
622	435
623	442
624	430
625	444
626	436
627	411
628	391
629	447
630	441
631	416
632	400
633	424
634	403
635	447
636	435
637	399
638	415
639	389
640	444
641	410
642	403
643	396
644	414
645	409
646	396
647	353
648	416
649	379
650	343
651	400
652	384
653	364
654	375
655	357
656	396
657	349
658	359
659	353
660	382
661	355
662	356
663	377
664	360
665	352
666	358
667	336
668	320
669	356
670	368
671	329
672	343
673	340
674	343
675	327
676	334
677	352
678	323
679	316
680	323
681	326
682	335
683	288
684	321
685	332
686	329
687	281
688	316
689	329
690	337
691	328
692	327
693	318
694	348
695	304
696	324
697	295
698	309
699	325
700	340
701	302
702	329
703	322
704	306
705	315
706	342
707	330
708	283
709	319
710	321
711	335
712	302
713	299
714	294
715	315
716	331
717	314
718	308
719	310
720	332
721	308
722	306
723	278
724	316
725	302
726	321
727	333
728	332
729	294
730	316
731	292
732	308
733	324
734	326
735	339
736	302
737	305
738	291
739	311
740	275
741	268
742	307
743	284
744	286
745	295
746	285
747	286
748	281
749	264
750	292
751	268
752	289
753	283
754	282
755	266
756	282
757	262
758	290
759	299
760	240
761	274
762	271
763	259
764	286
765	282
766	291
767	247
768	242
769	267
770	267
771	249
772	261
773	255
774	253
775	247
776	253
777	256
778	288
779	264
780	280
781	268
782	227
783	249
784	248
785	237
786	218
787	258
788	256
789	224
790	227
791	244
792	240
793	245
794	259
795	227
796	255
797	215
798	212
799	255
800	220
801	224
802	259
803	253
804	246
805	235
806	269
807	232
808	242
809	262
810	249
811	254
812	232
813	266
814	270
815	273
816	285
817	247
818	278
819	286
820	286
821	272
822	307
823	276
824	308
825	295
826	301
827	314
828	307
829	336
830	324
831	335
832	344
833	352
834	312
835	327
836	370
837	380
838	364
839	384
840	396
841	375
842	426
843	442
844	437
845	459
846	408
847	429
848	487
849	452
850	499
851	489
852	493
853	512
854	490
855	528
856	553
857	553
858	562
859	580
860	584
861	582
862	649
863	653
864	648
865	626
866	625
867	654
868	668
869	627
870	648
871	655
872	684
873	679
874	771
875	727
876	780
877	762
878	737
879	757
880	819
881	754
882	788
883	829
884	764
885	799
886	826
887	791
888	831
889	835
890	815
891	862
892	880
893	869
894	809
895	833
896	914
897	886
898	883
899	926
900	933
901	895
902	952
903	935
904	924
905	931
906	989
907	980
908	958
909	975
910	943
911	947
912	1017
913	1026
914	1016
915	1024
916	955
917	1020
918	1032
919	1073
920	1031
921	1061
922	1024
923	1061
924	1094
925	1110
926	1106
927	1115
928	1155
929	1113
930	1119
931	1128
932	1202
933	1189
934	1182
935	1212
936	1246
937	1277
938	1257
939	1228
940	1265
941	1314
942	1324
943	1387
944	1208
945	1289
946	1300
947	1434
948	1379
949	1333
950	1350
951	1382
952	1422
953	1388
954	1362
955	1455
956	1413
957	1452
958	1508
959	1465
960	1422
961	1459
962	1498
963	1409
964	1483
965	1502
966	1487
967	1515
968	1580
969	1592
970	1511
971	1610
972	1521
973	1534
974	1431
975	1519
976	1435
977	1546
978	1540
979	1494
980	1564
981	1478
982	1548
983	1541
984	1534
985	1412
986	1447
987	1456
988	1466
989	1351
990	1342
991	1390
992	1420
993	1365
994	1398
995	1385
996	1330
997	1344
998	1338
999	1300
1000	1317
1001	1270
1002	1288
1003	1254
1004	1264
1005	1262
1006	1210
1007	1237
1008	1152
1009	1156
1010	1132
1011	1123
1012	1149
1013	1048
1014	1079
1015	1012
1016	1088
1017	1042
1018	950
1019	978
1020	994
1021	950
1022	875
1023	914
1024	854
1025	875
1026	837
1027	826
1028	834
1029	824
1030	803
1031	791
1032	818
1033	806
1034	776
1035	745
1036	729
1037	749
1038	670
1039	726
1040	690
1041	673
1042	705
1043	652
1044	684
1045	698
1046	680
1047	695
1048	665
1049	703
1050	702
1051	710
1052	740
1053	729
1054	696
1055	705
1056	783
1057	747
1058	749
1059	783
1060	844
1061	809
1062	868
1063	828
1064	894
1065	837
1066	906
1067	974
1068	1007
1069	957
1070	1039
1071	1050
1072	1110
1073	1180
1074	1082
1075	1164
1076	1220
1077	1248
1078	1270
1079	1381
1080	1366
1081	1369
1082	1481
1083	1413
1084	1479
1085	1556
1086	1612
1087	1599
1088	1612
1089	1724
1090	1720
1091	1790
1092	1896
1093	1886
1094	1963
1095	1926
1096	2024
1097	2051
1098	2152
1099	2128
1100	2123
1101	2250
1102	2329
1103	2423
1104	2337
1105	2525
1106	2493
1107	2582
1108	2554
1109	2607
1110	2635
1111	2698
1112	2739
1113	2821
1114	2775
1115	2775
1116	2934
1117	2982
1118	3102
1119	3013
1120	3040
1121	3018
1122	3049
1123	3244
1124	3153
1125	3154
1126	3137
1127	3221
1128	3233
1129	3368
1130	3356
1131	3376
1132	3441
1133	3499
1134	3527
1135	3409
1136	3469
1137	3599
1138	3595
1139	3612
1140	3569
1141	3602
1142	3728
1143	3523
1144	3680
1145	3735
1146	3635
1147	3667
1148	3545
1149	3726
1150	3540
1151	3579
1152	3656
1153	3665
1154	3601
1155	3551
1156	3577
1157	3521
1158	3622
1159	3559
1160	3457
1161	3432
1162	3536
1163	3512
1164	3411
1165	3351
1166	3493
1167	3373
1168	3376
1169	3334
1170	3388
1171	3279
1172	3181
1173	3222
1174	3233
1175	3123
1176	3212
1177	3026
1178	3020
1179	2982
1180	3007
1181	2888
1182	2838
1183	2854
1184	2734
1185	2708
1186	2674
1187	2586
1188	2595
1189	2572
1190	2528
1191	2495
1192	2374
1193	2403
1194	2431
1195	2233
1196	2226
1197	2267
1198	2163
1199	2090
1200	2089
1201	2021
1202	1972
1203	1958
1204	1819
1205	1833
1206	1803
1207	1751
1208	1784
1209	1614
1210	1672
1211	1640
1212	1557
1213	1538
1214	1491
1215	1512
1216	1467
1217	1435
1218	1355
1219	1340
1220	1342
1221	1308
1222	1282
1223	1276
1224	1198
1225	1203
1226	1096
1227	1030
1228	1109
1229	1141
1230	1071
1231	1058
1232	1032
1233	1020
1234	918
1235	990
1236	937
1237	898
1238	854
1239	903
1240	817
1241	835
1242	775
1243	872
1244	785
1245	745
1246	765
1247	685
1248	699
1249	719
1250	695
1251	701
1252	697
1253	649
1254	678
1255	617
1256	624
1257	615
1258	561
1259	591
1260	500
1261	532
1262	554
1263	548
1264	517
1265	520
1266	524
1267	519
1268	472
1269	479
1270	459
1271	460
1272	460
1273	481
1274	421
1275	400
1276	404
1277	391
1278	391
1279	394
1280	387
1281	369
1282	355
1283	359
1284	371
1285	353
1286	328
1287	365
1288	324
1289	311
1290	298
1291	286
1292	286
1293	275
1294	302
1295	248
1296	257
1297	248
1298	223
1299	253
1300	223
1301	193
1302	217
1303	220
1304	216
1305	199
1306	204
1307	174
1308	176
1309	192
1310	185
1311	175
1312	174
1313	157
1314	140
1315	144
1316	135
1317	145
1318	145
1319	146
1320	131
1321	130
1322	143
1323	123
1324	116
1325	116
1326	117
1327	101
1328	116
1329	95
1330	87
1331	102
1332	95
1333	92
1334	106
1335	87
1336	67
1337	68
1338	80
1339	72
1340	92
1341	66
1342	72
1343	73
1344	60
1345	64
1346	55
1347	75
1348	56
1349	48
1350	65
1351	67
1352	57
1353	61
1354	68
1355	51
1356	58
1357	49
1358	50
1359	56
1360	71
1361	45
1362	71
1363	48
1364	42
1365	41
1366	45
1367	39
1368	45
1369	34
1370	55
1371	53
1372	43
1373	33
1374	37
1375	41
1376	44
1377	47
1378	42
1379	37
1380	48
1381	38
1382	43
1383	49
1384	40
1385	37
1386	41
1387	49
1388	38
1389	39
1390	43
1391	47
1392	48
1393	44
1394	38
1395	41
1396	41
1397	31
1398	43
1399	42
1400	25
1401	45
1402	41
1403	50
1404	44
1405	37
1406	35
1407	37
1408	33
1409	52
1410	30
1411	46
1412	37
1413	47
1414	37
1415	47
1416	63
1417	36
1418	42
1419	31
1420	42
1421	52
1422	32
1423	45
1424	41
1425	35
1426	41
1427	27
1428	43
1429	40
1430	43
1431	45
1432	41
1433	38
1434	40
1435	39
1436	27
1437	35
1438	34
1439	47
1440	39
1441	36
1442	39
1443	32
1444	39
1445	41
1446	41
1447	30
1448	39
1449	35
1450	41
1451	41
1452	43
1453	45
1454	41
1455	33
1456	38
1457	32
1458	33
1459	26
1460	28
1461	32
1462	35
1463	34
1464	45
1465	30
1466	30
1467	36
1468	36
1469	29
1470	31
1471	32
1472	34
1473	28
1474	38
1475	27
1476	25
1477	32
1478	35
1479	33
1480	21
1481	22
1482	43
1483	36
1484	36
1485	35
1486	20
1487	22
1488	31
1489	36
1490	20
1491	33
1492	32
1493	25
1494	33
1495	23
1496	29
1497	24
1498	30
1499	23
1500	26
1501	23
1502	31
1503	27
1504	29
1505	30
1506	22
1507	24
1508	20
1509	33
1510	21
1511	30
1512	22
1513	29
1514	23
1515	21
1516	31
1517	23
1518	27
1519	21
1520	17
1521	24
1522	18
1523	16
1524	21
1525	25
1526	27
1527	12
1528	22
1529	16
1530	21
1531	22
1532	24
1533	27
1534	22
1535	21
1536	17
1537	20
1538	19
1539	13
1540	21
1541	19
1542	12
1543	17
1544	19
1545	21
1546	19
1547	19
1548	18
1549	24
1550	16
1551	15
1552	19
1553	19
1554	24
1555	23
1556	17
1557	19
1558	23
1559	16
1560	22
1561	18
1562	8
1563	23
1564	24
1565	25
1566	17
1567	16
1568	24
1569	14
1570	14
1571	14
1572	18
1573	19
1574	17
1575	16
1576	18
1577	23
1578	24
1579	20
1580	21
1581	21
1582	15
1583	14
1584	18
1585	21
1586	20
1587	15
1588	22
1589	13
1590	11
1591	15
1592	21
1593	17
1594	18
1595	17
1596	19
1597	18
1598	23
1599	10
1600	26
1601	16
1602	17
1603	22
1604	18
1605	22
1606	23
1607	18
1608	19
1609	12
1610	14
1611	19
1612	20
1613	16
1614	19
1615	25
1616	18
1617	21
1618	13
1619	16
1620	12
1621	16
1622	18
1623	18
1624	17
1625	20
1626	21
1627	19
1628	15
1629	16
1630	14
1631	10
1632	16
1633	16
1634	18
1635	16
1636	15
1637	23
1638	18
1639	20
1640	19
1641	17
1642	15
1643	28
1644	19
1645	15
1646	15
1647	22
1648	22
1649	18
1650	14
1651	19
1652	13
1653	14
1654	16
1655	15
1656	23
1657	15
1658	15
1659	27
1660	20
1661	18
1662	11
1663	24
1664	12
1665	19
1666	17
1667	23
1668	21
1669	17
1670	14
1671	23
1672	19
1673	13
1674	18
1675	14
1676	8
1677	18
1678	23
1679	23
1680	15
1681	21
1682	17
1683	23
1684	17
1685	18
1686	15
1687	18
1688	14
1689	19
1690	18
1691	9
1692	18
1693	25
1694	18
1695	23
1696	16
1697	14
1698	22
1699	17
1700	19
1701	18
1702	16
1703	16
1704	14
1705	20
1706	12
1707	9
1708	16
1709	14
1710	12
1711	10
1712	22
1713	21
1714	14
1715	12
1716	15
1717	14
1718	16
1719	12
1720	16
1721	14
1722	14
1723	20
1724	10
1725	23
1726	11
1727	17
1728	10
1729	5
1730	10
1731	14
1732	16
1733	10
1734	14
1735	15
1736	17
1737	13
1738	14
1739	16
1740	15
1741	8
1742	20
1743	23
1744	17
1745	11
1746	9
1747	15
1748	16
1749	19
1750	9
1751	12
1752	20
1753	13
1754	7
1755	10
1756	14
1757	22
1758	9
1759	14
1760	20
1761	20
1762	15
1763	15
1764	17
1765	15
1766	13
1767	15
1768	10
1769	13
1770	13
1771	15
1772	9
1773	13
1774	12
1775	9
1776	13
1777	15
1778	17
1779	11
1780	14
1781	13
1782	16
1783	6
1784	14
1785	21
1786	16
1787	11
1788	15
1789	18
1790	15
1791	21
1792	21
1793	10
1794	12
1795	15
1796	17
1797	15
1798	14
1799	12
1800	11
1801	11
1802	18
1803	10
1804	14
1805	17
1806	15
1807	18
1808	22
1809	17
1810	11
1811	17
1812	14
1813	14
1814	11
1815	11
1816	16
1817	14
1818	12
1819	18
1820	6
1821	12
1822	18
1823	12
1824	13
1825	16
1826	18
1827	15
1828	15
1829	14
1830	18
1831	14
1832	9
1833	13
1834	13
1835	7
1836	13
1837	17
1838	15
1839	12
1840	10
1841	14
1842	10
1843	14
1844	20
1845	12
1846	7
1847	11
1848	10
1849	17
1850	22
1851	14
1852	14
1853	17
1854	19
1855	15
1856	15
1857	9
1858	17
1859	16
1860	19
1861	9
1862	13
1863	13
1864	17
1865	9
1866	16
1867	22
1868	20
1869	22
1870	10
1871	20
1872	10
1873	12
1874	19
1875	12
1876	12
1877	19
1878	11
1879	9
1880	18
1881	13
1882	12
1883	12
1884	17
1885	15
1886	13
1887	14
1888	11
1889	12
1890	9
1891	14
1892	17
1893	14
1894	13
1895	11
1896	12
1897	14
1898	16
1899	16
1900	8
1901	12
1902	15
1903	11
1904	16
1905	13
1906	11
1907	13
1908	11
1909	16
1910	9
1911	18
1912	12
1913	17
1914	10
1915	19
1916	12
1917	15
1918	14
1919	7
1920	15
1921	12
1922	17
1923	11
1924	14
1925	14
1926	16
1927	11
1928	10
1929	13
1930	11
1931	13
1932	8
1933	9
1934	9
1935	11
1936	11
1937	19
1938	18
1939	5
1940	14
1941	13
1942	17
1943	17
1944	14
1945	15
1946	14
1947	9
1948	18
1949	16
1950	13
1951	14
1952	13
1953	13
1954	10
1955	9
1956	11
1957	9
1958	8
1959	11
1960	13
1961	13
1962	19
1963	14
1964	16
1965	6
1966	14
1967	9
1968	15
1969	12
1970	15
1971	17
1972	16
1973	16
1974	19
1975	11
1976	13
1977	13
1978	7
1979	9
1980	12
1981	11
1982	16
1983	12
1984	10
1985	9
1986	17
1987	12
1988	10
1989	12
1990	14
1991	7
1992	21
1993	10
1994	9
1995	14
1996	10
1997	14
1998	15
1999	14
2000	10
2001	8
2002	10
2003	11
2004	16
2005	10
2006	14
2007	12
2008	8
2009	10
2010	13
2011	13
2012	16
2013	8
2014	14
2015	12
2016	9
2017	12
2018	14
2019	10
2020	20
2021	8
2022	23
2023	13
2024	14
2025	10
2026	13
2027	17
2028	8
2029	13
2030	20
2031	7
2032	15
2033	15
2034	12
2035	23
2036	12
2037	11
2038	12
2039	13
2040	10
2041	11
2042	12
2043	17
2044	9
2045	14
2046	13
2047	9
2048	8
2049	9
2050	13
2051	9
2052	9
2053	7
2054	15
2055	12
2056	13
2057	14
2058	9
2059	11
2060	14
2061	15
2062	11
2063	10
2064	14
2065	18
2066	10
2067	7
2068	7
2069	16
2070	13
2071	12
2072	13
2073	13
2074	9
2075	12
2076	17
2077	9
2078	8
2079	13
2080	10
2081	16
2082	15
2083	19
2084	9
2085	15
2086	8
2087	16
2088	15
2089	18
2090	18
2091	8
2092	9
2093	10
2094	9
2095	17
2096	10
2097	11
2098	13
2099	13
2100	8
2101	10
2102	5
2103	12
2104	15
2105	19
2106	15
2107	18
2108	8
2109	12
2110	9
2111	11
2112	19
2113	13
2114	14
2115	14
2116	17
2117	9
2118	13
2119	15
2120	15
2121	18
2122	12
2123	17
2124	19
2125	16
2126	16
2127	6
2128	6
2129	9
2130	13
2131	12
2132	11
2133	14
2134	9
2135	15
2136	9
2137	12
2138	14
2139	14
2140	11
2141	7
2142	12
2143	11
2144	9
2145	9
2146	4
2147	10
2148	13
2149	11
2150	10
2151	8
2152	18
2153	9
2154	23
2155	13
2156	10
2157	14
2158	8
2159	10
2160	14
2161	8
2162	16
2163	8
2164	7
2165	6
2166	11
2167	7
2168	8
2169	14
2170	9
2171	12
2172	10
2173	11
2174	11
2175	20
2176	12
2177	13
2178	14
2179	12
2180	11
2181	4
2182	10
2183	10
2184	7
2185	14
2186	10
2187	8
2188	14
2189	13
2190	11
2191	6
2192	9
2193	7
2194	11
2195	9
2196	7
2197	5
2198	12
2199	9
2200	10
2201	14
2202	8
2203	14
2204	9
2205	9
2206	11
2207	9
2208	8
2209	12
2210	12
2211	15
2212	11
2213	5
2214	6
2215	7
2216	9
2217	14
2218	8
2219	11
2220	14
2221	12
2222	14
2223	7
2224	9
2225	12
2226	6
2227	12
2228	13
2229	12
2230	10
2231	13
2232	6
2233	5
2234	8
2235	8
2236	9
2237	8
2238	7
2239	8
2240	5
2241	9
2242	6
2243	12
2244	9
2245	8
2246	6
2247	8
2248	9
2249	4
2250	8
2251	13
2252	10
2253	7
2254	9
2255	8
2256	10
2257	9
2258	10
2259	13
2260	7
2261	7
2262	10
2263	10
2264	13
2265	11
2266	10
2267	9
2268	7
2269	8
2270	10
2271	6
2272	7
2273	5
2274	4
2275	7
2276	12
2277	8
2278	9
2279	7
2280	7
2281	9
2282	6
2283	8
2284	3
2285	9
2286	8
2287	7
2288	5
2289	4
2290	5
2291	5
2292	10
2293	8
2294	13
2295	11
2296	8
2297	2
2298	8
2299	10
2300	6
2301	6
2302	7
2303	6
2304	8
2305	8
2306	10
2307	11
2308	12
2309	8
2310	6
2311	6
2312	5
2313	12
2314	8
2315	7
2316	5
2317	6
2318	5
2319	6
2320	8
2321	14
2322	4
2323	4
2324	12
2325	8
2326	10
2327	6
2328	7
2329	7
2330	8
2331	9
2332	6
2333	11
2334	7
2335	8
2336	10
2337	9
2338	5
2339	9
2340	4
2341	9
2342	7
2343	8
2344	7
2345	7
2346	7
2347	9
2348	4
2349	9
2350	7
2351	5
2352	8
2353	5
2354	9
2355	7
2356	8
2357	10
2358	7
2359	7
2360	7
2361	5
2362	8
2363	9
2364	7
2365	8
2366	8
2367	9
2368	9
2369	12
2370	9
2371	7
2372	5
2373	5
2374	8
2375	5
2376	9
2377	6
2378	6
2379	11
2380	3
2381	4
2382	7
2383	7
2384	9
2385	5
2386	12
2387	11
2388	10
2389	8
2390	12
2391	10
2392	2
2393	14
2394	7
2395	10
2396	14
2397	5
2398	4
2399	5
2400	6
2401	8
2402	10
2403	6
2404	12
2405	6
2406	4
2407	6
2408	9
2409	9
2410	8
2411	6
2412	8
2413	13
2414	3
2415	4
2416	6
2417	6
2418	7
2419	2
2420	5
2421	6
2422	5
2423	6
2424	7
2425	8
2426	3
2427	5
2428	12
2429	7
2430	6
2431	5
2432	7
2433	6
2434	9
2435	10
2436	3
2437	6
2438	7
2439	3
2440	11
2441	7
2442	8
2443	7
2444	2
2445	7
2446	9
2447	5
2448	5
2449	5
2450	10
2451	6
2452	8
2453	3
2454	2
2455	8
2456	8
2457	5
2458	7
2459	2
2460	7
2461	8
2462	3
2463	9
2464	6
2465	8
2466	7
2467	5
2468	10
2469	7
2470	6
2471	5
2472	8
2473	2
2474	10
2475	6
2476	6
2477	5
2478	2
2479	4
2480	5
2481	2
2482	5
2483	9
2484	6
2485	3
2486	3
2487	5
2488	10
2489	7
2490	13
2491	6
2492	5
2493	12
2494	5
2495	6
2496	9
2497	5
2498	9
2499	5
2500	6
2501	5
2502	5
2503	5
2504	4
2505	1
2506	3
2507	9
2508	3
2509	3
2510	9
2511	5
2512	5
2513	6
2514	3
2515	5
2516	10
2517	4
2518	2
2519	6
2520	6
2521	5
2522	6
2523	3
2524	2
2525	7
2526	8
2527	5
2528	2
2529	4
2530	8
2531	6
2532	6
2533	3
2534	2
2535	6
2536	5
2537	5
2538	7
2539	8
2540	12
2541	8
2542	3
2543	6
2544	6
2545	6
2546	2
2547	4
2548	3
2549	5
2550	5
2551	4
2552	4
2553	6
2554	8
2555	7
2556	8
2557	7
2558	7
2559	4
2560	10
2561	11
2562	1
2563	7
2564	7
2565	3
2566	3
2567	6
2568	5
2569	8
2570	7
2571	9
2572	7
2573	12
2574	6
2575	7
2576	1
2577	3
2578	2
2579	1
2580	3
2581	9
2582	6
2583	0
2584	7
2585	7
2586	2
2587	6
2588	5
2589	4
2590	5
2591	7
2592	4
2593	4
2594	3
2595	6
2596	1
2597	5
2598	7
2599	4
2600	5
2601	7
2602	3
2603	12
2604	3
2605	6
2606	7
2607	5
2608	4
2609	4
2610	6
2611	7
2612	5
2613	10
2614	7
2615	7
2616	2
2617	4
2618	11
2619	5
2620	10
2621	4
2622	7
2623	7
2624	4
2625	3
2626	6
2627	5
2628	3
2629	7
2630	5
2631	7
2632	10
2633	7
2634	1
2635	6
2636	4
2637	10
2638	5
2639	7
2640	5
2641	5
2642	6
2643	3
2644	3
2645	3
2646	6
2647	4
2648	3
2649	4
2650	4
2651	7
2652	6
2653	4
2654	1
2655	0
2656	7
2657	5
2658	3
2659	4
2660	6
2661	1
2662	3
2663	8
2664	3
2665	2
2666	7
2667	7
2668	11
2669	4
2670	4
2671	2
2672	4
2673	8
2674	8
2675	4
2676	7
2677	6
2678	11
2679	3
2680	6
2681	5
2682	5
2683	6
2684	6
2685	5
2686	8
2687	3
2688	2
2689	5
2690	5
2691	5
2692	6
2693	7
2694	2
2695	7
2696	4
2697	5
2698	5
2699	7
2700	5
2701	10
2702	4
2703	7
2704	6
2705	4
2706	4
2707	1
2708	6
2709	3
2710	6
2711	7
2712	7
2713	1
2714	10
2715	6
2716	6
2717	3
2718	2
2719	6
2720	7
2721	6
2722	3
2723	8
2724	7
2725	8
2726	3
2727	4
2728	9
2729	9
2730	3
2731	5
2732	3
2733	9
2734	7
2735	3
2736	5
2737	6
2738	6
2739	3
2740	2
2741	4
2742	8
2743	5
2744	7
2745	9
2746	5
2747	7
2748	5
2749	2
2750	9
2751	3
2752	4
2753	6
2754	3
2755	6
2756	5
2757	5
2758	5
2759	6
2760	2
2761	5
2762	9
2763	5
2764	7
2765	4
2766	3
2767	4
2768	4
2769	7
2770	8
2771	5
2772	2
2773	5
2774	8
2775	4
2776	4
2777	2
2778	3
2779	8
2780	4
2781	7
2782	3
2783	3
2784	5
2785	6
2786	2
2787	3
2788	6
2789	3
2790	5
2791	6
2792	7
2793	6
2794	6
2795	2
2796	3
2797	7
2798	7
2799	4
2800	3
2801	3
2802	7
2803	3
2804	10
2805	8
2806	5
2807	4
2808	5
2809	4
2810	7
2811	6
2812	4
2813	5
2814	6
2815	7
2816	9
2817	2
2818	3
2819	8
2820	6
2821	8
2822	7
2823	3
2824	5
2825	5
2826	3
2827	6
2828	5
2829	6
2830	5
2831	6
2832	4
2833	5
2834	5
2835	1
2836	4
2837	6
2838	7
2839	4
2840	11
2841	2
2842	5
2843	6
2844	7
2845	4
2846	7
2847	5
2848	3
2849	5
2850	3
2851	4
2852	10
2853	7
2854	7
2855	10
2856	3
2857	5
2858	10
2859	4
2860	5
2861	6
2862	5
2863	8
2864	8
2865	7
2866	4
2867	3
2868	8
2869	6
2870	9
2871	7
2872	10
2873	9
2874	2
2875	11
2876	4
2877	5
2878	2
2879	2
2880	6
2881	5
2882	4
2883	6
2884	4
2885	2
2886	7
2887	4
2888	10
2889	3
2890	4
2891	3
2892	8
2893	2
2894	5
2895	4
2896	4
2897	4
2898	3
2899	5
2900	4
2901	7
2902	4
2903	3
2904	1
2905	7
2906	4
2907	7
2908	4
2909	8
2910	2
2911	6
2912	5
2913	3
2914	3
2915	6
2916	4
2917	8
2918	5
2919	5
2920	5
2921	8
2922	3
2923	5
2924	6
2925	6
2926	7
2927	7
2928	1
2929	2
2930	5
2931	9
2932	8
2933	8
2934	5
2935	6
2936	3
2937	9
2938	5
2939	2
2940	9
2941	6
2942	8
2943	8
2944	8
2945	9
2946	6
2947	6
2948	7
2949	7
2950	4
2951	5
2952	9
2953	4
2954	6
2955	10
2956	5
2957	7
2958	4
2959	5
2960	2
2961	4
2962	3
2963	3
2964	5
2965	2
2966	2
2967	5
2968	3
2969	3
2970	2
2971	2
2972	5
2973	5
2974	4
2975	6
2976	9
2977	2
2978	4
2979	6
2980	4
2981	4
2982	8
2983	6
2984	8
2985	5
2986	4
2987	2
2988	9
2989	3
2990	8
2991	7
2992	4
2993	7
2994	4
2995	6
2996	12
2997	6
2998	3
2999	8
3000	4
3001	4
3002	4
3003	3
3004	4
3005	9
3006	6
3007	7
3008	8
3009	4
3010	5
3011	4
3012	7
3013	9
3014	9
3015	8
3016	4
3017	3
3018	3
3019	10
3020	4
3021	4
3022	3
3023	9
3024	6
3025	2
3026	3
3027	7
3028	3
3029	3
3030	9
3031	2
3032	6
3033	5
3034	5
3035	4
3036	6
3037	4
3038	4
3039	3
3040	6
3041	5
3042	2
3043	9
3044	5
3045	6
3046	4
3047	7
3048	2
3049	2
3050	3
3051	3
3052	9
3053	7
3054	5
3055	2
3056	2
3057	4
3058	4
3059	6
3060	2
3061	3
3062	0
3063	6
3064	5
3065	3
3066	3
3067	2
3068	6
3069	2
3070	4
3071	2
3072	5
3073	3
3074	4
3075	4
3076	2
3077	9
3078	5
3079	1
3080	2
3081	4
3082	3
3083	7
3084	5
3085	5
3086	4
3087	3
3088	1
3089	4
3090	5
3091	7
3092	3
3093	6
3094	4
3095	0
3096	4
3097	6
3098	5
3099	2
3100	5
3101	1
3102	6
3103	7
3104	3
3105	1
3106	0
3107	4
3108	2
3109	3
3110	2
3111	0
3112	6
3113	4
3114	2
3115	2
3116	4
3117	3
3118	3
3119	6
3120	2
3121	6
3122	2
3123	4
3124	10
3125	6
3126	8
3127	5
3128	0
3129	2
3130	1
3131	7
3132	2
3133	2
3134	3
3135	1
3136	7
3137	6
3138	4
3139	4
3140	7
3141	8
3142	4
3143	7
3144	6
3145	3
3146	1
3147	4
3148	3
3149	6
3150	3
3151	1
3152	1
3153	3
3154	4
3155	3
3156	2
3157	2
3158	2
3159	6
3160	7
3161	3
3162	2
3163	2
3164	2
3165	5
3166	3
3167	5
3168	5
3169	5
3170	11
3171	6
3172	1
3173	5
3174	8
3175	3
3176	8
3177	3
3178	5
3179	3
3180	2
3181	3
3182	2
3183	1
3184	4
3185	2
3186	4
3187	2
3188	2
3189	5
3190	5
3191	5
3192	4
3193	3
3194	10
3195	1
3196	3
3197	3
3198	4
3199	4
3200	3
3201	2
3202	3
3203	2
3204	2
3205	5
3206	11
3207	6
3208	5
3209	7
3210	3
3211	3
3212	3
3213	4
3214	2
3215	3
3216	1
3217	6
3218	5
3219	2
3220	2
3221	3
3222	4
3223	4
3224	2
3225	7
3226	5
3227	4
3228	2
3229	1
3230	4
3231	2
3232	0
3233	4
3234	4
3235	2
3236	3
3237	5
3238	1
3239	1
3240	5
3241	3
3242	5
3243	3
3244	3
3245	4
3246	5
3247	3
3248	5
3249	1
3250	2
3251	2
3252	4
3253	5
3254	3
3255	1
3256	6
3257	0
3258	3
3259	5
3260	3
3261	3
3262	5
3263	4
3264	2
3265	4
3266	1
3267	4
3268	6
3269	6
3270	4
3271	3
3272	4
3273	2
3274	4
3275	5
3276	2
3277	4
3278	6
3279	2
3280	3
3281	2
3282	4
3283	3
3284	4
3285	3
3286	10
3287	2
3288	3
3289	1
3290	5
3291	4
3292	2
3293	4
3294	2
3295	8
3296	2
3297	5
3298	4
3299	4
3300	5
3301	2
3302	9
3303	2
3304	7
3305	4
3306	1
3307	3
3308	5
3309	4
3310	3
3311	7
3312	6
3313	4
3314	0
3315	5
3316	6
3317	5
3318	7
3319	3
3320	1
3321	4
3322	7
3323	3
3324	5
3325	2
3326	4
3327	3
3328	1
3329	4
3330	3
3331	3
3332	3
3333	7
3334	3
3335	1
3336	2
3337	2
3338	2
3339	4
3340	3
3341	4
3342	2
3343	2
3344	2
3345	5
3346	2
3347	1
3348	5
3349	5
3350	6
3351	3
3352	3
3353	2
3354	2
3355	3
3356	7
3357	2
3358	3
3359	1
3360	4
3361	3
3362	2
3363	5
3364	6
3365	6
3366	1
3367	4
3368	0
3369	5
3370	3
3371	0
3372	1
3373	3
3374	5
3375	6
3376	5
3377	0
3378	1
3379	6
3380	6
3381	7
3382	3
3383	5
3384	4
3385	5
3386	2
3387	5
3388	5
3389	0
3390	4
3391	3
3392	3
3393	8
3394	3
3395	2
3396	5
3397	3
3398	6
3399	5
3400	3
3401	1
3402	3
3403	3
3404	1
3405	4
3406	4
3407	4
3408	0
3409	2
3410	3
3411	4
3412	3
3413	4
3414	1
3415	3
3416	4
3417	2
3418	5
3419	3
3420	3
3421	3
3422	1
3423	5
3424	4
3425	4
3426	7
3427	2
3428	5
3429	0
3430	1
3431	4
3432	2
3433	3
3434	2
3435	6
3436	3
3437	3
3438	3
3439	4
3440	0
3441	6
3442	1
3443	5
3444	1
3445	8
3446	2
3447	7
3448	2
3449	5
3450	2
3451	3
3452	5
3453	2
3454	5
3455	3
3456	5
3457	7
3458	5
3459	1
3460	4
3461	6
3462	1
3463	4
3464	4
3465	4
3466	2
3467	0
3468	5
3469	4
3470	3
3471	3
3472	5
3473	6
3474	4
3475	1
3476	3
3477	1
3478	4
3479	5
3480	7
3481	6
3482	3
3483	4
3484	6
3485	5
3486	2
3487	1
3488	3
3489	2
3490	4
3491	4
3492	4
3493	7
3494	8
3495	2
3496	2
3497	2
3498	2
3499	6
3500	3
3501	2
3502	3
3503	3
3504	4
3505	4
3506	3
3507	5
3508	5
3509	3
3510	1
3511	1
3512	1
3513	4
3514	4
3515	2
3516	2
3517	4
3518	3
3519	3
3520	4
3521	2
3522	6
3523	5
3524	7
3525	1
3526	3
3527	2
3528	2
3529	2
3530	5
3531	5
3532	0
3533	3
3534	5
3535	5
3536	1
3537	1
3538	4
3539	2
3540	2
3541	0
3542	2
3543	5
3544	1
3545	3
3546	4
3547	2
3548	6
3549	5
3550	2
3551	4
3552	5
3553	3
3554	2
3555	3
3556	3
3557	4
3558	3
3559	3
3560	3
3561	5
3562	4
3563	7
3564	4
3565	3
3566	5
3567	3
3568	3
3569	7
3570	4
3571	6
3572	5
3573	1
3574	2
3575	4
3576	4
3577	6
3578	0
3579	6
3580	5
3581	4
3582	3
3583	3
3584	5
3585	3
3586	3
3587	5
3588	9
3589	6
3590	5
3591	3
3592	5
3593	6
3594	5
3595	2
3596	4
3597	3
3598	1
3599	6
3600	2
3601	2
3602	7
3603	3
3604	6
3605	3
3606	4
3607	1
3608	1
3609	4
3610	5
3611	2
3612	10
3613	4
3614	1
3615	6
3616	3
3617	5
3618	3
3619	1
3620	5
3621	2
3622	2
3623	5
3624	7
3625	3
3626	3
3627	6
3628	4
3629	3
3630	3
3631	2
3632	2
3633	2
3634	7
3635	2
3636	4
3637	3
3638	1
3639	4
3640	1
3641	0
3642	7
3643	8
3644	4
3645	3
3646	9
3647	4
3648	2
3649	7
3650	1
3651	2
3652	2
3653	4
3654	3
3655	3
3656	3
3657	5
3658	1
3659	1
3660	8
3661	4
3662	3
3663	7
3664	4
3665	0
3666	3
3667	4
3668	2
3669	5
3670	1
3671	3
3672	5
3673	5
3674	1
3675	3
3676	6
3677	1
3678	5
3679	3
3680	2
3681	1
3682	3
3683	2
3684	2
3685	3
3686	3
3687	3
3688	4
3689	2
3690	5
3691	7
3692	5
3693	3
3694	3
3695	3
3696	1
3697	3
3698	6
3699	7
3700	4
3701	3
3702	5
3703	3
3704	3
3705	3
3706	5
3707	3
3708	4
3709	2
3710	1
3711	3
3712	4
3713	1
3714	1
3715	4
3716	1
3717	4
3718	4
3719	1
3720	5
3721	1
3722	4
3723	2
3724	3
3725	3
3726	2
3727	2
3728	0
3729	2
3730	2
3731	5
3732	1
3733	4
3734	1
3735	0
3736	1
3737	2
3738	3
3739	5
3740	2
3741	6
3742	1
3743	3
3744	3
3745	4
3746	2
3747	1
3748	4
3749	5
3750	2
3751	2
3752	2
3753	2
3754	5
3755	7
3756	2
3757	1
3758	3
3759	1
3760	2
3761	1
3762	5
3763	4
3764	2
3765	4
3766	6
3767	3
3768	1
3769	3
3770	2
3771	5
3772	3
3773	5
3774	1
3775	6
3776	3
3777	4
3778	4
3779	3
3780	2
3781	2
3782	4
3783	2
3784	1
3785	3
3786	3
3787	2
3788	2
3789	6
3790	2
3791	1
3792	3
3793	6
3794	5
3795	2
3796	3
3797	4
3798	3
3799	2
3800	4
3801	2
3802	2
3803	0
3804	3
3805	2
3806	3
3807	3
3808	4
3809	4
3810	1
3811	6
3812	2
3813	7
3814	2
3815	2
3816	6
3817	2
3818	2
3819	0
3820	3
3821	5
3822	2
3823	5
3824	3
3825	4
3826	2
3827	2
3828	0
3829	3
3830	4
3831	3
3832	0
3833	4
3834	3
3835	1
3836	3
3837	0
3838	0
3839	2
3840	4
3841	4
3842	2
3843	2
3844	7
3845	4
3846	2
3847	2
3848	2
3849	4
3850	3
3851	1
3852	2
3853	2
3854	3
3855	2
3856	4
3857	4
3858	1
3859	4
3860	2
3861	7
3862	2
3863	2
3864	5
3865	4
3866	3
3867	0
3868	2
3869	4
3870	2
3871	4
3872	5
3873	1
3874	2
3875	3
3876	1
3877	1
3878	3
3879	0
3880	1
3881	2
3882	3
3883	4
3884	2
3885	1
3886	3
3887	2
3888	2
3889	5
3890	4
3891	2
3892	3
3893	4
3894	3
3895	6
3896	0
3897	2
3898	1
3899	1
3900	3
3901	1
3902	5
3903	2
3904	2
3905	2
3906	5
3907	5
3908	4
3909	2
3910	4
3911	1
3912	3
3913	2
3914	4
3915	2
3916	3
3917	4
3918	3
3919	4
3920	0
3921	3
3922	1
3923	2
3924	7
3925	1
3926	3
3927	3
3928	3
3929	1
3930	5
3931	3
3932	3
3933	1
3934	4
3935	4
3936	2
3937	0
3938	2
3939	3
3940	3
3941	4
3942	2
3943	1
3944	2
3945	1
3946	3
3947	4
3948	1
3949	4
3950	1
3951	1
3952	1
3953	1
3954	1
3955	2
3956	0
3957	0
3958	2
3959	2
3960	0
3961	2
3962	2
3963	2
3964	4
3965	3
3966	1
3967	4
3968	4
3969	2
3970	2
3971	1
3972	5
3973	3
3974	2
3975	4
3976	4
3977	3
3978	1
3979	3
3980	4
3981	2
3982	1
3983	3
3984	4
3985	5
3986	6
3987	2
3988	4
3989	3
3990	1
3991	1
3992	5
3993	1
3994	2
3995	2
3996	3
3997	4
3998	4
3999	3
4000	4
4001	5
4002	1
4003	8
4004	2
4005	6
4006	6
4007	5
4008	1
4009	3
4010	3
4011	3
4012	3
4013	1
4014	1
4015	0
4016	2
4017	7
4018	0
4019	1
4020	4
4021	3
4022	2
4023	0
4024	0
4025	1
4026	2
4027	3
4028	2
4029	4
4030	1
4031	0
4032	2
4033	2
4034	4
4035	3
4036	4
4037	2
4038	4
4039	3
4040	1
4041	4
4042	3
4043	3
4044	3
4045	3
4046	0
4047	8
4048	2
4049	2
4050	1
4051	2
4052	5
4053	3
4054	2
4055	3
4056	1
4057	0
4058	4
4059	1
4060	1
4061	1
4062	2
4063	1
4064	2
4065	0
4066	5
4067	5
4068	3
4069	1
4070	1
4071	1
4072	1
4073	5
4074	2
4075	3
4076	1
4077	4
4078	4
4079	1
4080	2
4081	2
4082	3
4083	1
4084	2
4085	3
4086	1
4087	2
4088	1
4089	2
4090	2
4091	1
4092	1
4093	1
4094	2
4095	3
4096	2
4097	1
4098	1
4099	2
4100	2
4101	1
4102	0
4103	1
4104	4
4105	1
4106	3
4107	3
4108	0
4109	4
4110	4
4111	4
4112	0
4113	2
4114	0
4115	1
4116	4
4117	2
4118	1
4119	0
4120	2
4121	1
4122	3
4123	1
4124	3
4125	2
4126	4
4127	3
4128	0
4129	1
4130	2
4131	1
4132	2
4133	2
4134	2
4135	2
4136	4
4137	0
4138	0
4139	0
4140	3
4141	1
4142	2
4143	2
4144	2
4145	3
4146	3
4147	3
4148	2
4149	3
4150	1
4151	2
4152	0
4153	2
4154	3
4155	1
4156	2
4157	0
4158	3
4159	3
4160	1
4161	2
4162	4
4163	2
4164	4
4165	2
4166	6
4167	2
4168	0
4169	3
4170	0
4171	3
4172	0
4173	4
4174	6
4175	4
4176	3
4177	7
4178	0
4179	4
4180	3
4181	2
4182	1
4183	2
4184	4
4185	4
4186	1
4187	3
4188	0
4189	3
4190	2
4191	1
4192	4
4193	4
4194	5
4195	2
4196	2
4197	1
4198	3
4199	3
4200	2
4201	0
4202	1
4203	3
4204	2
4205	0
4206	0
4207	3
4208	0
4209	5
4210	2
4211	2
4212	2
4213	1
4214	4
4215	3
4216	0
4217	3
4218	0
4219	4
4220	4
4221	1
4222	2
4223	2
4224	0
4225	3
4226	1
4227	2
4228	0
4229	2
4230	6
4231	2
4232	5
4233	1
4234	2
4235	4
4236	1
4237	4
4238	1
4239	3
4240	3
4241	3
4242	5
4243	0
4244	3
4245	2
4246	0
4247	1
4248	4
4249	2
4250	2
4251	4
4252	1
4253	3
4254	0
4255	1
4256	1
4257	2
4258	2
4259	1
4260	1
4261	0
4262	1
4263	0
4264	2
4265	1
4266	0
4267	1
4268	3
4269	3
4270	6
4271	1
4272	3
4273	1
4274	3
4275	4
4276	3
4277	1
4278	3
4279	3
4280	5
4281	4
4282	4
4283	2
4284	1
4285	2
4286	3
4287	2
4288	2
4289	3
4290	3
4291	4
4292	2
4293	1
4294	2
4295	2
4296	9
4297	1
4298	1
4299	3
4300	4
4301	6
4302	2
4303	1
4304	3
4305	3
4306	5
4307	1
4308	3
4309	7
4310	3
4311	2
4312	1
4313	2
4314	3
4315	1
4316	1
4317	3
4318	1
4319	1
4320	5
4321	2
4322	5
4323	0
4324	1
4325	0
4326	1
4327	4
4328	2
4329	2
4330	3
4331	7
4332	2
4333	2
4334	2
4335	1
4336	2
4337	4
4338	4
4339	1
4340	2
4341	0
4342	2
4343	7
4344	1
4345	3
4346	3
4347	3
4348	3
4349	2
4350	2
4351	3
4352	2
4353	2
4354	3
4355	5
4356	3
4357	0
4358	2
4359	0
4360	4
4361	2
4362	4
4363	8
4364	1
4365	3
4366	1
4367	2
4368	3
4369	4
4370	3
4371	4
4372	3
4373	3
4374	3
4375	5
4376	4
4377	3
4378	5
4379	1
4380	1
4381	4
4382	3
4383	5
4384	10
4385	4
4386	2
4387	4
4388	5
4389	5
4390	2
4391	2
4392	3
4393	2
4394	0
4395	4
4396	4
4397	7
4398	1
4399	3
4400	3
4401	4
4402	3
4403	3
4404	6
4405	4
4406	5
4407	5
4408	3
4409	4
4410	2
4411	4
4412	3
4413	4
4414	1
4415	4
4416	3
4417	6
4418	1
4419	1
4420	7
4421	5
4422	6
4423	6
4424	3
4425	2
4426	5
4427	1
4428	4
4429	3
4430	4
4431	4
4432	1
4433	1
4434	4
4435	6
4436	10
4437	4
4438	4
4439	5
4440	7
4441	2
4442	3
4443	5
4444	7
4445	4
4446	5
4447	4
4448	2
4449	3
4450	2
4451	4
4452	5
4453	4
4454	4
4455	2
4456	5
4457	3
4458	6
4459	4
4460	6
4461	6
4462	5
4463	4
4464	6
4465	5
4466	3
4467	5
4468	6
4469	5
4470	3
4471	7
4472	4
4473	5
4474	3
4475	8
4476	9
4477	5
4478	7
4479	7
4480	10
4481	7
4482	2
4483	4
4484	7
4485	5
4486	3
4487	5
4488	9
4489	6
4490	6
4491	4
4492	6
4493	5
4494	3
4495	7
4496	9
4497	4
4498	2
4499	4
4500	2
4501	5
4502	6
4503	9
4504	5
4505	6
4506	4
4507	3
4508	5
4509	3
4510	4
4511	6
4512	4
4513	5
4514	11
4515	4
4516	6
4517	5
4518	2
4519	3
4520	1
4521	4
4522	7
4523	5
4524	4
4525	3
4526	5
4527	5
4528	5
4529	6
4530	8
4531	4
4532	6
4533	5
4534	10
4535	6
4536	3
4537	5
4538	3
4539	5
4540	10
4541	5
4542	4
4543	5
4544	8
4545	10
4546	9
4547	4
4548	6
4549	8
4550	1
4551	4
4552	1
4553	3
4554	4
4555	2
4556	8
4557	8
4558	2
4559	4
4560	5
4561	5
4562	3
4563	4
4564	7
4565	9
4566	9
4567	5
4568	9
4569	4
4570	9
4571	6
4572	4
4573	7
4574	2
4575	6
4576	5
4577	8
4578	4
4579	4
4580	4
4581	4
4582	2
4583	3
4584	3
4585	6
4586	6
4587	2
4588	6
4589	2
4590	3
4591	7
4592	8
4593	6
4594	5
4595	5
4596	4
4597	2
4598	7
4599	6
4600	5
4601	2
4602	4
4603	6
4604	3
4605	7
4606	4
4607	1
4608	4
4609	5
4610	5
4611	8
4612	5
4613	5
4614	4
4615	7
4616	5
4617	3
4618	3
4619	13
4620	12
4621	2
4622	3
4623	2
4624	3
4625	6
4626	4
4627	7
4628	6
4629	2
4630	7
4631	3
4632	3
4633	3
4634	2
4635	4
4636	3
4637	2
4638	5
4639	2
4640	2
4641	4
4642	2
4643	5
4644	3
4645	4
4646	2
4647	3
4648	3
4649	5
4650	7
4651	4
4652	2
4653	5
4654	2
4655	2
4656	2
4657	3
4658	4
4659	1
4660	4
4661	1
4662	2
4663	4
4664	3
4665	3
4666	5
4667	5
4668	3
4669	1
4670	3
4671	3
4672	4
4673	1
4674	1
4675	1
4676	1
4677	0
4678	1
4679	6
4680	2
4681	5
4682	3
4683	1
4684	1
4685	2
4686	2
4687	1
4688	1
4689	4
4690	1
4691	0
4692	2
4693	3
4694	0
4695	3
4696	1
4697	3
4698	3
4699	4
4700	4
4701	4
4702	2
4703	1
4704	3
4705	3
4706	1
4707	4
4708	5
4709	5
4710	2
4711	4
4712	1
4713	3
4714	1
4715	1
4716	0
4717	1
4718	3
4719	3
4720	1
4721	1
4722	5
4723	0
4724	2
4725	0
4726	3
4727	1
4728	4
4729	4
4730	2
4731	1
4732	1
4733	0
4734	1
4735	2
4736	3
4737	0
4738	1
4739	1
4740	1
4741	1
4742	3
4743	1
4744	5
4745	3
4746	4
4747	2
4748	2
4749	1
4750	3
4751	4
4752	0
4753	1
4754	2
4755	1
4756	0
4757	1
4758	1
4759	3
4760	3
4761	0
4762	1
4763	2
4764	1
4765	0
4766	0
4767	0
4768	1
4769	1
4770	2
4771	1
4772	2
4773	0
4774	1
4775	1
4776	0
4777	0
4778	0
4779	0
4780	6
4781	0
4782	0
4783	2
4784	1
4785	1
4786	2
4787	1
4788	0
4789	1
4790	2
4791	1
4792	1
4793	0
4794	2
4795	0
4796	1
4797	2
4798	0
4799	0
4800	0
4801	1
4802	1
4803	1
4804	1
4805	1
4806	3
4807	1
4808	1
4809	1
4810	1
4811	1
4812	1
4813	2
4814	2
4815	0
4816	0
4817	1
4818	0
4819	1
4820	1
4821	1
4822	2
4823	2
4824	1
4825	0
4826	0
4827	0
4828	2
4829	1
4830	1
4831	1
4832	0
4833	2
4834	1
4835	1
4836	0
4837	4
4838	0
4839	3
4840	0
4841	1
4842	2
4843	2
4844	0
4845	2
4846	1
4847	2
4848	1
4849	0
4850	0
4851	1
4852	0
4853	0
4854	3
4855	0
4856	1
4857	2
4858	0
4859	1
4860	1
4861	0
4862	1
4863	2
4864	0
4865	0
4866	2
4867	2
4868	1
4869	1
4870	0
4871	0
4872	2
4873	0
4874	1
4875	0
4876	1
4877	1
4878	1
4879	1
4880	0
4881	1
4882	1
4883	1
4884	0
4885	0
4886	0
4887	1
4888	0
4889	2
4890	0
4891	1
4892	0
4893	3
4894	1
4895	2
4896	0
4897	1
4898	0
4899	1
4900	0
4901	0
4902	1
4903	0
4904	0
4905	1
4906	3
4907	0
4908	1
4909	0
4910	0
4911	0
4912	1
4913	2
4914	2
4915	1
4916	1
4917	1
4918	2
4919	0
4920	0
4921	1
4922	0
4923	1
4924	4
4925	0
4926	0
4927	2
4928	0
4929	0
4930	1
4931	1
4932	1
4933	2
4934	2
4935	0
4936	1
4937	0
4938	0
4939	0
4940	0
4941	0
4942	1
4943	4
4944	1
4945	1
4946	3
4947	2
4948	2
4949	0
4950	0
4951	0
4952	1
4953	3
4954	2
4955	1
4956	0
4957	0
4958	2
4959	3
4960	1
4961	1
4962	0
4963	0
4964	0
4965	1
4966	0
4967	0
4968	0
4969	1
4970	2
4971	0
4972	0
4973	1
4974	0
4975	0
4976	2
4977	1
4978	0
4979	1
4980	1
4981	0
4982	0
4983	2
4984	2
4985	0
4986	1
4987	0
4988	0
4989	1
4990	0
4991	0
4992	0
4993	0
4994	0
4995	0
4996	1
4997	0
4998	0
4999	0
5000	1
5001	2
5002	0
5003	0
5004	0
5005	1
5006	1
5007	0
5008	1
5009	1
5010	2
5011	3
5012	0
5013	0
5014	3
5015	0
5016	0
5017	0
5018	0
5019	0
5020	1
5021	0
5022	0
5023	1
5024	1
5025	1
5026	0
5027	1
5028	2
5029	0
5030	0
5031	0
5032	1
5033	0
5034	0
5035	1
5036	1
5037	0
5038	0
5039	1
5040	0
5041	1
5042	1
5043	0
5044	0
5045	2
5046	0
5047	1
5048	0
5049	2
5050	1
5051	1
5052	0
5053	0
5054	1
5055	1
5056	1
5057	1
5058	0
5059	0
5060	0
5061	0
5062	0
5063	0
5064	0
5065	2
5066	2
5067	1
5068	0
5069	1
5070	0
5071	3
5072	1
5073	0
5074	0
5075	0
5076	0
5077	1
5078	0
5079	0
5080	1
5081	2
5082	0
5083	1
5084	1
5085	1
5086	0
5087	1
5088	0
5089	1
5090	0
5091	1
5092	0
5093	2
5094	0
5095	1
5096	2
5097	0
5098	0
5099	0
5100	0
5101	1
5102	3
5103	2
5104	0
5105	1
5106	1
5107	0
5108	0
5109	1
5110	1
5111	1
5112	0
5113	0
5114	1
5115	2
5116	0
5117	0
5118	0
5119	1
5120	0
5121	0
5122	1
5123	0
5124	0
5125	2
5126	0
5127	1
5128	3
5129	0
5130	1
5131	0
5132	1
5133	0
5134	0
5135	1
5136	0
5137	0
5138	0
5139	1
5140	1
5141	0
5142	1
5143	0
5144	1
5145	1
5146	1
5147	1
5148	2
5149	0
5150	0
5151	0
5152	0
5153	0
5154	1
5155	2
5156	0
5157	1
5158	0
5159	0
5160	0
5161	1
5162	1
5163	0
5164	0
5165	1
5166	0
5167	1
5168	0
5169	0
5170	0
5171	0
5172	1
5173	0
5174	0
5175	2
5176	1
5177	1
5178	1
5179	1
5180	0
5181	0
5182	1
5183	0
5184	0
5185	0
5186	1
5187	1
5188	1
5189	1
5190	0
5191	3
5192	2
5193	1
5194	2
5195	1
5196	2
5197	0
5198	0
5199	0
5200	3
5201	2
5202	0
5203	2
5204	1
5205	0
5206	0
5207	0
5208	1
5209	2
5210	0
5211	2
5212	3
5213	2
5214	2
5215	1
5216	0
5217	1
5218	2
5219	0
5220	0
5221	2
5222	0
5223	4
5224	0
5225	4
5226	1
5227	1
5228	1
5229	0
5230	3
5231	1
5232	2
5233	0
5234	2
5235	0
5236	0
5237	3
5238	0
5239	2
5240	2
5241	1
5242	0
5243	0
5244	2
5245	2
5246	1
5247	0
5248	1
5249	0
5250	0
5251	0
5252	2
5253	0
5254	1
5255	0
5256	2
5257	1
5258	1
5259	0
5260	0
5261	0
5262	1
5263	1
5264	0
5265	0
5266	0
5267	1
5268	0
5269	1
5270	1
5271	1
5272	2
5273	0
5274	1
5275	1
5276	0
5277	1
5278	1
5279	0
5280	1
5281	1
5282	1
5283	1
5284	1
5285	0
5286	1
5287	2
5288	0
5289	3
5290	2
5291	0
5292	0
5293	0
5294	0
5295	0
5296	1
5297	0
5298	0
5299	0
5300	1
5301	2
5302	0
5303	0
5304	1
5305	0
5306	1
5307	0
5308	0
5309	3
5310	0
5311	1
5312	1
5313	0
5314	1
5315	0
5316	0
5317	0
5318	0
5319	1
5320	0
5321	0
5322	0
5323	1
5324	0
5325	1
5326	0
5327	0
5328	1
5329	0
5330	0
5331	1
5332	0
5333	4
5334	0
5335	1
5336	2
5337	3
5338	2
5339	0
5340	2
5341	0
5342	1
5343	2
5344	0
5345	1
5346	0
5347	0
5348	1
5349	1
5350	2
5351	0
5352	0
5353	2
5354	0
5355	0
5356	0
5357	1
5358	1
5359	0
5360	2
5361	1
5362	2
5363	0
5364	1
5365	0
5366	1
5367	1
5368	0
5369	0
5370	2
5371	0
5372	0
5373	1
5374	0
5375	3
5376	1
5377	1
5378	1
5379	0
5380	0
5381	0
5382	0
5383	2
5384	0
5385	0
5386	0
5387	1
5388	0
5389	0
5390	0
5391	4
5392	0
5393	1
5394	3
5395	0
5396	1
5397	1
5398	1
5399	1
5400	0
5401	0
5402	0
5403	2
5404	0
5405	1
5406	2
5407	2
5408	0
5409	0
5410	1
5411	0
5412	1
5413	1
5414	1
5415	4
5416	0
5417	0
5418	0
5419	0
5420	1
5421	2
5422	1
5423	0
5424	0
5425	0
5426	0
5427	1
5428	2
5429	0
5430	1
5431	0
5432	2
5433	1
5434	0
5435	1
5436	1
5437	2
5438	1
5439	0
5440	0
5441	1
5442	2
5443	0
5444	1
5445	0
5446	1
5447	0
5448	4
5449	0
5450	1
5451	2
5452	2
5453	0
5454	0
5455	1
5456	1
5457	3
5458	2
5459	5
5460	1
5461	0
5462	0
5463	1
5464	0
5465	4
5466	3
5467	2
5468	0
5469	0
5470	0
5471	2
5472	0
5473	0
5474	1
5475	1
5476	1
5477	0
5478	0
5479	2
5480	1
5481	2
5482	4
5483	2
5484	0
5485	1
5486	1
5487	1
5488	1
5489	1
5490	0
5491	1
5492	1
5493	0
5494	1
5495	0
5496	2
5497	1
5498	0
5499	1
5500	0
5501	1
5502	0
5503	1
5504	1
5505	1
5506	0
5507	0
5508	0
5509	1
5510	2
5511	1
5512	0
5513	1
5514	3
5515	0
5516	2
5517	1
5518	2
5519	1
5520	1
5521	0
5522	0
5523	0
5524	1
5525	0
5526	0
5527	1
5528	0
5529	1
5530	2
5531	1
5532	0
5533	1
5534	1
5535	0
5536	2
5537	2
5538	0
5539	1
5540	0
5541	0
5542	3
5543	1
5544	0
5545	0
5546	0
5547	0
5548	0
5549	0
5550	0
5551	0
5552	0
5553	0
5554	1
5555	1
5556	0
5557	1
5558	2
5559	1
5560	0
5561	0
5562	1
5563	2
5564	1
5565	0
5566	0
5567	2
5568	1
5569	0
5570	0
5571	1
5572	2
5573	0
5574	1
5575	0
5576	2
5577	0
5578	2
5579	0
5580	1
5581	2
5582	0
5583	0
5584	2
5585	1
5586	1
5587	1
5588	1
5589	1
5590	1
5591	2
5592	0
5593	0
5594	1
5595	0
5596	2
5597	1
5598	0
5599	2
5600	0
5601	1
5602	1
5603	2
5604	2
5605	0
5606	1
5607	0
5608	1
5609	1
5610	0
5611	1
5612	0
5613	0
5614	0
5615	0
5616	0
5617	1
5618	1
5619	1
5620	1
5621	0
5622	2
5623	0
5624	3
5625	0
5626	0
5627	1
5628	1
5629	1
5630	1
5631	2
5632	1
5633	0
5634	0
5635	0
5636	1
5637	0
5638	1
5639	0
5640	0
5641	1
5642	0
5643	1
5644	0
5645	0
5646	1
5647	2
5648	1
5649	0
5650	1
5651	0
5652	0
5653	0
5654	2
5655	0
5656	1
5657	1
5658	0
5659	0
5660	2
5661	0
5662	2
5663	0
5664	0
5665	0
5666	0
5667	1
5668	0
5669	0
5670	1
5671	0
5672	1
5673	0
5674	1
5675	0
5676	0
5677	0
5678	1
5679	0
5680	2
5681	1
5682	0
5683	1
5684	1
5685	0
5686	0
5687	1
5688	0
5689	0
5690	1
5691	1
5692	2
5693	0
5694	1
5695	0
5696	2
5697	0
5698	0
5699	0
5700	1
5701	0
5702	0
5703	0
5704	0
5705	1
5706	1
5707	1
5708	0
5709	0
5710	0
5711	1
5712	0
5713	1
5714	0
5715	0
5716	0
5717	2
5718	0
5719	0
5720	0
5721	0
5722	0
5723	0
5724	1
5725	1
5726	3
5727	3
5728	0
5729	0
5730	0
5731	1
5732	0
5733	0
5734	0
5735	0
5736	0
5737	0
5738	0
5739	0
5740	1
5741	1
5742	0
5743	1
5744	0
5745	1
5746	0
5747	0
5748	1
5749	0
5750	0
5751	1
5752	0
5753	0
5754	1
5755	0
5756	0
5757	2
5758	0
5759	0
5760	1
5761	0
5762	1
5763	0
5764	1
5765	2
5766	1
5767	0
5768	1
5769	0
5770	0
5771	0
5772	0
5773	0
5774	0
5775	0
5776	2
5777	0
5778	0
5779	0
5780	0
5781	1
5782	1
5783	0
5784	0
5785	0
5786	0
5787	0
5788	0
5789	0
5790	0
5791	1
5792	0
5793	0
5794	0
5795	0
5796	0
5797	2
5798	0
5799	1
5800	0
5801	0
5802	0
5803	0
5804	0
5805	0
5806	1
5807	0
5808	0
5809	0
5810	0
5811	0
5812	1
5813	0
5814	0
5815	0
5816	0
5817	1
5818	1
5819	0
5820	1
5821	0
5822	0
5823	1
5824	1
5825	1
5826	0
5827	1
5828	0
5829	0
5830	0
5831	1
5832	0
5833	0
5834	0
5835	0
5836	0
5837	0
5838	0
5839	0
5840	1
5841	1
5842	0
5843	1
5844	1
5845	0
5846	0
5847	0
5848	0
5849	0
5850	0
5851	1
5852	0
5853	2
5854	2
5855	0
5856	1
5857	0
5858	0
5859	0
5860	0
5861	0
5862	1
5863	0
5864	0
5865	0
5866	1
5867	0
5868	1
5869	1
5870	0
5871	0
5872	1
5873	0
5874	1
5875	0
5876	0
5877	0
5878	0
5879	0
5880	0
5881	0
5882	0
5883	0
5884	1
5885	1
5886	0
5887	2
5888	1
5889	0
5890	0
5891	1
5892	1
5893	1
5894	1
5895	1
5896	0
5897	0
5898	1
5899	0
5900	0
5901	0
5902	0
5903	0
5904	0
5905	1
5906	0
5907	0
5908	1
5909	1
5910	0
5911	0
5912	1
5913	0
5914	1
5915	2
5916	1
5917	0
5918	1
5919	0
5920	0
5921	1
5922	0
5923	0
5924	0
5925	0
5926	0
5927	1
5928	0
5929	0
5930	0
5931	0
5932	0
5933	0
5934	0
5935	0
5936	1
5937	0
5938	1
5939	0
5940	0
5941	0
5942	1
5943	1
5944	0
5945	1
5946	0
5947	0
5948	0
5949	0
5950	0
5951	0
5952	0
5953	0
5954	1
5955	0
5956	0
5957	1
5958	0
5959	0
5960	0
5961	0
5962	1
5963	0
5964	0
5965	0
5966	0
5967	0
5968	0
5969	2
5970	2
5971	0
5972	0
5973	0
5974	2
5975	0
5976	0
5977	0
5978	1
5979	0
5980	0
5981	1
5982	0
5983	0
5984	0
5985	0
5986	0
5987	1
5988	2
5989	1
5990	0
5991	0
5992	0
5993	3
5994	0
5995	1
5996	3
5997	0
5998	0
5999	0
6000	0
6001	1
6002	1
6003	0
6004	0
6005	1
6006	0
6007	0
6008	0
6009	2
6010	1
6011	0
6012	1
6013	1
6014	0
6015	1
6016	1
6017	2
6018	0
6019	0
6020	0
6021	1
6022	0
6023	0
6024	1
6025	0
6026	0
6027	1
6028	1
6029	0
6030	2
6031	0
6032	1
6033	0
6034	0
6035	0
6036	0
6037	0
6038	1
6039	0
6040	2
6041	0
6042	0
6043	0
6044	0
6045	0
6046	0
6047	1
6048	0
6049	0
6050	1
6051	1
6052	0
6053	0
6054	1
6055	0
6056	0
6057	0
6058	0
6059	1
6060	2
6061	0
6062	0
6063	1
6064	1
6065	0
6066	1
6067	0
6068	1
6069	1
6070	0
6071	2
6072	1
6073	0
6074	0
6075	0
6076	0
6077	0
6078	0
6079	0
6080	1
6081	0
6082	0
6083	0
6084	1
6085	0
6086	0
6087	1
6088	0
6089	0
6090	0
6091	0
6092	0
6093	1
6094	1
6095	1
6096	0
6097	0
6098	0
6099	0
6100	0
6101	0
6102	0
6103	0
6104	1
6105	1
6106	0
6107	1
6108	0
6109	1
6110	0
6111	2
6112	0
6113	1
6114	1
6115	0
6116	0
6117	0
6118	0
6119	1
6120	0
6121	0
6122	0
6123	0
6124	0
6125	0
6126	1
6127	0
6128	0
6129	0
6130	0
6131	0
6132	0
6133	0
6134	0
6135	1
6136	0
6137	0
6138	0
6139	1
6140	0
6141	1
6142	0
6143	0
6144	1
6145	2
6146	0
6147	1
6148	0
6149	0
6150	2
6151	1
6152	0
6153	0
6154	0
6155	0
6156	0
6157	0
6158	1
6159	1
6160	0
6161	1
6162	0
6163	0
6164	1
6165	1
6166	1
6167	0
6168	0
6169	1
6170	0
6171	0
6172	0
6173	0
6174	1
6175	1
6176	1
6177	2
6178	0
6179	0
6180	0
6181	0
6182	1
6183	1
6184	0
6185	0
6186	0
6187	0
6188	0
6189	0
6190	0
6191	1
6192	0
6193	0
6194	0
6195	0
6196	0
6197	1
6198	1
6199	1
6200	1
6201	0
6202	3
6203	0
6204	1
6205	0
6206	0
6207	0
6208	0
6209	0
6210	0
6211	1
6212	2
6213	0
6214	0
6215	0
6216	0
6217	0
6218	0
6219	1
6220	0
6221	0
6222	0
6223	0
6224	0
6225	0
6226	0
6227	0
6228	0
6229	0
6230	0
6231	0
6232	1
6233	0
6234	1
6235	0
6236	0
6237	0
6238	0
6239	0
6240	0
6241	0
6242	0
6243	0
6244	0
6245	0
6246	0
6247	0
6248	0
6249	0
6250	0
6251	1
6252	0
6253	1
6254	0
6255	0
6256	0
6257	1
6258	0
6259	0
6260	0
6261	1
6262	0
6263	0
6264	0
6265	0
6266	0
6267	1
6268	0
6269	0
6270	0
6271	0
6272	1
6273	1
6274	0
6275	0
6276	1
6277	1
6278	1
6279	0
6280	1
6281	0
6282	2
6283	1
6284	0
6285	0
6286	0
6287	0
6288	0
6289	1
6290	0
6291	0
6292	2
6293	1
6294	0
6295	0
6296	0
6297	1
6298	0
6299	0
6300	0
6301	0
6302	0
6303	1
6304	0
6305	0
6306	0
6307	0
6308	1
6309	0
6310	0
6311	0
6312	0
6313	0
6314	0
6315	1
6316	1
6317	1
6318	1
6319	0
6320	0
6321	1
6322	0
6323	0
6324	1
6325	0
6326	1
6327	1
6328	1
6329	0
6330	1
6331	0
6332	0
6333	0
6334	0
6335	0
6336	1
6337	1
6338	1
6339	0
6340	1
6341	0
6342	0
6343	0
6344	0
6345	1
6346	0
6347	1
6348	0
6349	0
6350	1
6351	0
6352	0
6353	0
6354	0
6355	1
6356	0
6357	0
6358	1
6359	0
6360	0
6361	0
6362	0
6363	0
6364	0
6365	0
6366	1
6367	1
6368	1
6369	1
6370	0
6371	1
6372	0
6373	1
6374	1
6375	2
6376	1
6377	0
6378	0
6379	0
6380	0
6381	1
6382	0
6383	0
6384	1
6385	0
6386	0
6387	0
6388	0
6389	1
6390	0
6391	1
6392	0
6393	0
6394	2
6395	0
6396	0
6397	1
6398	0
6399	0
6400	1
6401	0
6402	0
6403	1
6404	1
6405	1
6406	0
6407	0
6408	0
6409	0
6410	1
6411	0
6412	1
6413	0
6414	1
6415	0
6416	0
6417	0
6418	0
6419	0
6420	1
6421	0
6422	3
6423	0
6424	1
6425	0
6426	0
6427	0
6428	1
6429	1
6430	0
6431	1
6432	0
6433	0
6434	0
6435	1
6436	1
6437	0
6438	0
6439	1
6440	1
6441	1
6442	0
6443	0
6444	1
6445	0
6446	0
6447	0
6448	0
6449	2
6450	1
6451	0
6452	0
6453	1
6454	2
6455	3
6456	0
6457	0
6458	0
6459	1
6460	0
6461	0
6462	1
6463	0
6464	0
6465	1
6466	0
6467	1
6468	1
6469	0
6470	0
6471	0
6472	0
6473	0
6474	2
6475	2
6476	0
6477	0
6478	1
6479	0
6480	0
6481	0
6482	1
6483	0
6484	0
6485	0
6486	1
6487	1
6488	1
6489	0
6490	0
6491	2
6492	0
6493	0
6494	1
6495	2
6496	0
6497	0
6498	0
6499	0
6500	1
6501	1
6502	2
6503	0
6504	0
6505	1
6506	0
6507	1
6508	1
6509	1
6510	0
6511	0
6512	1
6513	1
6514	0
6515	0
6516	2
6517	0
6518	1
6519	0
6520	0
6521	0
6522	1
6523	0
6524	0
6525	0
6526	1
6527	0
6528	0
6529	0
6530	0
6531	0
6532	1
6533	1
6534	0
6535	1
6536	0
6537	1
6538	1
6539	0
6540	0
6541	2
6542	0
6543	0
6544	0
6545	1
6546	1
6547	0
6548	1
6549	1
6550	1
6551	0
6552	2
6553	2
6554	0
6555	1
6556	0
6557	0
6558	1
6559	0
6560	0
6561	0
6562	0
6563	2
6564	0
6565	0
6566	0
6567	1
6568	0
6569	1
6570	1
6571	0
6572	0
6573	2
6574	0
6575	0
6576	0
6577	0
6578	0
6579	0
6580	1
6581	0
6582	0
6583	0
6584	0
6585	1
6586	0
6587	1
6588	0
6589	1
6590	2
6591	1
6592	0
6593	2
6594	0
6595	0
6596	0
6597	0
6598	0
6599	0
6600	0
6601	0
6602	1
6603	0
6604	2
6605	0
6606	0
6607	0
6608	0
6609	0
6610	1
6611	0
6612	0
6613	1
6614	0
6615	0
6616	0
6617	0
6618	0
6619	1
6620	0
6621	0
6622	0
6623	0
6624	2
6625	1
6626	0
6627	2
6628	0
6629	0
6630	1
6631	1
6632	1
6633	0
6634	0
6635	1
6636	1
6637	0
6638	0
6639	0
6640	0
6641	0
6642	0
6643	2
6644	0
6645	1
6646	0
6647	0
6648	1
6649	2
6650	1
6651	0
6652	0
6653	1
6654	0
6655	0
6656	0
6657	0
6658	1
6659	1
6660	0
6661	1
6662	2
6663	0
6664	0
6665	0
6666	1
6667	0
6668	0
6669	0
6670	0
6671	1
6672	1
6673	1
6674	0
6675	0
6676	1
6677	1
6678	0
6679	0
6680	1
6681	0
6682	0
6683	2
6684	0
6685	1
6686	0
6687	0
6688	2
6689	0
6690	1
6691	1
6692	2
6693	0
6694	0
6695	0
6696	0
6697	0
6698	0
6699	0
6700	2
6701	0
6702	0
6703	0
6704	0
6705	1
6706	0
6707	1
6708	3
6709	0
6710	0
6711	1
6712	1
6713	0
6714	1
6715	0
6716	1
6717	0
6718	0
6719	2
6720	0
6721	2
6722	2
6723	0
6724	0
6725	0
6726	0
6727	0
6728	1
6729	0
6730	1
6731	0
6732	0
6733	0
6734	1
6735	1
6736	0
6737	0
6738	0
6739	0
6740	0
6741	0
6742	0
6743	0
6744	1
6745	1
6746	0
6747	0
6748	0
6749	1
6750	1
6751	0
6752	0
6753	2
6754	0
6755	0
6756	0
6757	0
6758	1
6759	0
6760	1
6761	0
6762	1
6763	0
6764	0
6765	0
6766	0
6767	0
6768	0
6769	2
6770	1
6771	0
6772	0
6773	0
6774	1
6775	0
6776	0
6777	0
6778	0
6779	0
6780	0
6781	0
6782	0
6783	0
6784	0
6785	0
6786	0
6787	0
6788	0
6789	2
6790	0
6791	0
6792	0
6793	0
6794	1
6795	0
6796	1
6797	0
6798	0
6799	0
6800	0
6801	0
6802	0
6803	0
6804	1
6805	1
6806	0
6807	0
6808	0
6809	1
6810	0
6811	0
6812	1
6813	0
6814	0
6815	0
6816	1
6817	2
6818	1
6819	0
6820	0
6821	1
6822	0
6823	1
6824	0
6825	1
6826	1
6827	0
6828	0
6829	0
6830	0
6831	0
6832	1
6833	1
6834	0
6835	0
6836	0
6837	0
6838	0
6839	1
6840	0
6841	1
6842	0
6843	0
6844	0
6845	1
6846	0
6847	1
6848	1
6849	2
6850	1
6851	0
6852	2
6853	0
6854	0
6855	0
6856	0
6857	0
6858	0
6859	1
6860	0
6861	0
6862	0
6863	1
6864	2
6865	0
6866	1
6867	0
6868	1
6869	0
6870	1
6871	1
6872	2
6873	1
6874	0
6875	0
6876	0
6877	0
6878	1
6879	3
6880	1
6881	1
6882	0
6883	0
6884	0
6885	0
6886	1
6887	0
6888	0
6889	0
6890	0
6891	1
6892	1
6893	0
6894	0
6895	0
6896	0
6897	0
6898	1
6899	0
6900	0
6901	0
6902	0
6903	1
6904	0
6905	1
6906	0
6907	0
6908	0
6909	0
6910	2
6911	0
6912	0
6913	1
6914	1
6915	0
6916	0
6917	1
6918	1
6919	0
6920	2
6921	0
6922	0
6923	0
6924	1
6925	0
6926	0
6927	0
6928	0
6929	0
6930	0
6931	0
6932	0
6933	0
6934	0
6935	0
6936	0
6937	0
6938	2
6939	0
6940	2
6941	1
6942	0
6943	1
6944	1
6945	0
6946	0
6947	0
6948	0
6949	0
6950	0
6951	1
6952	0
6953	0
6954	1
6955	0
6956	1
6957	2
6958	0
6959	0
6960	1
6961	0
6962	1
6963	1
6964	0
6965	0
6966	0
6967	0
6968	0
6969	0
6970	0
6971	1
6972	1
6973	0
6974	0
6975	0
6976	0
6977	1
6978	0
6979	0
6980	0
6981	2
6982	0
6983	1
6984	1
6985	0
6986	1
6987	0
6988	0
6989	0
6990	0
6991	0
6992	0
6993	0
6994	1
6995	0
6996	0
6997	1
6998	1
6999	0
7000	0
7001	0
7002	0
7003	0
7004	0
7005	0
7006	1
7007	0
7008	0
7009	0
7010	1
7011	0
7012	0
7013	1
7014	0
7015	0
7016	0
7017	0
7018	0
7019	0
7020	0
7021	0
7022	0
7023	1
7024	0
7025	0
7026	0
7027	0
7028	0
7029	0
7030	0
7031	0
7032	0
7033	0
7034	1
7035	0
7036	0
7037	0
7038	0
7039	0
7040	1
7041	2
7042	0
7043	0
7044	0
7045	2
7046	1
7047	1
7048	0
7049	0
7050	1
7051	0
7052	0
7053	0
7054	0
7055	0
7056	0
7057	0
7058	0
7059	0
7060	0
7061	1
7062	0
7063	1
7064	2
7065	1
7066	0
7067	2
7068	0
7069	0
7070	1
7071	1
7072	2
7073	0
7074	0
7075	1
7076	1
7077	0
7078	0
7079	0
7080	0
7081	1
7082	0
7083	0
7084	2
7085	2
7086	0
7087	0
7088	2
7089	0
7090	1
7091	0
7092	0
7093	0
7094	1
7095	0
7096	0
7097	0
7098	0
7099	0
7100	2
7101	1
7102	1
7103	1
7104	0
7105	0
7106	0
7107	0
7108	0
7109	0
7110	1
7111	0
7112	0
7113	0
7114	0
7115	0
7116	0
7117	0
7118	0
7119	0
7120	0
7121	0
7122	0
7123	0
7124	0
7125	0
7126	0
7127	1
7128	1
7129	0
7130	0
7131	1
7132	0
7133	0
7134	0
7135	0
7136	0
7137	1
7138	0
7139	0
7140	0
7141	0
7142	0
7143	1
7144	0
7145	1
7146	0
7147	1
7148	0
7149	0
7150	0
7151	0
7152	1
7153	1
7154	0
7155	0
7156	1
7157	1
7158	1
7159	0
7160	0
7161	0
7162	0
7163	0
7164	0
7165	0
7166	1
7167	0
7168	1
7169	0
7170	0
7171	0
7172	0
7173	0
7174	0
7175	0
7176	0
7177	1
7178	0
7179	1
7180	1
7181	0
7182	0
7183	1
7184	1
7185	1
7186	0
7187	0
7188	0
7189	0
7190	0
7191	0
7192	0
7193	0
7194	1
7195	0
7196	0
7197	1
7198	0
7199	0
7200	0
7201	0
7202	1
7203	0
7204	0
7205	0
7206	1
7207	0
7208	0
7209	0
7210	0
7211	1
7212	0
7213	0
7214	0
7215	1
7216	0
7217	0
7218	0
7219	1
7220	0
7221	0
7222	1
7223	2
7224	0
7225	0
7226	0
7227	2
7228	0
7229	0
7230	0
7231	1
7232	0
7233	1
7234	1
7235	0
7236	0
7237	0
7238	0
7239	0
7240	0
7241	1
7242	0
7243	0
7244	0
7245	1
7246	0
7247	1
7248	1
7249	0
7250	0
7251	1
7252	0
7253	0
7254	0
7255	0
7256	0
7257	0
7258	0
7259	0
7260	0
7261	0
7262	0
7263	0
7264	0
7265	0
7266	0
7267	0
7268	1
7269	0
7270	0
7271	0
7272	0
7273	0
7274	1
7275	0
7276	1
7277	0
7278	0
7279	2
7280	1
7281	1
7282	0
7283	1
7284	1
7285	0
7286	0
7287	0
7288	0
7289	0
7290	0
7291	0
7292	0
7293	1
7294	1
7295	0
7296	0
7297	1
7298	1
7299	0
7300	1
7301	0
7302	0
7303	1
7304	1
7305	0
7306	0
7307	0
7308	0
7309	0
7310	2
7311	1
7312	0
7313	1
7314	1
7315	1
7316	0
7317	0
7318	0
7319	0
7320	0
7321	0
7322	0
7323	0
7324	0
7325	0
7326	0
7327	1
7328	0
7329	1
7330	0
7331	1
7332	0
7333	1
7334	0
7335	0
7336	0
7337	0
7338	0
7339	1
7340	0
7341	0
7342	1
7343	0
7344	0
7345	0
7346	2
7347	0
7348	0
7349	0
7350	0
7351	0
7352	0
7353	1
7354	0
7355	0
7356	0
7357	1
7358	0
7359	0
7360	0
7361	0
7362	0
7363	0
7364	1
7365	0
7366	0
7367	0
7368	0
7369	0
7370	0
7371	0
7372	0
7373	0
7374	0
7375	1
7376	1
7377	0
7378	0
7379	0
7380	0
7381	0
7382	0
7383	0
7384	1
7385	1
7386	0
7387	0
7388	0
7389	0
7390	0
7391	0
7392	0
7393	0
7394	0
7395	0
7396	0
7397	0
7398	0
7399	0
7400	0
7401	1
7402	0
7403	1
7404	0
7405	0
7406	0
7407	2
7408	0
7409	1
7410	0
7411	1
7412	1
7413	0
7414	1
7415	0
7416	0
7417	0
7418	0
7419	0
7420	0
7421	0
7422	0
7423	1
7424	0
7425	0
7426	0
7427	0
7428	2
7429	0
7430	0
7431	0
7432	0
7433	0
7434	0
7435	1
7436	0
7437	1
7438	0
7439	0
7440	0
7441	0
7442	0
7443	0
7444	0
7445	0
7446	0
7447	0
7448	0
7449	0
7450	1
7451	0
7452	0
7453	0
7454	0
7455	0
7456	1
7457	0
7458	0
7459	1
7460	0
7461	1
7462	0
7463	0
7464	0
7465	0
7466	0
7467	0
7468	0
7469	0
7470	0
7471	0
7472	0
7473	0
7474	0
7475	2
7476	1
7477	0
7478	0
7479	0
7480	0
7481	0
7482	0
7483	0
7484	0
7485	0
7486	0
7487	0
7488	0
7489	0
7490	1
7491	0
7492	0
7493	0
7494	0
7495	1
7496	1
7497	0
7498	0
7499	1
7500	0
7501	3
7502	0
7503	0
7504	0
7505	0
7506	1
7507	0
7508	1
7509	1
7510	0
7511	0
7512	0
7513	1
7514	1
7515	1
7516	0
7517	2
7518	0
7519	0
7520	0
7521	0
7522	1
7523	0
7524	0
7525	1
7526	0
7527	1
7528	0
7529	0
7530	0
7531	0
7532	1
7533	0
7534	1
7535	0
7536	0
7537	0
7538	0
7539	0
7540	0
7541	0
7542	0
7543	0
7544	0
7545	0
7546	0
7547	0
7548	1
7549	0
7550	1
7551	0
7552	0
7553	0
7554	0
7555	0
7556	0
7557	0
7558	0
7559	0
7560	2
7561	0
7562	0
7563	0
7564	1
7565	0
7566	2
7567	0
7568	0
7569	0
7570	0
7571	1
7572	0
7573	0
7574	0
7575	0
7576	0
7577	0
7578	0
7579	2
7580	1
7581	0
7582	0
7583	0
7584	0
7585	0
7586	0
7587	0
7588	0
7589	1
7590	0
7591	0
7592	0
7593	0
7594	0
7595	0
7596	1
7597	0
7598	0
7599	0
7600	0
7601	0
7602	0
7603	0
7604	0
7605	0
7606	0
7607	1
7608	0
7609	0
7610	0
7611	0
7612	2
7613	0
7614	0
7615	0
7616	0
7617	0
7618	0
7619	0
7620	1
7621	0
7622	0
7623	0
7624	0
7625	0
7626	1
7627	0
7628	0
7629	2
7630	1
7631	0
7632	0
7633	0
7634	0
7635	0
7636	0
7637	0
7638	0
7639	0
7640	0
7641	0
7642	1
7643	1
7644	0
7645	0
7646	0
7647	0
7648	0
7649	0
7650	0
7651	0
7652	1
7653	0
7654	0
7655	0
7656	1
7657	0
7658	0
7659	0
7660	0
7661	0
7662	1
7663	0
7664	0
7665	1
7666	0
7667	1
7668	1
7669	0
7670	0
7671	1
7672	0
7673	0
7674	2
7675	0
7676	0
7677	1
7678	0
7679	1
7680	0
7681	0
7682	0
7683	0
7684	1
7685	0
7686	0
7687	0
7688	0
7689	0
7690	0
7691	0
7692	0
7693	0
7694	1
7695	0
7696	1
7697	0
7698	0
7699	0
7700	0
7701	0
7702	0
7703	0
7704	0
7705	0
7706	0
7707	2
7708	0
7709	1
7710	1
7711	0
7712	1
7713	1
7714	0
7715	0
7716	0
7717	1
7718	0
7719	0
7720	0
7721	0
7722	0
7723	0
7724	0
7725	0
7726	0
7727	0
7728	0
7729	0
7730	0
7731	0
7732	0
7733	0
7734	0
7735	0
7736	0
7737	1
7738	0
7739	1
7740	1
7741	0
7742	1
7743	0
7744	0
7745	0
7746	0
7747	0
7748	0
7749	0
7750	0
7751	0
7752	1
7753	0
7754	0
7755	0
7756	1
7757	0
7758	1
7759	0
7760	0
7761	1
7762	0
7763	1
7764	0
7765	0
7766	0
7767	0
7768	1
7769	1
7770	1
7771	0
7772	2
7773	0
7774	0
7775	1
7776	0
7777	1
7778	0
7779	0
7780	1
7781	0
7782	0
7783	0
7784	0
7785	0
7786	0
7787	1
7788	1
7789	0
7790	1
7791	0
7792	0
7793	0
7794	0
7795	1
7796	2
7797	0
7798	3
7799	0
7800	0
7801	0
7802	0
7803	0
7804	0
7805	1
7806	1
7807	1
7808	2
7809	0
7810	0
7811	0
7812	0
7813	0
7814	0
7815	0
7816	1
7817	0
7818	0
7819	0
7820	1
7821	0
7822	0
7823	0
7824	0
7825	0
7826	1
7827	0
7828	0
7829	0
7830	0
7831	0
7832	0
7833	0
7834	0
7835	0
7836	0
7837	1
7838	1
7839	0
7840	1
7841	1
7842	0
7843	0
7844	0
7845	0
7846	1
7847	0
7848	0
7849	0
7850	1
7851	0
7852	0
7853	0
7854	0
7855	0
7856	0
7857	0
7858	2
7859	0
7860	0
7861	0
7862	0
7863	1
7864	1
7865	0
7866	0
7867	1
7868	0
7869	1
7870	0
7871	2
7872	1
7873	1
7874	0
7875	0
7876	0
7877	1
7878	1
7879	0
7880	2
7881	1
7882	1
7883	1
7884	1
7885	0
7886	0
7887	0
7888	1
7889	1
7890	0
7891	0
7892	0
7893	1
7894	0
7895	2
7896	0
7897	0
7898	0
7899	1
7900	0
7901	0
7902	0
7903	1
7904	1
7905	1
7906	3
7907	0
7908	1
7909	0
7910	2
7911	1
7912	0
7913	0
7914	0
7915	0
7916	0
7917	0
7918	0
7919	0
7920	0
7921	0
7922	0
7923	1
7924	0
7925	1
7926	1
7927	1
7928	0
7929	0
7930	1
7931	0
7932	0
7933	0
7934	0
7935	1
7936	2
7937	1
7938	0
7939	0
7940	0
7941	0
7942	0
7943	0
7944	0
7945	1
7946	1
7947	0
7948	0
7949	0
7950	0
7951	1
7952	0
7953	0
7954	0
7955	0
7956	0
7957	1
7958	1
7959	0
7960	1
7961	0
7962	1
7963	3
7964	0
7965	0
7966	1
7967	1
7968	2
7969	0
7970	1
7971	2
7972	0
7973	1
7974	0
7975	1
7976	0
7977	0
7978	1
7979	1
7980	0
7981	0
7982	0
7983	0
7984	3
7985	0
7986	2
7987	1
7988	0
7989	1
7990	0
7991	0
7992	0
7993	1
7994	2
7995	1
7996	0
7997	1
7998	1
7999	1
8000	1
8001	0
8002	0
8003	1
8004	1
8005	2
8006	1
8007	1
8008	0
8009	0
8010	1
8011	2
8012	0
8013	0
8014	0
8015	0
8016	0
8017	0
8018	0
8019	0
8020	0
8021	0
8022	0
8023	0
8024	0
8025	0
8026	0
8027	0
8028	0
8029	0
8030	0
8031	0
8032	0
8033	0
8034	0
8035	0
8036	0
8037	0
8038	0
8039	0
8040	0
8041	0
8042	0
8043	0
8044	0
8045	0
8046	0
8047	0
8048	0
8049	0
8050	0
8051	0
8052	0
8053	0
8054	0
8055	0
8056	0
8057	0
8058	0
8059	0
8060	0
8061	0
8062	0
8063	0
8064	0
8065	0
8066	0
8067	0
8068	0
8069	0
8070	0
8071	0
8072	0
8073	0
8074	0
8075	0
8076	0
8077	0
8078	0
8079	0
8080	0
8081	0
8082	0
8083	0
8084	0
8085	0
8086	0
8087	0
8088	0
8089	0
8090	0
8091	0
8092	0
8093	0
8094	0
8095	0
8096	0
8097	0
8098	0
8099	0
8100	0
8101	0
8102	0
8103	0
8104	0
8105	0
8106	0
8107	0
8108	0
8109	0
8110	0
8111	0
8112	0
8113	0
8114	0
8115	0
8116	0
8117	0
8118	0
8119	0
8120	0
8121	0
8122	0
8123	0
8124	0
8125	0
8126	0
8127	0
8128	0
8129	0
8130	0
8131	0
8132	0
8133	0
8134	0
8135	0
8136	0
8137	0
8138	0
8139	0
8140	0
8141	0
8142	0
8143	0
8144	0
8145	0
8146	0
8147	0
8148	0
8149	0
8150	0
8151	0
8152	0
8153	0
8154	0
8155	0
8156	0
8157	0
8158	0
8159	0
8160	0
8161	0
8162	0
8163	0
8164	0
8165	0
8166	0
8167	0
8168	0
8169	0
8170	0
8171	0
8172	0
8173	0
8174	0
8175	0
8176	0
8177	0
8178	0
8179	0
8180	0
8181	0
8182	0
8183	0
8184	0
8185	0
8186	0
8187	0
8188	0
8189	0
8190	0
8191	0
