0	0
1	0
2	0
3	0
4	0
5	0
6	0
7	0
8	0
9	0
10	0
11	0
12	0
13	0
14	0
15	0
16	0
17	0
18	0
19	0
20	0
21	0
22	0
23	0
24	0
25	0
26	0
27	0
28	0
29	0
30	0
31	0
32	0
33	0
34	0
35	0
36	0
37	0
38	0
39	0
40	0
41	0
42	0
43	7
44	35
45	92
46	126
47	144
48	106
49	110
50	98
51	102
52	92
53	92
54	91
55	87
56	78
57	99
58	108
59	127
60	119
61	118
62	103
63	102
64	101
65	99
66	73
67	83
68	85
69	70
70	75
71	74
72	90
73	93
74	96
75	114
76	123
77	123
78	105
79	74
80	86
81	63
82	61
83	56
84	65
85	71
86	60
87	61
88	72
89	67
90	66
91	65
92	71
93	64
94	64
95	61
96	52
97	68
98	65
99	71
100	57
101	54
102	59
103	70
104	61
105	58
106	72
107	75
108	62
109	70
110	54
111	86
112	60
113	67
114	64
115	61
116	59
117	59
118	67
119	57
120	69
121	72
122	62
123	78
124	76
125	84
126	62
127	69
128	87
129	75
130	82
131	88
132	78
133	78
134	79
135	97
136	61
137	85
138	72
139	94
140	95
141	72
142	99
143	100
144	82
145	91
146	86
147	85
148	91
149	99
150	101
151	108
152	102
153	93
154	115
155	90
156	109
157	106
158	109
159	104
160	117
161	124
162	117
163	114
164	106
165	108
166	125
167	122
168	119
169	122
170	136
171	124
172	143
173	138
174	140
175	132
176	139
177	151
178	125
179	133
180	139
181	146
182	136
183	117
184	127
185	146
186	184
187	141
188	153
189	159
190	135
191	167
192	180
193	184
194	181
195	164
196	188
197	175
198	179
199	164
200	184
201	190
202	193
203	170
204	164
205	176
206	202
207	193
208	174
209	239
210	195
211	201
212	191
213	214
214	214
215	201
216	186
217	212
218	215
219	234
220	208
221	219
222	228
223	266
224	224
225	224
226	228
227	240
228	228
229	234
230	233
231	253
232	224
233	228
234	265
235	253
236	252
237	279
238	258
239	263
240	263
241	276
242	262
243	264
244	272
245	289
246	254
247	285
248	283
249	277
250	302
251	267
252	292
253	317
254	294
255	302
256	268
257	295
258	257
259	286
260	307
261	274
262	278
263	295
264	263
265	268
266	281
267	281
268	300
269	288
270	270
271	297
272	314
273	268
274	247
275	253
276	274
277	273
278	273
279	295
280	277
281	289
282	252
283	279
284	293
285	264
286	273
287	270
288	279
289	273
290	270
291	264
292	270
293	282
294	288
295	283
296	290
297	275
298	263
299	272
300	272
301	304
302	320
303	236
304	268
305	249
306	251
307	260
308	253
309	260
310	296
311	288
312	275
313	270
314	255
315	267
316	277
317	271
318	277
319	262
320	247
321	270
322	255
323	260
324	275
325	278
326	271
327	287
328	258
329	271
330	268
331	269
332	256
333	240
334	269
335	280
336	261
337	233
338	264
339	250
340	256
341	267
342	250
343	279
344	240
345	286
346	244
347	256
348	265
349	245
350	279
351	276
352	236
353	268
354	223
355	270
356	226
357	276
358	244
359	258
360	266
361	288
362	267
363	250
364	277
365	248
366	290
367	270
368	247
369	216
370	242
371	254
372	241
373	270
374	254
375	242
376	229
377	251
378	244
379	231
380	248
381	238
382	226
383	269
384	231
385	223
386	252
387	264
388	246
389	252
390	255
391	232
392	241
393	253
394	231
395	250
396	233
397	236
398	242
399	231
400	246
401	263
402	224
403	233
404	237
405	238
406	209
407	262
408	232
409	227
410	229
411	244
412	220
413	227
414	251
415	234
416	239
417	232
418	204
419	249
420	242
421	223
422	215
423	235
424	210
425	220
426	226
427	253
428	244
429	267
430	212
431	230
432	203
433	234
434	233
435	211
436	214
437	218
438	219
439	234
440	221
441	215
442	204
443	246
444	209
445	195
446	212
447	211
448	230
449	218
450	206
451	236
452	211
453	198
454	224
455	243
456	192
457	187
458	221
459	213
460	191
461	185
462	181
463	188
464	207
465	205
466	216
467	209
468	187
469	191
470	203
471	182
472	217
473	212
474	193
475	164
476	192
477	187
478	195
479	172
480	208
481	176
482	173
483	169
484	188
485	205
486	173
487	191
488	196
489	188
490	187
491	178
492	184
493	173
494	179
495	197
496	179
497	155
498	184
499	187
500	199
501	182
502	182
503	186
504	182
505	196
506	168
507	205
508	168
509	180
510	176
511	201
512	155
513	185
514	185
515	182
516	173
517	158
518	169
519	182
520	200
521	177
522	165
523	183
524	160
525	177
526	170
527	200
528	159
529	158
530	173
531	190
532	167
533	174
534	171
535	145
536	148
537	165
538	166
539	161
540	167
541	176
542	160
543	143
544	156
545	184
546	160
547	165
548	162
549	153
550	148
551	161
552	153
553	145
554	153
555	167
556	166
557	143
558	151
559	169
560	174
561	173
562	146
563	158
564	167
565	168
566	146
567	197
568	167
569	157
570	158
571	162
572	132
573	144
574	176
575	157
576	161
577	155
578	159
579	146
580	144
581	147
582	167
583	163
584	145
585	153
586	173
587	131
588	146
589	141
590	146
591	136
592	144
593	151
594	149
595	136
596	159
597	183
598	133
599	161
600	149
601	147
602	126
603	141
604	151
605	167
606	141
607	126
608	130
609	166
610	150
611	180
612	150
613	149
614	149
615	152
616	144
617	140
618	139
619	138
620	123
621	127
622	118
623	150
624	148
625	137
626	136
627	138
628	124
629	132
630	128
631	118
632	145
633	115
634	130
635	146
636	117
637	136
638	117
639	145
640	125
641	132
642	119
643	122
644	119
645	136
646	132
647	143
648	126
649	117
650	114
651	138
652	131
653	120
654	119
655	112
656	128
657	123
658	117
659	121
660	138
661	130
662	118
663	152
664	121
665	118
666	132
667	108
668	120
669	110
670	121
671	110
672	116
673	101
674	127
675	122
676	126
677	125
678	114
679	132
680	117
681	119
682	131
683	107
684	99
685	126
686	105
687	109
688	124
689	124
690	116
691	115
692	115
693	119
694	115
695	120
696	117
697	114
698	125
699	108
700	124
701	94
702	97
703	79
704	106
705	123
706	103
707	113
708	114
709	108
710	107
711	101
712	119
713	101
714	100
715	101
716	111
717	94
718	110
719	104
720	97
721	103
722	136
723	107
724	104
725	106
726	116
727	88
728	113
729	116
730	107
731	92
732	107
733	96
734	96
735	99
736	85
737	115
738	112
739	125
740	110
741	92
742	101
743	122
744	104
745	108
746	92
747	97
748	101
749	98
750	104
751	103
752	109
753	107
754	111
755	110
756	103
757	96
758	79
759	98
760	95
761	105
762	109
763	109
764	100
765	90
766	90
767	119
768	101
769	126
770	98
771	102
772	103
773	76
774	87
775	115
776	103
777	109
778	97
779	108
780	107
781	94
782	91
783	101
784	78
785	94
786	115
787	97
788	90
789	85
790	109
791	74
792	100
793	82
794	97
795	102
796	82
797	85
798	93
799	99
800	73
801	89
802	94
803	88
804	79
805	99
806	82
807	75
808	73
809	82
810	84
811	92
812	87
813	93
814	79
815	90
816	83
817	89
818	82
819	65
820	78
821	88
822	72
823	93
824	84
825	75
826	78
827	80
828	81
829	87
830	88
831	92
832	80
833	76
834	68
835	64
836	67
837	81
838	78
839	89
840	95
841	79
842	72
843	75
844	67
845	65
846	84
847	67
848	63
849	84
850	60
851	77
852	69
853	61
854	70
855	82
856	72
857	92
858	63
859	71
860	67
861	70
862	68
863	72
864	62
865	67
866	67
867	82
868	71
869	72
870	51
871	64
872	71
873	72
874	70
875	64
876	61
877	79
878	68
879	83
880	67
881	69
882	64
883	74
884	57
885	76
886	56
887	69
888	73
889	54
890	60
891	65
892	54
893	69
894	68
895	72
896	52
897	82
898	72
899	73
900	67
901	66
902	66
903	45
904	54
905	63
906	71
907	69
908	62
909	55
910	67
911	51
912	82
913	56
914	86
915	58
916	55
917	65
918	70
919	56
920	56
921	60
922	64
923	54
924	58
925	62
926	79
927	61
928	54
929	60
930	76
931	52
932	61
933	66
934	50
935	54
936	55
937	77
938	66
939	56
940	61
941	59
942	50
943	60
944	57
945	69
946	64
947	69
948	58
949	66
950	57
951	66
952	62
953	62
954	59
955	60
956	60
957	56
958	49
959	54
960	61
961	68
962	55
963	69
964	52
965	59
966	57
967	54
968	46
969	64
970	52
971	57
972	42
973	53
974	63
975	68
976	69
977	63
978	49
979	54
980	71
981	60
982	47
983	57
984	50
985	61
986	56
987	51
988	54
989	59
990	41
991	49
992	54
993	47
994	38
995	62
996	44
997	56
998	54
999	59
1000	48
1001	60
1002	50
1003	45
1004	68
1005	48
1006	60
1007	61
1008	62
1009	45
1010	48
1011	41
1012	43
1013	46
1014	48
1015	47
1016	49
1017	54
1018	48
1019	62
1020	42
1021	50
1022	59
1023	56
1024	46
1025	52
1026	53
1027	50
1028	42
1029	53
1030	43
1031	57
1032	55
1033	35
1034	38
1035	50
1036	48
1037	43
1038	41
1039	35
1040	45
1041	63
1042	43
1043	53
1044	40
1045	51
1046	49
1047	51
1048	39
1049	42
1050	47
1051	28
1052	43
1053	53
1054	54
1055	53
1056	45
1057	48
1058	31
1059	44
1060	47
1061	50
1062	59
1063	34
1064	55
1065	40
1066	52
1067	31
1068	49
1069	42
1070	44
1071	38
1072	56
1073	40
1074	50
1075	40
1076	51
1077	48
1078	52
1079	51
1080	41
1081	54
1082	42
1083	59
1084	38
1085	52
1086	45
1087	45
1088	43
1089	39
1090	43
1091	50
1092	38
1093	51
1094	43
1095	41
1096	42
1097	40
1098	54
1099	55
1100	52
1101	51
1102	41
1103	45
1104	57
1105	51
1106	45
1107	35
1108	44
1109	43
1110	34
1111	55
1112	51
1113	59
1114	47
1115	56
1116	56
1117	48
1118	38
1119	41
1120	41
1121	36
1122	40
1123	46
1124	46
1125	48
1126	45
1127	47
1128	59
1129	45
1130	48
1131	40
1132	33
1133	48
1134	46
1135	41
1136	35
1137	31
1138	45
1139	38
1140	40
1141	31
1142	48
1143	45
1144	50
1145	46
1146	31
1147	47
1148	35
1149	27
1150	42
1151	40
1152	42
1153	44
1154	36
1155	36
1156	48
1157	43
1158	40
1159	32
1160	41
1161	43
1162	38
1163	56
1164	31
1165	37
1166	45
1167	38
1168	46
1169	35
1170	40
1171	39
1172	34
1173	40
1174	36
1175	26
1176	33
1177	42
1178	32
1179	29
1180	47
1181	39
1182	28
1183	42
1184	33
1185	35
1186	36
1187	35
1188	38
1189	34
1190	40
1191	37
1192	40
1193	31
1194	39
1195	37
1196	25
1197	37
1198	31
1199	37
1200	28
1201	39
1202	25
1203	36
1204	46
1205	32
1206	30
1207	37
1208	37
1209	35
1210	46
1211	42
1212	28
1213	33
1214	33
1215	23
1216	30
1217	27
1218	36
1219	47
1220	39
1221	34
1222	34
1223	31
1224	29
1225	31
1226	33
1227	46
1228	37
1229	33
1230	38
1231	22
1232	29
1233	34
1234	41
1235	34
1236	31
1237	36
1238	41
1239	29
1240	27
1241	30
1242	21
1243	30
1244	38
1245	33
1246	25
1247	27
1248	26
1249	18
1250	22
1251	28
1252	30
1253	31
1254	32
1255	21
1256	41
1257	41
1258	32
1259	28
1260	18
1261	28
1262	27
1263	32
1264	25
1265	29
1266	23
1267	28
1268	31
1269	32
1270	33
1271	37
1272	25
1273	31
1274	25
1275	28
1276	32
1277	34
1278	31
1279	34
1280	25
1281	36
1282	32
1283	28
1284	23
1285	31
1286	24
1287	39
1288	34
1289	33
1290	23
1291	40
1292	22
1293	29
1294	40
1295	25
1296	34
1297	23
1298	22
1299	30
1300	40
1301	25
1302	27
1303	27
1304	23
1305	29
1306	22
1307	24
1308	22
1309	25
1310	32
1311	26
1312	25
1313	23
1314	25
1315	35
1316	32
1317	25
1318	25
1319	32
1320	27
1321	36
1322	25
1323	18
1324	21
1325	24
1326	30
1327	22
1328	19
1329	38
1330	23
1331	32
1332	36
1333	13
1334	29
1335	26
1336	18
1337	20
1338	26
1339	20
1340	32
1341	23
1342	25
1343	24
1344	25
1345	19
1346	32
1347	25
1348	29
1349	19
1350	25
1351	34
1352	24
1353	24
1354	29
1355	20
1356	26
1357	19
1358	24
1359	35
1360	21
1361	25
1362	26
1363	21
1364	20
1365	32
1366	25
1367	26
1368	29
1369	24
1370	16
1371	19
1372	26
1373	23
1374	25
1375	19
1376	23
1377	25
1378	27
1379	24
1380	27
1381	29
1382	21
1383	23
1384	33
1385	20
1386	28
1387	22
1388	14
1389	24
1390	25
1391	31
1392	12
1393	23
1394	20
1395	20
1396	23
1397	31
1398	27
1399	27
1400	22
1401	23
1402	32
1403	13
1404	33
1405	25
1406	24
1407	24
1408	28
1409	20
1410	27
1411	24
1412	21
1413	26
1414	17
1415	25
1416	20
1417	30
1418	13
1419	30
1420	16
1421	17
1422	30
1423	20
1424	25
1425	18
1426	19
1427	23
1428	26
1429	20
1430	28
1431	35
1432	28
1433	21
1434	28
1435	23
1436	22
1437	19
1438	24
1439	16
1440	20
1441	26
1442	18
1443	28
1444	25
1445	28
1446	20
1447	18
1448	26
1449	36
1450	18
1451	30
1452	24
1453	26
1454	20
1455	24
1456	25
1457	27
1458	23
1459	22
1460	24
1461	20
1462	27
1463	19
1464	20
1465	17
1466	24
1467	30
1468	27
1469	16
1470	29
1471	27
1472	18
1473	18
1474	22
1475	21
1476	35
1477	22
1478	22
1479	19
1480	30
1481	13
1482	18
1483	22
1484	19
1485	14
1486	34
1487	27
1488	17
1489	20
1490	17
1491	21
1492	30
1493	24
1494	20
1495	23
1496	26
1497	17
1498	25
1499	19
1500	23
1501	19
1502	22
1503	10
1504	15
1505	18
1506	28
1507	17
1508	21
1509	27
1510	18
1511	21
1512	26
1513	28
1514	26
1515	18
1516	19
1517	18
1518	18
1519	29
1520	22
1521	17
1522	20
1523	17
1524	20
1525	28
1526	22
1527	26
1528	22
1529	23
1530	23
1531	15
1532	18
1533	19
1534	26
1535	25
1536	17
1537	18
1538	25
1539	27
1540	15
1541	19
1542	20
1543	22
1544	17
1545	25
1546	16
1547	20
1548	25
1549	18
1550	25
1551	27
1552	19
1553	22
1554	24
1555	18
1556	24
1557	20
1558	23
1559	22
1560	23
1561	17
1562	19
1563	23
1564	32
1565	19
1566	18
1567	19
1568	19
1569	29
1570	20
1571	21
1572	33
1573	22
1574	24
1575	20
1576	19
1577	23
1578	27
1579	26
1580	23
1581	17
1582	18
1583	26
1584	30
1585	20
1586	22
1587	22
1588	24
1589	20
1590	17
1591	25
1592	22
1593	20
1594	23
1595	17
1596	30
1597	33
1598	23
1599	29
1600	34
1601	32
1602	29
1603	26
1604	19
1605	21
1606	31
1607	21
1608	27
1609	22
1610	20
1611	20
1612	20
1613	25
1614	28
1615	23
1616	34
1617	24
1618	29
1619	21
1620	18
1621	23
1622	30
1623	19
1624	25
1625	28
1626	32
1627	17
1628	28
1629	17
1630	30
1631	23
1632	24
1633	24
1634	21
1635	18
1636	21
1637	25
1638	22
1639	30
1640	30
1641	24
1642	32
1643	18
1644	15
1645	17
1646	19
1647	27
1648	18
1649	22
1650	19
1651	24
1652	30
1653	17
1654	25
1655	26
1656	31
1657	30
1658	23
1659	20
1660	28
1661	28
1662	26
1663	29
1664	20
1665	18
1666	24
1667	20
1668	16
1669	21
1670	35
1671	16
1672	26
1673	14
1674	9
1675	16
1676	11
1677	19
1678	16
1679	14
1680	18
1681	21
1682	20
1683	22
1684	9
1685	24
1686	24
1687	21
1688	21
1689	25
1690	21
1691	16
1692	20
1693	22
1694	15
1695	27
1696	14
1697	14
1698	14
1699	16
1700	21
1701	18
1702	18
1703	16
1704	17
1705	15
1706	23
1707	17
1708	12
1709	17
1710	17
1711	22
1712	19
1713	17
1714	11
1715	16
1716	13
1717	19
1718	21
1719	16
1720	20
1721	15
1722	18
1723	23
1724	20
1725	7
1726	13
1727	18
1728	17
1729	16
1730	8
1731	18
1732	19
1733	14
1734	17
1735	24
1736	16
1737	13
1738	15
1739	20
1740	23
1741	20
1742	15
1743	9
1744	16
1745	20
1746	15
1747	19
1748	13
1749	17
1750	14
1751	25
1752	21
1753	14
1754	20
1755	14
1756	17
1757	13
1758	17
1759	15
1760	22
1761	13
1762	16
1763	15
1764	14
1765	13
1766	13
1767	14
1768	20
1769	17
1770	17
1771	18
1772	17
1773	11
1774	14
1775	23
1776	9
1777	12
1778	22
1779	22
1780	17
1781	23
1782	20
1783	12
1784	12
1785	18
1786	11
1787	12
1788	16
1789	22
1790	11
1791	13
1792	14
1793	16
1794	13
1795	14
1796	23
1797	11
1798	25
1799	20
1800	17
1801	11
1802	20
1803	19
1804	22
1805	14
1806	12
1807	17
1808	13
1809	14
1810	24
1811	17
1812	20
1813	21
1814	15
1815	18
1816	15
1817	11
1818	14
1819	18
1820	25
1821	18
1822	18
1823	14
1824	17
1825	16
1826	14
1827	9
1828	13
1829	20
1830	16
1831	17
1832	19
1833	13
1834	22
1835	20
1836	16
1837	13
1838	17
1839	16
1840	20
1841	21
1842	17
1843	8
1844	8
1845	25
1846	20
1847	14
1848	16
1849	20
1850	16
1851	20
1852	15
1853	11
1854	17
1855	16
1856	18
1857	12
1858	23
1859	23
1860	16
1861	25
1862	16
1863	21
1864	16
1865	15
1866	24
1867	16
1868	13
1869	13
1870	21
1871	17
1872	20
1873	26
1874	25
1875	11
1876	15
1877	17
1878	18
1879	11
1880	18
1881	17
1882	22
1883	12
1884	15
1885	16
1886	16
1887	17
1888	17
1889	17
1890	18
1891	12
1892	23
1893	22
1894	16
1895	16
1896	12
1897	21
1898	17
1899	14
1900	17
1901	18
1902	13
1903	21
1904	28
1905	16
1906	20
1907	18
1908	15
1909	15
1910	23
1911	21
1912	12
1913	13
1914	16
1915	17
1916	15
1917	13
1918	12
1919	16
1920	19
1921	15
1922	19
1923	14
1924	12
1925	18
1926	17
1927	13
1928	25
1929	16
1930	15
1931	20
1932	13
1933	20
1934	26
1935	16
1936	12
1937	13
1938	15
1939	13
1940	13
1941	15
1942	16
1943	15
1944	23
1945	21
1946	20
1947	12
1948	20
1949	16
1950	13
1951	17
1952	15
1953	16
1954	16
1955	11
1956	13
1957	13
1958	10
1959	12
1960	23
1961	21
1962	12
1963	16
1964	13
1965	21
1966	17
1967	11
1968	18
1969	8
1970	20
1971	12
1972	20
1973	16
1974	18
1975	19
1976	20
1977	21
1978	14
1979	16
1980	16
1981	21
1982	13
1983	20
1984	19
1985	10
1986	11
1987	17
1988	22
1989	11
1990	13
1991	27
1992	18
1993	12
1994	11
1995	19
1996	21
1997	21
1998	16
1999	11
2000	19
2001	19
2002	11
2003	17
2004	16
2005	20
2006	12
2007	13
2008	12
2009	15
2010	30
2011	16
2012	19
2013	8
2014	10
2015	20
2016	15
2017	12
2018	16
2019	13
2020	13
2021	15
2022	10
2023	15
2024	16
2025	12
2026	15
2027	16
2028	17
2029	13
2030	10
2031	12
2032	15
2033	17
2034	18
2035	20
2036	23
2037	4
2038	14
2039	25
2040	25
2041	11
2042	17
2043	14
2044	19
2045	19
2046	20
2047	15
2048	17
2049	17
2050	9
2051	16
2052	10
2053	14
2054	17
2055	17
2056	16
2057	13
2058	24
2059	18
2060	15
2061	23
2062	13
2063	22
2064	19
2065	15
2066	24
2067	17
2068	21
2069	20
2070	14
2071	18
2072	19
2073	16
2074	19
2075	18
2076	23
2077	12
2078	23
2079	21
2080	17
2081	12
2082	13
2083	11
2084	21
2085	16
2086	11
2087	17
2088	13
2089	18
2090	15
2091	26
2092	17
2093	22
2094	16
2095	18
2096	19
2097	14
2098	12
2099	8
2100	13
2101	22
2102	10
2103	17
2104	21
2105	16
2106	20
2107	16
2108	23
2109	18
2110	19
2111	26
2112	21
2113	6
2114	16
2115	22
2116	15
2117	19
2118	13
2119	21
2120	22
2121	22
2122	19
2123	24
2124	13
2125	15
2126	20
2127	15
2128	19
2129	14
2130	21
2131	15
2132	14
2133	6
2134	20
2135	22
2136	17
2137	15
2138	10
2139	15
2140	14
2141	13
2142	17
2143	10
2144	15
2145	15
2146	17
2147	14
2148	17
2149	18
2150	13
2151	15
2152	14
2153	18
2154	19
2155	13
2156	18
2157	11
2158	15
2159	18
2160	14
2161	8
2162	20
2163	15
2164	5
2165	15
2166	10
2167	12
2168	10
2169	10
2170	12
2171	16
2172	19
2173	7
2174	10
2175	12
2176	9
2177	14
2178	20
2179	9
2180	13
2181	12
2182	19
2183	13
2184	19
2185	15
2186	14
2187	15
2188	14
2189	16
2190	13
2191	9
2192	9
2193	13
2194	11
2195	17
2196	13
2197	11
2198	12
2199	15
2200	10
2201	7
2202	11
2203	15
2204	8
2205	7
2206	15
2207	8
2208	15
2209	14
2210	10
2211	11
2212	9
2213	6
2214	10
2215	14
2216	11
2217	12
2218	8
2219	16
2220	16
2221	11
2222	13
2223	13
2224	14
2225	19
2226	5
2227	11
2228	17
2229	13
2230	10
2231	17
2232	9
2233	7
2234	11
2235	12
2236	18
2237	11
2238	12
2239	13
2240	8
2241	7
2242	12
2243	12
2244	14
2245	10
2246	7
2247	11
2248	10
2249	11
2250	10
2251	9
2252	8
2253	9
2254	11
2255	11
2256	7
2257	11
2258	16
2259	6
2260	11
2261	10
2262	10
2263	11
2264	4
2265	10
2266	4
2267	7
2268	10
2269	9
2270	13
2271	8
2272	16
2273	10
2274	10
2275	11
2276	9
2277	5
2278	10
2279	11
2280	12
2281	12
2282	8
2283	4
2284	5
2285	7
2286	12
2287	12
2288	14
2289	9
2290	12
2291	5
2292	5
2293	17
2294	10
2295	10
2296	13
2297	8
2298	8
2299	10
2300	12
2301	8
2302	6
2303	11
2304	10
2305	9
2306	15
2307	9
2308	7
2309	7
2310	16
2311	12
2312	6
2313	7
2314	12
2315	6
2316	9
2317	10
2318	4
2319	9
2320	8
2321	7
2322	4
2323	7
2324	6
2325	11
2326	8
2327	14
2328	12
2329	16
2330	13
2331	11
2332	7
2333	9
2334	6
2335	14
2336	12
2337	11
2338	6
2339	11
2340	8
2341	10
2342	13
2343	8
2344	5
2345	11
2346	11
2347	7
2348	11
2349	10
2350	10
2351	12
2352	8
2353	16
2354	10
2355	10
2356	6
2357	14
2358	7
2359	9
2360	11
2361	5
2362	7
2363	6
2364	11
2365	8
2366	8
2367	5
2368	7
2369	9
2370	15
2371	5
2372	9
2373	6
2374	9
2375	8
2376	2
2377	4
2378	5
2379	5
2380	10
2381	15
2382	4
2383	6
2384	8
2385	10
2386	10
2387	6
2388	14
2389	5
2390	11
2391	5
2392	9
2393	8
2394	2
2395	5
2396	6
2397	6
2398	14
2399	10
2400	12
2401	10
2402	13
2403	11
2404	8
2405	14
2406	10
2407	7
2408	7
2409	6
2410	6
2411	9
2412	13
2413	9
2414	7
2415	12
2416	10
2417	9
2418	10
2419	4
2420	15
2421	8
2422	13
2423	8
2424	13
2425	10
2426	8
2427	6
2428	4
2429	10
2430	7
2431	7
2432	8
2433	7
2434	12
2435	8
2436	7
2437	7
2438	5
2439	6
2440	8
2441	17
2442	7
2443	9
2444	10
2445	7
2446	11
2447	7
2448	5
2449	13
2450	7
2451	6
2452	4
2453	8
2454	7
2455	22
2456	8
2457	6
2458	11
2459	12
2460	7
2461	9
2462	5
2463	6
2464	9
2465	8
2466	14
2467	8
2468	7
2469	11
2470	3
2471	7
2472	10
2473	9
2474	9
2475	8
2476	6
2477	4
2478	11
2479	10
2480	7
2481	5
2482	9
2483	7
2484	12
2485	7
2486	8
2487	17
2488	5
2489	3
2490	10
2491	9
2492	7
2493	5
2494	7
2495	6
2496	11
2497	5
2498	18
2499	6
2500	7
2501	10
2502	7
2503	8
2504	11
2505	7
2506	5
2507	10
2508	5
2509	7
2510	4
2511	7
2512	4
2513	5
2514	7
2515	5
2516	10
2517	5
2518	5
2519	15
2520	5
2521	8
2522	9
2523	7
2524	8
2525	4
2526	8
2527	4
2528	8
2529	10
2530	11
2531	7
2532	3
2533	4
2534	4
2535	1
2536	7
2537	10
2538	12
2539	11
2540	4
2541	8
2542	10
2543	4
2544	9
2545	5
2546	1
2547	11
2548	7
2549	2
2550	9
2551	4
2552	7
2553	8
2554	1
2555	6
2556	15
2557	4
2558	12
2559	12
2560	7
2561	7
2562	4
2563	7
2564	3
2565	13
2566	12
2567	6
2568	3
2569	6
2570	5
2571	8
2572	1
2573	12
2574	11
2575	7
2576	7
2577	11
2578	9
2579	9
2580	4
2581	7
2582	6
2583	14
2584	11
2585	10
2586	6
2587	12
2588	5
2589	11
2590	8
2591	7
2592	11
2593	9
2594	5
2595	8
2596	12
2597	5
2598	7
2599	7
2600	6
2601	7
2602	8
2603	13
2604	8
2605	11
2606	7
2607	5
2608	2
2609	9
2610	4
2611	5
2612	7
2613	15
2614	9
2615	5
2616	5
2617	10
2618	4
2619	4
2620	7
2621	4
2622	10
2623	11
2624	7
2625	6
2626	9
2627	7
2628	8
2629	5
2630	14
2631	7
2632	6
2633	6
2634	7
2635	6
2636	4
2637	9
2638	7
2639	5
2640	11
2641	2
2642	6
2643	8
2644	7
2645	5
2646	3
2647	5
2648	10
2649	7
2650	13
2651	10
2652	5
2653	2
2654	5
2655	8
2656	8
2657	5
2658	6
2659	6
2660	3
2661	3
2662	3
2663	1
2664	4
2665	4
2666	11
2667	5
2668	5
2669	9
2670	6
2671	7
2672	5
2673	6
2674	6
2675	5
2676	7
2677	6
2678	8
2679	11
2680	3
2681	2
2682	8
2683	2
2684	5
2685	7
2686	10
2687	6
2688	6
2689	8
2690	3
2691	6
2692	6
2693	7
2694	5
2695	7
2696	5
2697	7
2698	11
2699	8
2700	6
2701	11
2702	7
2703	6
2704	9
2705	5
2706	5
2707	11
2708	8
2709	12
2710	6
2711	4
2712	9
2713	4
2714	10
2715	4
2716	6
2717	11
2718	6
2719	8
2720	10
2721	8
2722	5
2723	7
2724	9
2725	9
2726	8
2727	7
2728	11
2729	10
2730	7
2731	4
2732	8
2733	6
2734	13
2735	7
2736	5
2737	9
2738	3
2739	2
2740	6
2741	7
2742	8
2743	9
2744	8
2745	10
2746	4
2747	7
2748	7
2749	3
2750	4
2751	5
2752	13
2753	9
2754	9
2755	11
2756	9
2757	11
2758	4
2759	9
2760	13
2761	11
2762	5
2763	5
2764	13
2765	11
2766	4
2767	4
2768	6
2769	3
2770	10
2771	6
2772	4
2773	10
2774	7
2775	8
2776	9
2777	5
2778	2
2779	4
2780	4
2781	7
2782	5
2783	9
2784	8
2785	8
2786	6
2787	8
2788	9
2789	5
2790	7
2791	11
2792	6
2793	7
2794	7
2795	3
2796	9
2797	8
2798	6
2799	9
2800	7
2801	6
2802	10
2803	7
2804	8
2805	7
2806	7
2807	9
2808	8
2809	5
2810	8
2811	10
2812	11
2813	7
2814	3
2815	10
2816	6
2817	10
2818	6
2819	8
2820	7
2821	12
2822	7
2823	4
2824	8
2825	9
2826	8
2827	6
2828	8
2829	5
2830	8
2831	6
2832	11
2833	2
2834	7
2835	4
2836	4
2837	13
2838	9
2839	8
2840	7
2841	7
2842	4
2843	5
2844	8
2845	6
2846	8
2847	5
2848	7
2849	5
2850	6
2851	9
2852	10
2853	6
2854	9
2855	10
2856	5
2857	5
2858	13
2859	10
2860	12
2861	3
2862	13
2863	5
2864	11
2865	5
2866	6
2867	8
2868	11
2869	9
2870	5
2871	4
2872	6
2873	6
2874	7
2875	9
2876	3
2877	5
2878	14
2879	5
2880	10
2881	13
2882	8
2883	7
2884	11
2885	3
2886	11
2887	11
2888	9
2889	7
2890	4
2891	6
2892	2
2893	9
2894	7
2895	9
2896	6
2897	9
2898	6
2899	8
2900	6
2901	12
2902	12
2903	9
2904	10
2905	7
2906	12
2907	10
2908	8
2909	9
2910	5
2911	5
2912	6
2913	9
2914	7
2915	13
2916	8
2917	7
2918	8
2919	8
2920	6
2921	7
2922	11
2923	13
2924	3
2925	8
2926	13
2927	11
2928	2
2929	10
2930	6
2931	7
2932	5
2933	12
2934	11
2935	9
2936	6
2937	10
2938	6
2939	7
2940	8
2941	6
2942	7
2943	8
2944	7
2945	11
2946	7
2947	4
2948	9
2949	9
2950	3
2951	7
2952	5
2953	13
2954	5
2955	7
2956	12
2957	8
2958	11
2959	7
2960	9
2961	9
2962	13
2963	11
2964	10
2965	6
2966	6
2967	8
2968	9
2969	8
2970	8
2971	10
2972	8
2973	5
2974	5
2975	8
2976	6
2977	6
2978	10
2979	8
2980	6
2981	5
2982	10
2983	10
2984	6
2985	9
2986	9
2987	7
2988	8
2989	7
2990	7
2991	8
2992	4
2993	9
2994	7
2995	3
2996	8
2997	9
2998	7
2999	5
3000	6
3001	10
3002	7
3003	6
3004	6
3005	11
3006	11
3007	10
3008	7
3009	3
3010	12
3011	6
3012	7
3013	8
3014	7
3015	11
3016	4
3017	9
3018	6
3019	7
3020	8
3021	5
3022	10
3023	12
3024	9
3025	7
3026	5
3027	4
3028	9
3029	2
3030	3
3031	7
3032	7
3033	8
3034	7
3035	6
3036	6
3037	7
3038	8
3039	11
3040	4
3041	8
3042	4
3043	9
3044	8
3045	9
3046	9
3047	8
3048	2
3049	5
3050	6
3051	2
3052	7
3053	5
3054	7
3055	6
3056	4
3057	11
3058	9
3059	7
3060	10
3061	8
3062	5
3063	8
3064	11
3065	11
3066	6
3067	7
3068	6
3069	5
3070	8
3071	5
3072	6
3073	10
3074	8
3075	4
3076	4
3077	6
3078	6
3079	7
3080	11
3081	6
3082	5
3083	5
3084	7
3085	6
3086	3
3087	8
3088	4
3089	7
3090	7
3091	10
3092	4
3093	14
3094	2
3095	6
3096	4
3097	9
3098	7
3099	5
3100	3
3101	7
3102	8
3103	8
3104	2
3105	8
3106	6
3107	5
3108	14
3109	4
3110	5
3111	4
3112	7
3113	9
3114	4
3115	4
3116	4
3117	4
3118	6
3119	3
3120	5
3121	10
3122	4
3123	6
3124	8
3125	7
3126	2
3127	5
3128	5
3129	5
3130	7
3131	4
3132	2
3133	4
3134	8
3135	5
3136	5
3137	9
3138	2
3139	6
3140	5
3141	11
3142	5
3143	6
3144	5
3145	6
3146	6
3147	4
3148	6
3149	7
3150	7
3151	4
3152	2
3153	4
3154	4
3155	3
3156	2
3157	11
3158	4
3159	9
3160	6
3161	4
3162	5
3163	3
3164	2
3165	5
3166	6
3167	9
3168	6
3169	3
3170	6
3171	4
3172	6
3173	3
3174	5
3175	6
3176	5
3177	6
3178	6
3179	6
3180	3
3181	8
3182	3
3183	11
3184	5
3185	6
3186	4
3187	6
3188	5
3189	8
3190	4
3191	5
3192	4
3193	4
3194	6
3195	3
3196	4
3197	1
3198	3
3199	5
3200	5
3201	4
3202	6
3203	3
3204	5
3205	5
3206	7
3207	4
3208	7
3209	5
3210	6
3211	7
3212	4
3213	2
3214	4
3215	4
3216	5
3217	7
3218	5
3219	3
3220	2
3221	4
3222	3
3223	4
3224	8
3225	7
3226	2
3227	5
3228	3
3229	4
3230	6
3231	6
3232	3
3233	6
3234	5
3235	4
3236	7
3237	5
3238	2
3239	6
3240	4
3241	4
3242	3
3243	5
3244	5
3245	4
3246	2
3247	3
3248	6
3249	3
3250	5
3251	4
3252	4
3253	6
3254	6
3255	5
3256	6
3257	0
3258	6
3259	2
3260	5
3261	4
3262	3
3263	8
3264	10
3265	5
3266	4
3267	9
3268	3
3269	7
3270	2
3271	2
3272	7
3273	2
3274	5
3275	6
3276	6
3277	3
3278	12
3279	4
3280	2
3281	5
3282	1
3283	5
3284	7
3285	4
3286	3
3287	4
3288	4
3289	4
3290	7
3291	5
3292	5
3293	3
3294	4
3295	5
3296	3
3297	6
3298	7
3299	6
3300	6
3301	4
3302	5
3303	5
3304	4
3305	2
3306	4
3307	8
3308	6
3309	9
3310	5
3311	4
3312	2
3313	8
3314	4
3315	3
3316	5
3317	3
3318	5
3319	0
3320	2
3321	8
3322	10
3323	6
3324	6
3325	1
3326	2
3327	6
3328	4
3329	8
3330	5
3331	2
3332	4
3333	6
3334	7
3335	5
3336	4
3337	4
3338	9
3339	1
3340	5
3341	9
3342	3
3343	2
3344	8
3345	7
3346	4
3347	4
3348	5
3349	5
3350	3
3351	11
3352	2
3353	3
3354	4
3355	4
3356	12
3357	6
3358	4
3359	8
3360	7
3361	7
3362	2
3363	4
3364	6
3365	3
3366	6
3367	7
3368	7
3369	3
3370	4
3371	5
3372	3
3373	4
3374	4
3375	5
3376	12
3377	4
3378	3
3379	6
3380	6
3381	5
3382	3
3383	2
3384	7
3385	2
3386	4
3387	3
3388	4
3389	1
3390	4
3391	5
3392	8
3393	4
3394	4
3395	7
3396	2
3397	3
3398	6
3399	3
3400	6
3401	8
3402	7
3403	8
3404	3
3405	3
3406	8
3407	3
3408	5
3409	5
3410	5
3411	4
3412	4
3413	1
3414	5
3415	3
3416	5
3417	7
3418	7
3419	6
3420	9
3421	7
3422	7
3423	12
3424	8
3425	2
3426	6
3427	3
3428	5
3429	5
3430	8
3431	0
3432	6
3433	3
3434	6
3435	4
3436	3
3437	6
3438	9
3439	4
3440	4
3441	4
3442	4
3443	2
3444	7
3445	7
3446	9
3447	3
3448	4
3449	4
3450	6
3451	3
3452	2
3453	4
3454	6
3455	2
3456	2
3457	12
3458	8
3459	5
3460	5
3461	5
3462	3
3463	6
3464	4
3465	8
3466	5
3467	10
3468	3
3469	4
3470	3
3471	4
3472	5
3473	5
3474	2
3475	3
3476	7
3477	4
3478	4
3479	4
3480	3
3481	5
3482	3
3483	5
3484	3
3485	7
3486	5
3487	10
3488	7
3489	4
3490	9
3491	4
3492	6
3493	3
3494	1
3495	5
3496	5
3497	5
3498	3
3499	3
3500	3
3501	6
3502	8
3503	5
3504	8
3505	3
3506	3
3507	1
3508	7
3509	5
3510	4
3511	5
3512	9
3513	9
3514	2
3515	2
3516	6
3517	9
3518	8
3519	2
3520	6
3521	10
3522	8
3523	6
3524	6
3525	3
3526	7
3527	12
3528	8
3529	5
3530	2
3531	5
3532	6
3533	10
3534	6
3535	5
3536	3
3537	6
3538	4
3539	7
3540	5
3541	6
3542	4
3543	3
3544	5
3545	4
3546	7
3547	7
3548	4
3549	9
3550	2
3551	5
3552	6
3553	7
3554	5
3555	9
3556	3
3557	7
3558	7
3559	4
3560	8
3561	5
3562	7
3563	7
3564	5
3565	5
3566	5
3567	8
3568	2
3569	6
3570	2
3571	2
3572	6
3573	5
3574	6
3575	5
3576	3
3577	5
3578	2
3579	2
3580	4
3581	5
3582	4
3583	5
3584	3
3585	3
3586	6
3587	2
3588	6
3589	4
3590	7
3591	5
3592	7
3593	6
3594	6
3595	5
3596	2
3597	5
3598	4
3599	7
3600	3
3601	8
3602	2
3603	6
3604	4
3605	5
3606	2
3607	3
3608	8
3609	3
3610	3
3611	5
3612	4
3613	7
3614	6
3615	11
3616	5
3617	6
3618	8
3619	6
3620	4
3621	6
3622	6
3623	6
3624	4
3625	11
3626	5
3627	7
3628	6
3629	4
3630	3
3631	7
3632	10
3633	2
3634	4
3635	3
3636	4
3637	6
3638	3
3639	6
3640	7
3641	7
3642	3
3643	2
3644	5
3645	11
3646	5
3647	4
3648	3
3649	5
3650	6
3651	6
3652	7
3653	7
3654	5
3655	5
3656	4
3657	4
3658	8
3659	10
3660	3
3661	4
3662	6
3663	3
3664	4
3665	4
3666	4
3667	3
3668	3
3669	5
3670	6
3671	1
3672	3
3673	6
3674	6
3675	6
3676	6
3677	6
3678	1
3679	7
3680	3
3681	3
3682	8
3683	1
3684	4
3685	6
3686	5
3687	2
3688	2
3689	6
3690	5
3691	5
3692	4
3693	5
3694	3
3695	6
3696	5
3697	3
3698	3
3699	1
3700	7
3701	5
3702	5
3703	7
3704	5
3705	5
3706	6
3707	7
3708	8
3709	8
3710	4
3711	8
3712	6
3713	5
3714	4
3715	10
3716	1
3717	4
3718	9
3719	4
3720	6
3721	3
3722	8
3723	5
3724	7
3725	7
3726	4
3727	5
3728	5
3729	7
3730	6
3731	2
3732	2
3733	5
3734	1
3735	3
3736	7
3737	3
3738	9
3739	5
3740	4
3741	5
3742	5
3743	3
3744	5
3745	3
3746	6
3747	8
3748	7
3749	3
3750	1
3751	3
3752	2
3753	2
3754	4
3755	4
3756	5
3757	4
3758	7
3759	4
3760	6
3761	6
3762	6
3763	2
3764	2
3765	6
3766	5
3767	0
3768	2
3769	3
3770	7
3771	2
3772	6
3773	4
3774	2
3775	5
3776	4
3777	2
3778	4
3779	3
3780	3
3781	3
3782	2
3783	4
3784	5
3785	3
3786	3
3787	4
3788	1
3789	5
3790	6
3791	1
3792	6
3793	2
3794	5
3795	2
3796	5
3797	5
3798	4
3799	2
3800	3
3801	5
3802	4
3803	2
3804	3
3805	4
3806	3
3807	3
3808	2
3809	2
3810	3
3811	6
3812	1
3813	2
3814	7
3815	5
3816	1
3817	2
3818	7
3819	3
3820	7
3821	4
3822	1
3823	5
3824	1
3825	3
3826	1
3827	7
3828	2
3829	4
3830	3
3831	4
3832	6
3833	2
3834	4
3835	1
3836	2
3837	2
3838	8
3839	5
3840	6
3841	4
3842	2
3843	2
3844	2
3845	4
3846	6
3847	3
3848	2
3849	3
3850	1
3851	6
3852	4
3853	5
3854	4
3855	2
3856	6
3857	5
3858	7
3859	4
3860	7
3861	1
3862	4
3863	3
3864	3
3865	5
3866	4
3867	5
3868	6
3869	3
3870	3
3871	5
3872	3
3873	3
3874	6
3875	2
3876	5
3877	4
3878	2
3879	5
3880	3
3881	5
3882	3
3883	5
3884	8
3885	5
3886	3
3887	3
3888	6
3889	5
3890	4
3891	10
3892	2
3893	4
3894	3
3895	6
3896	6
3897	4
3898	2
3899	5
3900	3
3901	1
3902	5
3903	4
3904	6
3905	2
3906	6
3907	4
3908	3
3909	1
3910	6
3911	3
3912	2
3913	3
3914	3
3915	4
3916	2
3917	4
3918	7
3919	4
3920	1
3921	1
3922	4
3923	2
3924	5
3925	4
3926	2
3927	3
3928	0
3929	4
3930	2
3931	3
3932	0
3933	3
3934	5
3935	2
3936	1
3937	5
3938	8
3939	6
3940	5
3941	4
3942	10
3943	4
3944	2
3945	3
3946	4
3947	1
3948	5
3949	5
3950	2
3951	5
3952	4
3953	5
3954	3
3955	6
3956	4
3957	2
3958	4
3959	3
3960	6
3961	5
3962	8
3963	4
3964	5
3965	6
3966	1
3967	6
3968	0
3969	2
3970	3
3971	5
3972	5
3973	3
3974	3
3975	4
3976	4
3977	2
3978	4
3979	5
3980	4
3981	2
3982	4
3983	4
3984	1
3985	8
3986	2
3987	2
3988	3
3989	6
3990	3
3991	3
3992	12
3993	4
3994	4
3995	5
3996	6
3997	4
3998	3
3999	3
4000	6
4001	4
4002	4
4003	1
4004	2
4005	2
4006	3
4007	4
4008	5
4009	7
4010	4
4011	4
4012	3
4013	3
4014	5
4015	6
4016	4
4017	6
4018	5
4019	3
4020	3
4021	4
4022	4
4023	3
4024	5
4025	1
4026	6
4027	2
4028	5
4029	3
4030	3
4031	4
4032	2
4033	2
4034	5
4035	4
4036	4
4037	1
4038	2
4039	8
4040	4
4041	5
4042	4
4043	6
4044	6
4045	1
4046	7
4047	4
4048	4
4049	3
4050	4
4051	2
4052	2
4053	6
4054	3
4055	4
4056	3
4057	2
4058	3
4059	2
4060	0
4061	0
4062	3
4063	3
4064	3
4065	3
4066	7
4067	5
4068	4
4069	7
4070	3
4071	3
4072	1
4073	2
4074	5
4075	3
4076	6
4077	3
4078	2
4079	3
4080	4
4081	2
4082	2
4083	2
4084	3
4085	1
4086	5
4087	1
4088	2
4089	3
4090	5
4091	2
4092	4
4093	1
4094	4
4095	4
4096	4
4097	2
4098	3
4099	4
4100	6
4101	4
4102	4
4103	4
4104	3
4105	5
4106	4
4107	6
4108	2
4109	3
4110	3
4111	3
4112	4
4113	5
4114	3
4115	4
4116	4
4117	2
4118	2
4119	5
4120	4
4121	4
4122	6
4123	2
4124	3
4125	5
4126	6
4127	1
4128	3
4129	2
4130	2
4131	4
4132	0
4133	3
4134	1
4135	4
4136	4
4137	4
4138	3
4139	2
4140	4
4141	6
4142	4
4143	3
4144	3
4145	4
4146	4
4147	3
4148	2
4149	6
4150	3
4151	7
4152	4
4153	2
4154	1
4155	3
4156	1
4157	3
4158	5
4159	3
4160	4
4161	4
4162	6
4163	4
4164	3
4165	2
4166	4
4167	2
4168	6
4169	1
4170	3
4171	4
4172	2
4173	1
4174	9
4175	6
4176	3
4177	3
4178	2
4179	3
4180	2
4181	6
4182	3
4183	2
4184	3
4185	1
4186	2
4187	4
4188	6
4189	1
4190	2
4191	2
4192	6
4193	2
4194	1
4195	5
4196	2
4197	4
4198	2
4199	1
4200	1
4201	3
4202	3
4203	6
4204	5
4205	3
4206	0
4207	2
4208	3
4209	1
4210	5
4211	6
4212	5
4213	4
4214	5
4215	4
4216	3
4217	1
4218	5
4219	4
4220	4
4221	3
4222	2
4223	1
4224	3
4225	2
4226	2
4227	0
4228	1
4229	4
4230	0
4231	2
4232	5
4233	2
4234	1
4235	5
4236	5
4237	3
4238	2
4239	6
4240	1
4241	2
4242	1
4243	3
4244	4
4245	4
4246	6
4247	1
4248	5
4249	3
4250	2
4251	4
4252	1
4253	1
4254	2
4255	3
4256	3
4257	2
4258	2
4259	2
4260	3
4261	2
4262	1
4263	2
4264	2
4265	5
4266	2
4267	7
4268	3
4269	4
4270	5
4271	0
4272	3
4273	3
4274	8
4275	1
4276	4
4277	1
4278	5
4279	4
4280	3
4281	6
4282	2
4283	4
4284	3
4285	4
4286	2
4287	1
4288	6
4289	3
4290	0
4291	2
4292	0
4293	4
4294	3
4295	0
4296	3
4297	5
4298	7
4299	2
4300	4
4301	2
4302	2
4303	3
4304	4
4305	3
4306	4
4307	1
4308	3
4309	4
4310	4
4311	4
4312	2
4313	1
4314	5
4315	6
4316	5
4317	4
4318	3
4319	2
4320	2
4321	5
4322	3
4323	5
4324	3
4325	7
4326	5
4327	8
4328	1
4329	4
4330	4
4331	1
4332	3
4333	1
4334	5
4335	2
4336	3
4337	1
4338	7
4339	3
4340	3
4341	4
4342	4
4343	7
4344	4
4345	4
4346	3
4347	5
4348	6
4349	6
4350	2
4351	5
4352	5
4353	6
4354	3
4355	9
4356	8
4357	1
4358	2
4359	3
4360	3
4361	4
4362	2
4363	2
4364	4
4365	7
4366	3
4367	4
4368	6
4369	6
4370	7
4371	4
4372	5
4373	8
4374	6
4375	6
4376	3
4377	5
4378	8
4379	7
4380	1
4381	1
4382	4
4383	6
4384	7
4385	3
4386	3
4387	6
4388	6
4389	8
4390	3
4391	11
4392	7
4393	6
4394	4
4395	2
4396	3
4397	8
4398	4
4399	7
4400	4
4401	2
4402	2
4403	7
4404	2
4405	6
4406	9
4407	11
4408	2
4409	6
4410	10
4411	6
4412	6
4413	5
4414	7
4415	4
4416	3
4417	7
4418	6
4419	8
4420	5
4421	9
4422	7
4423	6
4424	6
4425	7
4426	8
4427	8
4428	8
4429	6
4430	7
4431	7
4432	4
4433	4
4434	9
4435	5
4436	2
4437	11
4438	8
4439	8
4440	4
4441	10
4442	7
4443	8
4444	9
4445	8
4446	8
4447	4
4448	7
4449	10
4450	3
4451	12
4452	6
4453	2
4454	7
4455	11
4456	4
4457	8
4458	5
4459	9
4460	9
4461	8
4462	9
4463	7
4464	8
4465	6
4466	7
4467	9
4468	8
4469	5
4470	12
4471	15
4472	7
4473	2
4474	11
4475	5
4476	10
4477	11
4478	7
4479	11
4480	7
4481	7
4482	10
4483	10
4484	6
4485	11
4486	4
4487	7
4488	10
4489	2
4490	8
4491	6
4492	13
4493	2
4494	8
4495	13
4496	4
4497	4
4498	13
4499	12
4500	8
4501	5
4502	8
4503	9
4504	14
4505	5
4506	12
4507	5
4508	6
4509	8
4510	6
4511	8
4512	9
4513	10
4514	5
4515	7
4516	9
4517	7
4518	9
4519	9
4520	9
4521	12
4522	15
4523	9
4524	9
4525	5
4526	5
4527	6
4528	12
4529	7
4530	2
4531	10
4532	11
4533	10
4534	6
4535	6
4536	8
4537	6
4538	3
4539	9
4540	6
4541	9
4542	10
4543	6
4544	11
4545	8
4546	8
4547	3
4548	8
4549	7
4550	6
4551	4
4552	8
4553	8
4554	10
4555	5
4556	10
4557	3
4558	6
4559	8
4560	5
4561	3
4562	7
4563	7
4564	7
4565	2
4566	4
4567	5
4568	9
4569	5
4570	11
4571	10
4572	9
4573	6
4574	6
4575	8
4576	8
4577	4
4578	5
4579	8
4580	11
4581	6
4582	4
4583	11
4584	3
4585	3
4586	1
4587	9
4588	11
4589	6
4590	11
4591	5
4592	11
4593	10
4594	3
4595	5
4596	3
4597	9
4598	3
4599	8
4600	10
4601	4
4602	9
4603	12
4604	7
4605	9
4606	4
4607	5
4608	8
4609	9
4610	7
4611	8
4612	9
4613	9
4614	11
4615	8
4616	10
4617	13
4618	5
4619	7
4620	5
4621	3
4622	7
4623	3
4624	7
4625	10
4626	5
4627	5
4628	6
4629	5
4630	8
4631	14
4632	3
4633	13
4634	5
4635	5
4636	6
4637	5
4638	4
4639	3
4640	4
4641	3
4642	6
4643	6
4644	5
4645	6
4646	5
4647	6
4648	5
4649	5
4650	5
4651	5
4652	3
4653	6
4654	6
4655	2
4656	6
4657	8
4658	4
4659	2
4660	6
4661	7
4662	3
4663	11
4664	4
4665	5
4666	7
4667	9
4668	5
4669	5
4670	4
4671	3
4672	4
4673	2
4674	2
4675	5
4676	3
4677	3
4678	1
4679	4
4680	1
4681	2
4682	1
4683	7
4684	6
4685	2
4686	3
4687	8
4688	1
4689	1
4690	4
4691	3
4692	1
4693	4
4694	6
4695	3
4696	0
4697	2
4698	2
4699	4
4700	2
4701	5
4702	3
4703	2
4704	5
4705	6
4706	1
4707	3
4708	1
4709	3
4710	3
4711	2
4712	3
4713	4
4714	4
4715	5
4716	3
4717	0
4718	4
4719	3
4720	2
4721	2
4722	4
4723	3
4724	6
4725	1
4726	4
4727	0
4728	3
4729	3
4730	3
4731	3
4732	6
4733	2
4734	2
4735	4
4736	4
4737	3
4738	2
4739	3
4740	3
4741	3
4742	0
4743	4
4744	3
4745	2
4746	0
4747	4
4748	3
4749	7
4750	3
4751	1
4752	5
4753	2
4754	1
4755	2
4756	1
4757	1
4758	1
4759	2
4760	1
4761	0
4762	0
4763	2
4764	1
4765	3
4766	2
4767	6
4768	2
4769	1
4770	5
4771	5
4772	2
4773	3
4774	3
4775	1
4776	5
4777	2
4778	2
4779	2
4780	3
4781	3
4782	2
4783	1
4784	3
4785	3
4786	4
4787	1
4788	2
4789	0
4790	4
4791	3
4792	0
4793	2
4794	1
4795	2
4796	3
4797	1
4798	1
4799	0
4800	1
4801	3
4802	0
4803	0
4804	1
4805	1
4806	2
4807	3
4808	3
4809	4
4810	1
4811	1
4812	2
4813	2
4814	2
4815	1
4816	0
4817	1
4818	1
4819	3
4820	1
4821	1
4822	1
4823	4
4824	0
4825	1
4826	0
4827	2
4828	2
4829	2
4830	5
4831	0
4832	1
4833	1
4834	1
4835	2
4836	0
4837	1
4838	3
4839	0
4840	0
4841	2
4842	2
4843	4
4844	1
4845	2
4846	0
4847	1
4848	0
4849	1
4850	2
4851	0
4852	0
4853	2
4854	3
4855	2
4856	3
4857	2
4858	0
4859	2
4860	2
4861	2
4862	3
4863	2
4864	0
4865	2
4866	1
4867	1
4868	1
4869	3
4870	2
4871	2
4872	2
4873	2
4874	0
4875	1
4876	2
4877	3
4878	1
4879	1
4880	2
4881	0
4882	1
4883	1
4884	1
4885	0
4886	4
4887	1
4888	4
4889	1
4890	1
4891	0
4892	2
4893	1
4894	0
4895	2
4896	2
4897	0
4898	3
4899	5
4900	3
4901	0
4902	2
4903	3
4904	0
4905	2
4906	1
4907	0
4908	0
4909	0
4910	0
4911	0
4912	1
4913	1
4914	1
4915	2
4916	4
4917	1
4918	1
4919	0
4920	1
4921	3
4922	1
4923	0
4924	0
4925	1
4926	1
4927	1
4928	0
4929	2
4930	2
4931	0
4932	0
4933	0
4934	4
4935	1
4936	0
4937	1
4938	2
4939	3
4940	1
4941	0
4942	2
4943	2
4944	1
4945	0
4946	1
4947	1
4948	3
4949	0
4950	1
4951	1
4952	1
4953	2
4954	2
4955	1
4956	1
4957	0
4958	0
4959	1
4960	1
4961	1
4962	0
4963	3
4964	1
4965	4
4966	2
4967	0
4968	2
4969	1
4970	2
4971	1
4972	0
4973	0
4974	1
4975	0
4976	1
4977	2
4978	4
4979	0
4980	4
4981	0
4982	1
4983	0
4984	1
4985	1
4986	0
4987	1
4988	1
4989	1
4990	2
4991	2
4992	1
4993	1
4994	0
4995	2
4996	0
4997	2
4998	2
4999	0
5000	1
5001	2
5002	1
5003	1
5004	1
5005	0
5006	1
5007	1
5008	1
5009	4
5010	1
5011	1
5012	1
5013	1
5014	0
5015	1
5016	3
5017	1
5018	1
5019	3
5020	1
5021	3
5022	1
5023	2
5024	0
5025	2
5026	3
5027	0
5028	3
5029	0
5030	1
5031	1
5032	1
5033	0
5034	0
5035	2
5036	0
5037	1
5038	1
5039	0
5040	1
5041	2
5042	1
5043	4
5044	1
5045	0
5046	4
5047	1
5048	1
5049	0
5050	1
5051	1
5052	0
5053	2
5054	1
5055	1
5056	1
5057	2
5058	0
5059	1
5060	1
5061	0
5062	1
5063	1
5064	0
5065	1
5066	0
5067	2
5068	2
5069	0
5070	1
5071	1
5072	1
5073	1
5074	2
5075	0
5076	0
5077	1
5078	0
5079	0
5080	0
5081	1
5082	3
5083	3
5084	1
5085	0
5086	0
5087	0
5088	0
5089	0
5090	1
5091	0
5092	1
5093	0
5094	0
5095	0
5096	0
5097	0
5098	0
5099	1
5100	0
5101	2
5102	4
5103	2
5104	1
5105	2
5106	4
5107	0
5108	0
5109	0
5110	0
5111	1
5112	0
5113	0
5114	0
5115	0
5116	0
5117	0
5118	3
5119	0
5120	0
5121	2
5122	0
5123	1
5124	1
5125	3
5126	2
5127	1
5128	1
5129	0
5130	0
5131	0
5132	0
5133	1
5134	1
5135	3
5136	1
5137	1
5138	0
5139	1
5140	1
5141	0
5142	3
5143	0
5144	3
5145	0
5146	2
5147	3
5148	1
5149	1
5150	1
5151	3
5152	1
5153	2
5154	1
5155	0
5156	1
5157	0
5158	2
5159	0
5160	1
5161	0
5162	2
5163	2
5164	0
5165	0
5166	0
5167	0
5168	0
5169	0
5170	0
5171	0
5172	3
5173	0
5174	4
5175	1
5176	3
5177	1
5178	1
5179	1
5180	0
5181	3
5182	2
5183	0
5184	1
5185	0
5186	0
5187	1
5188	1
5189	0
5190	1
5191	0
5192	0
5193	0
5194	0
5195	1
5196	1
5197	1
5198	0
5199	1
5200	0
5201	1
5202	1
5203	2
5204	1
5205	0
5206	2
5207	1
5208	2
5209	0
5210	2
5211	0
5212	1
5213	2
5214	0
5215	1
5216	2
5217	0
5218	1
5219	0
5220	1
5221	1
5222	5
5223	0
5224	2
5225	1
5226	2
5227	2
5228	1
5229	2
5230	0
5231	0
5232	0
5233	0
5234	2
5235	0
5236	1
5237	0
5238	2
5239	0
5240	0
5241	0
5242	0
5243	1
5244	1
5245	0
5246	2
5247	0
5248	1
5249	1
5250	2
5251	0
5252	0
5253	0
5254	0
5255	2
5256	1
5257	0
5258	1
5259	1
5260	0
5261	2
5262	3
5263	0
5264	2
5265	0
5266	4
5267	0
5268	1
5269	1
5270	1
5271	2
5272	2
5273	0
5274	1
5275	0
5276	0
5277	0
5278	1
5279	2
5280	1
5281	1
5282	1
5283	1
5284	0
5285	1
5286	2
5287	1
5288	1
5289	1
5290	1
5291	1
5292	0
5293	1
5294	1
5295	0
5296	0
5297	0
5298	0
5299	1
5300	1
5301	2
5302	0
5303	0
5304	2
5305	0
5306	0
5307	0
5308	0
5309	1
5310	2
5311	0
5312	0
5313	0
5314	1
5315	1
5316	1
5317	2
5318	4
5319	2
5320	0
5321	2
5322	2
5323	1
5324	0
5325	1
5326	0
5327	0
5328	2
5329	0
5330	1
5331	1
5332	0
5333	1
5334	0
5335	0
5336	0
5337	1
5338	1
5339	0
5340	1
5341	5
5342	1
5343	0
5344	1
5345	2
5346	1
5347	1
5348	0
5349	3
5350	2
5351	1
5352	4
5353	1
5354	1
5355	1
5356	5
5357	1
5358	3
5359	1
5360	0
5361	1
5362	0
5363	1
5364	1
5365	1
5366	3
5367	1
5368	0
5369	3
5370	0
5371	1
5372	1
5373	0
5374	1
5375	1
5376	2
5377	1
5378	0
5379	1
5380	3
5381	0
5382	1
5383	4
5384	2
5385	0
5386	1
5387	2
5388	1
5389	1
5390	1
5391	3
5392	2
5393	0
5394	1
5395	4
5396	1
5397	1
5398	0
5399	1
5400	1
5401	4
5402	1
5403	1
5404	0
5405	2
5406	1
5407	1
5408	2
5409	0
5410	4
5411	1
5412	1
5413	0
5414	2
5415	0
5416	0
5417	0
5418	0
5419	1
5420	3
5421	1
5422	1
5423	1
5424	1
5425	0
5426	0
5427	0
5428	3
5429	1
5430	2
5431	0
5432	1
5433	3
5434	0
5435	1
5436	0
5437	2
5438	2
5439	1
5440	2
5441	3
5442	2
5443	3
5444	1
5445	2
5446	2
5447	0
5448	1
5449	0
5450	0
5451	0
5452	1
5453	1
5454	3
5455	1
5456	1
5457	0
5458	0
5459	1
5460	2
5461	0
5462	1
5463	1
5464	0
5465	0
5466	0
5467	1
5468	0
5469	1
5470	1
5471	1
5472	0
5473	1
5474	0
5475	2
5476	0
5477	1
5478	0
5479	1
5480	0
5481	0
5482	4
5483	2
5484	3
5485	0
5486	1
5487	2
5488	0
5489	2
5490	4
5491	1
5492	2
5493	2
5494	0
5495	1
5496	1
5497	1
5498	1
5499	2
5500	2
5501	2
5502	3
5503	2
5504	0
5505	1
5506	1
5507	1
5508	0
5509	2
5510	2
5511	1
5512	3
5513	2
5514	0
5515	1
5516	2
5517	1
5518	0
5519	1
5520	0
5521	0
5522	0
5523	2
5524	0
5525	1
5526	0
5527	0
5528	1
5529	2
5530	1
5531	2
5532	3
5533	1
5534	1
5535	2
5536	2
5537	1
5538	2
5539	0
5540	2
5541	0
5542	2
5543	0
5544	1
5545	1
5546	1
5547	3
5548	0
5549	0
5550	1
5551	1
5552	2
5553	2
5554	1
5555	1
5556	0
5557	1
5558	0
5559	1
5560	3
5561	1
5562	2
5563	3
5564	2
5565	0
5566	2
5567	0
5568	1
5569	2
5570	0
5571	2
5572	3
5573	1
5574	0
5575	0
5576	0
5577	1
5578	0
5579	1
5580	1
5581	2
5582	2
5583	1
5584	0
5585	3
5586	1
5587	2
5588	1
5589	1
5590	1
5591	1
5592	1
5593	0
5594	0
5595	0
5596	0
5597	2
5598	1
5599	2
5600	1
5601	1
5602	1
5603	4
5604	1
5605	2
5606	2
5607	0
5608	1
5609	2
5610	1
5611	1
5612	0
5613	1
5614	0
5615	1
5616	1
5617	1
5618	1
5619	0
5620	2
5621	1
5622	1
5623	0
5624	1
5625	1
5626	0
5627	0
5628	0
5629	1
5630	0
5631	1
5632	1
5633	1
5634	0
5635	1
5636	0
5637	1
5638	2
5639	0
5640	0
5641	2
5642	1
5643	1
5644	0
5645	0
5646	0
5647	1
5648	2
5649	0
5650	1
5651	0
5652	0
5653	0
5654	2
5655	0
5656	1
5657	1
5658	3
5659	0
5660	0
5661	0
5662	0
5663	1
5664	2
5665	1
5666	0
5667	0
5668	1
5669	0
5670	1
5671	0
5672	0
5673	0
5674	0
5675	0
5676	0
5677	0
5678	1
5679	0
5680	0
5681	1
5682	1
5683	0
5684	1
5685	1
5686	1
5687	0
5688	1
5689	0
5690	2
5691	1
5692	2
5693	1
5694	1
5695	2
5696	1
5697	0
5698	0
5699	1
5700	1
5701	2
5702	1
5703	0
5704	1
5705	0
5706	1
5707	1
5708	1
5709	0
5710	0
5711	1
5712	1
5713	0
5714	1
5715	2
5716	0
5717	1
5718	1
5719	1
5720	1
5721	1
5722	1
5723	1
5724	1
5725	1
5726	2
5727	0
5728	3
5729	1
5730	0
5731	2
5732	1
5733	2
5734	0
5735	0
5736	1
5737	0
5738	0
5739	1
5740	1
5741	1
5742	0
5743	0
5744	0
5745	1
5746	0
5747	1
5748	0
5749	1
5750	0
5751	0
5752	0
5753	0
5754	1
5755	0
5756	0
5757	2
5758	1
5759	0
5760	2
5761	0
5762	2
5763	0
5764	1
5765	0
5766	0
5767	2
5768	1
5769	0
5770	0
5771	1
5772	2
5773	1
5774	1
5775	1
5776	0
5777	1
5778	1
5779	0
5780	1
5781	1
5782	2
5783	1
5784	1
5785	0
5786	2
5787	0
5788	0
5789	2
5790	0
5791	1
5792	2
5793	0
5794	1
5795	1
5796	0
5797	0
5798	0
5799	0
5800	0
5801	4
5802	0
5803	1
5804	0
5805	0
5806	2
5807	0
5808	0
5809	1
5810	0
5811	0
5812	0
5813	0
5814	0
5815	3
5816	1
5817	0
5818	6
5819	0
5820	2
5821	0
5822	0
5823	0
5824	0
5825	1
5826	0
5827	0
5828	1
5829	1
5830	0
5831	1
5832	0
5833	0
5834	1
5835	0
5836	2
5837	0
5838	0
5839	1
5840	0
5841	1
5842	0
5843	2
5844	0
5845	0
5846	0
5847	2
5848	1
5849	0
5850	0
5851	1
5852	1
5853	1
5854	2
5855	0
5856	0
5857	0
5858	0
5859	1
5860	1
5861	0
5862	0
5863	2
5864	0
5865	1
5866	0
5867	0
5868	1
5869	0
5870	0
5871	0
5872	0
5873	0
5874	1
5875	0
5876	0
5877	0
5878	1
5879	1
5880	0
5881	0
5882	1
5883	1
5884	1
5885	2
5886	0
5887	0
5888	1
5889	0
5890	0
5891	1
5892	0
5893	0
5894	1
5895	1
5896	1
5897	0
5898	0
5899	4
5900	0
5901	1
5902	1
5903	0
5904	0
5905	1
5906	0
5907	0
5908	1
5909	1
5910	0
5911	0
5912	1
5913	0
5914	1
5915	0
5916	1
5917	1
5918	2
5919	0
5920	0
5921	0
5922	1
5923	0
5924	0
5925	0
5926	1
5927	2
5928	0
5929	0
5930	0
5931	0
5932	0
5933	0
5934	0
5935	1
5936	0
5937	1
5938	0
5939	0
5940	0
5941	1
5942	0
5943	0
5944	0
5945	1
5946	1
5947	1
5948	0
5949	1
5950	2
5951	0
5952	1
5953	0
5954	0
5955	0
5956	1
5957	0
5958	1
5959	0
5960	0
5961	0
5962	1
5963	0
5964	0
5965	0
5966	1
5967	1
5968	2
5969	0
5970	0
5971	2
5972	0
5973	0
5974	0
5975	0
5976	0
5977	1
5978	0
5979	1
5980	0
5981	0
5982	1
5983	1
5984	0
5985	0
5986	0
5987	1
5988	1
5989	0
5990	1
5991	1
5992	0
5993	0
5994	0
5995	1
5996	2
5997	0
5998	0
5999	1
6000	2
6001	0
6002	2
6003	1
6004	1
6005	0
6006	0
6007	3
6008	1
6009	1
6010	2
6011	1
6012	0
6013	1
6014	1
6015	0
6016	0
6017	0
6018	0
6019	1
6020	0
6021	0
6022	1
6023	1
6024	1
6025	0
6026	1
6027	0
6028	0
6029	0
6030	1
6031	0
6032	0
6033	0
6034	0
6035	0
6036	0
6037	1
6038	0
6039	0
6040	0
6041	1
6042	1
6043	1
6044	0
6045	0
6046	2
6047	0
6048	0
6049	0
6050	0
6051	0
6052	2
6053	2
6054	0
6055	0
6056	0
6057	0
6058	1
6059	0
6060	0
6061	0
6062	2
6063	0
6064	0
6065	1
6066	0
6067	2
6068	0
6069	1
6070	1
6071	1
6072	1
6073	0
6074	1
6075	0
6076	0
6077	1
6078	0
6079	0
6080	0
6081	1
6082	0
6083	1
6084	1
6085	0
6086	0
6087	0
6088	1
6089	0
6090	0
6091	0
6092	0
6093	0
6094	0
6095	0
6096	0
6097	1
6098	0
6099	0
6100	1
6101	1
6102	0
6103	0
6104	1
6105	1
6106	0
6107	0
6108	0
6109	1
6110	2
6111	1
6112	0
6113	2
6114	0
6115	1
6116	0
6117	0
6118	0
6119	1
6120	1
6121	1
6122	0
6123	1
6124	0
6125	0
6126	0
6127	1
6128	0
6129	1
6130	1
6131	0
6132	0
6133	0
6134	2
6135	1
6136	1
6137	0
6138	1
6139	0
6140	0
6141	1
6142	2
6143	0
6144	1
6145	2
6146	1
6147	0
6148	0
6149	1
6150	2
6151	1
6152	0
6153	1
6154	1
6155	0
6156	1
6157	0
6158	0
6159	2
6160	1
6161	2
6162	1
6163	1
6164	0
6165	0
6166	0
6167	0
6168	1
6169	0
6170	1
6171	1
6172	1
6173	1
6174	1
6175	0
6176	1
6177	1
6178	1
6179	0
6180	1
6181	1
6182	0
6183	0
6184	0
6185	0
6186	0
6187	0
6188	0
6189	1
6190	0
6191	1
6192	0
6193	2
6194	1
6195	0
6196	1
6197	0
6198	0
6199	1
6200	1
6201	0
6202	0
6203	2
6204	0
6205	1
6206	0
6207	0
6208	1
6209	0
6210	1
6211	1
6212	0
6213	1
6214	0
6215	0
6216	1
6217	0
6218	0
6219	0
6220	1
6221	0
6222	0
6223	0
6224	1
6225	0
6226	0
6227	1
6228	1
6229	0
6230	0
6231	2
6232	0
6233	0
6234	0
6235	0
6236	1
6237	1
6238	0
6239	1
6240	2
6241	0
6242	2
6243	3
6244	0
6245	0
6246	1
6247	0
6248	0
6249	0
6250	1
6251	0
6252	0
6253	0
6254	1
6255	1
6256	0
6257	0
6258	0
6259	1
6260	1
6261	0
6262	1
6263	1
6264	0
6265	0
6266	0
6267	1
6268	2
6269	0
6270	0
6271	3
6272	0
6273	1
6274	0
6275	1
6276	1
6277	0
6278	1
6279	0
6280	1
6281	0
6282	0
6283	1
6284	0
6285	1
6286	0
6287	0
6288	0
6289	0
6290	0
6291	0
6292	0
6293	1
6294	0
6295	1
6296	0
6297	2
6298	0
6299	0
6300	0
6301	1
6302	1
6303	2
6304	1
6305	0
6306	0
6307	0
6308	0
6309	1
6310	2
6311	0
6312	0
6313	1
6314	1
6315	1
6316	1
6317	0
6318	1
6319	1
6320	1
6321	2
6322	0
6323	0
6324	0
6325	0
6326	2
6327	0
6328	0
6329	1
6330	2
6331	0
6332	1
6333	1
6334	1
6335	0
6336	0
6337	1
6338	1
6339	0
6340	1
6341	0
6342	3
6343	0
6344	0
6345	1
6346	1
6347	0
6348	0
6349	0
6350	2
6351	0
6352	1
6353	0
6354	0
6355	2
6356	2
6357	3
6358	0
6359	0
6360	1
6361	2
6362	0
6363	1
6364	0
6365	1
6366	0
6367	0
6368	0
6369	0
6370	2
6371	1
6372	1
6373	0
6374	1
6375	1
6376	0
6377	1
6378	0
6379	0
6380	0
6381	0
6382	0
6383	0
6384	0
6385	1
6386	1
6387	2
6388	0
6389	2
6390	0
6391	1
6392	1
6393	1
6394	1
6395	0
6396	2
6397	0
6398	1
6399	0
6400	1
6401	0
6402	0
6403	0
6404	0
6405	1
6406	0
6407	1
6408	1
6409	2
6410	0
6411	0
6412	1
6413	0
6414	4
6415	2
6416	0
6417	0
6418	2
6419	1
6420	0
6421	0
6422	0
6423	2
6424	1
6425	0
6426	0
6427	1
6428	0
6429	1
6430	0
6431	1
6432	0
6433	0
6434	1
6435	0
6436	0
6437	0
6438	1
6439	0
6440	1
6441	1
6442	0
6443	1
6444	0
6445	0
6446	1
6447	1
6448	0
6449	0
6450	1
6451	0
6452	1
6453	0
6454	0
6455	1
6456	4
6457	2
6458	2
6459	0
6460	0
6461	2
6462	0
6463	2
6464	0
6465	0
6466	1
6467	0
6468	0
6469	3
6470	3
6471	1
6472	1
6473	1
6474	2
6475	0
6476	0
6477	1
6478	0
6479	0
6480	1
6481	1
6482	2
6483	1
6484	1
6485	0
6486	2
6487	0
6488	2
6489	1
6490	0
6491	1
6492	1
6493	1
6494	0
6495	3
6496	1
6497	0
6498	1
6499	1
6500	0
6501	1
6502	1
6503	1
6504	2
6505	1
6506	0
6507	1
6508	2
6509	1
6510	1
6511	1
6512	0
6513	1
6514	0
6515	1
6516	0
6517	1
6518	0
6519	1
6520	0
6521	1
6522	1
6523	2
6524	0
6525	0
6526	0
6527	1
6528	2
6529	3
6530	2
6531	1
6532	3
6533	1
6534	0
6535	1
6536	0
6537	0
6538	1
6539	1
6540	0
6541	2
6542	2
6543	2
6544	1
6545	0
6546	3
6547	0
6548	0
6549	2
6550	0
6551	1
6552	0
6553	0
6554	1
6555	1
6556	0
6557	3
6558	1
6559	1
6560	0
6561	1
6562	2
6563	0
6564	2
6565	0
6566	0
6567	0
6568	1
6569	0
6570	0
6571	0
6572	0
6573	0
6574	0
6575	1
6576	1
6577	1
6578	1
6579	2
6580	2
6581	0
6582	0
6583	1
6584	0
6585	1
6586	1
6587	1
6588	0
6589	0
6590	2
6591	1
6592	0
6593	0
6594	3
6595	2
6596	2
6597	2
6598	0
6599	2
6600	1
6601	1
6602	0
6603	0
6604	0
6605	1
6606	3
6607	1
6608	1
6609	2
6610	1
6611	2
6612	0
6613	4
6614	1
6615	1
6616	1
6617	1
6618	1
6619	3
6620	0
6621	0
6622	0
6623	1
6624	4
6625	0
6626	2
6627	1
6628	0
6629	0
6630	0
6631	3
6632	2
6633	1
6634	0
6635	0
6636	1
6637	2
6638	5
6639	1
6640	0
6641	0
6642	2
6643	1
6644	1
6645	1
6646	0
6647	0
6648	2
6649	1
6650	0
6651	0
6652	0
6653	0
6654	0
6655	0
6656	1
6657	1
6658	0
6659	0
6660	1
6661	0
6662	0
6663	1
6664	0
6665	1
6666	0
6667	1
6668	1
6669	1
6670	0
6671	0
6672	1
6673	1
6674	1
6675	2
6676	1
6677	1
6678	1
6679	1
6680	0
6681	2
6682	3
6683	2
6684	0
6685	1
6686	2
6687	0
6688	1
6689	1
6690	0
6691	0
6692	0
6693	1
6694	1
6695	2
6696	0
6697	0
6698	2
6699	1
6700	1
6701	0
6702	0
6703	0
6704	1
6705	1
6706	0
6707	1
6708	3
6709	0
6710	1
6711	3
6712	1
6713	1
6714	3
6715	0
6716	0
6717	1
6718	0
6719	0
6720	2
6721	0
6722	0
6723	2
6724	1
6725	2
6726	0
6727	1
6728	0
6729	0
6730	1
6731	1
6732	1
6733	1
6734	0
6735	0
6736	1
6737	3
6738	2
6739	1
6740	1
6741	1
6742	0
6743	2
6744	0
6745	1
6746	0
6747	0
6748	2
6749	1
6750	1
6751	1
6752	1
6753	0
6754	2
6755	1
6756	3
6757	1
6758	1
6759	0
6760	0
6761	1
6762	0
6763	0
6764	0
6765	0
6766	0
6767	0
6768	1
6769	2
6770	0
6771	0
6772	1
6773	1
6774	0
6775	0
6776	3
6777	0
6778	0
6779	0
6780	0
6781	1
6782	0
6783	0
6784	1
6785	1
6786	0
6787	1
6788	2
6789	0
6790	1
6791	1
6792	0
6793	0
6794	1
6795	0
6796	1
6797	0
6798	0
6799	0
6800	0
6801	0
6802	0
6803	0
6804	1
6805	0
6806	1
6807	0
6808	2
6809	1
6810	0
6811	0
6812	1
6813	1
6814	0
6815	1
6816	0
6817	1
6818	0
6819	0
6820	1
6821	1
6822	2
6823	0
6824	0
6825	1
6826	0
6827	1
6828	0
6829	1
6830	3
6831	0
6832	0
6833	2
6834	1
6835	0
6836	0
6837	1
6838	2
6839	1
6840	1
6841	1
6842	1
6843	0
6844	2
6845	0
6846	1
6847	0
6848	0
6849	1
6850	0
6851	0
6852	1
6853	0
6854	0
6855	0
6856	2
6857	0
6858	1
6859	0
6860	0
6861	0
6862	0
6863	0
6864	0
6865	0
6866	1
6867	1
6868	0
6869	1
6870	0
6871	0
6872	0
6873	0
6874	1
6875	2
6876	0
6877	1
6878	3
6879	1
6880	0
6881	0
6882	1
6883	0
6884	0
6885	1
6886	0
6887	0
6888	2
6889	0
6890	1
6891	2
6892	0
6893	0
6894	2
6895	2
6896	0
6897	0
6898	0
6899	0
6900	1
6901	0
6902	0
6903	0
6904	0
6905	0
6906	0
6907	1
6908	0
6909	0
6910	1
6911	0
6912	0
6913	0
6914	1
6915	0
6916	1
6917	0
6918	0
6919	0
6920	0
6921	1
6922	1
6923	1
6924	1
6925	1
6926	4
6927	1
6928	2
6929	1
6930	0
6931	0
6932	1
6933	0
6934	0
6935	2
6936	0
6937	0
6938	0
6939	1
6940	3
6941	0
6942	0
6943	2
6944	1
6945	1
6946	1
6947	1
6948	0
6949	1
6950	0
6951	0
6952	1
6953	0
6954	1
6955	0
6956	2
6957	0
6958	0
6959	2
6960	0
6961	0
6962	1
6963	2
6964	0
6965	0
6966	0
6967	0
6968	0
6969	0
6970	0
6971	1
6972	1
6973	0
6974	1
6975	1
6976	0
6977	0
6978	1
6979	1
6980	0
6981	1
6982	0
6983	2
6984	1
6985	1
6986	0
6987	0
6988	1
6989	1
6990	1
6991	0
6992	0
6993	0
6994	1
6995	1
6996	0
6997	2
6998	0
6999	0
7000	1
7001	1
7002	1
7003	1
7004	1
7005	0
7006	1
7007	0
7008	0
7009	1
7010	1
7011	1
7012	0
7013	2
7014	2
7015	0
7016	1
7017	1
7018	0
7019	0
7020	0
7021	1
7022	0
7023	1
7024	1
7025	0
7026	0
7027	0
7028	1
7029	1
7030	1
7031	1
7032	0
7033	0
7034	1
7035	0
7036	1
7037	0
7038	2
7039	0
7040	1
7041	0
7042	0
7043	1
7044	2
7045	1
7046	1
7047	0
7048	0
7049	0
7050	0
7051	0
7052	0
7053	1
7054	0
7055	0
7056	0
7057	0
7058	0
7059	0
7060	1
7061	0
7062	0
7063	0
7064	1
7065	1
7066	0
7067	1
7068	2
7069	0
7070	1
7071	0
7072	1
7073	0
7074	0
7075	1
7076	0
7077	0
7078	1
7079	0
7080	1
7081	1
7082	1
7083	0
7084	1
7085	1
7086	0
7087	0
7088	0
7089	0
7090	0
7091	0
7092	0
7093	0
7094	0
7095	0
7096	1
7097	0
7098	0
7099	1
7100	0
7101	0
7102	0
7103	2
7104	0
7105	0
7106	0
7107	0
7108	1
7109	1
7110	1
7111	1
7112	2
7113	1
7114	0
7115	0
7116	0
7117	1
7118	1
7119	1
7120	0
7121	0
7122	0
7123	1
7124	0
7125	1
7126	0
7127	0
7128	2
7129	0
7130	0
7131	0
7132	0
7133	0
7134	0
7135	0
7136	0
7137	1
7138	0
7139	0
7140	0
7141	1
7142	0
7143	0
7144	0
7145	1
7146	2
7147	0
7148	1
7149	0
7150	2
7151	0
7152	1
7153	0
7154	0
7155	0
7156	0
7157	1
7158	0
7159	1
7160	0
7161	0
7162	1
7163	0
7164	0
7165	0
7166	1
7167	0
7168	0
7169	0
7170	2
7171	0
7172	0
7173	3
7174	1
7175	1
7176	0
7177	0
7178	1
7179	1
7180	0
7181	0
7182	0
7183	0
7184	0
7185	0
7186	0
7187	1
7188	0
7189	1
7190	0
7191	0
7192	0
7193	0
7194	0
7195	1
7196	0
7197	2
7198	1
7199	1
7200	1
7201	1
7202	0
7203	0
7204	1
7205	0
7206	0
7207	0
7208	2
7209	0
7210	0
7211	0
7212	1
7213	0
7214	0
7215	1
7216	1
7217	1
7218	1
7219	0
7220	0
7221	0
7222	0
7223	2
7224	2
7225	0
7226	0
7227	0
7228	0
7229	0
7230	0
7231	1
7232	0
7233	0
7234	2
7235	0
7236	0
7237	0
7238	1
7239	0
7240	1
7241	0
7242	0
7243	1
7244	1
7245	0
7246	1
7247	0
7248	0
7249	0
7250	0
7251	0
7252	0
7253	0
7254	1
7255	0
7256	0
7257	2
7258	0
7259	0
7260	1
7261	1
7262	0
7263	1
7264	0
7265	0
7266	0
7267	0
7268	1
7269	1
7270	0
7271	0
7272	0
7273	1
7274	0
7275	0
7276	0
7277	0
7278	0
7279	1
7280	1
7281	1
7282	0
7283	0
7284	2
7285	0
7286	0
7287	0
7288	0
7289	0
7290	1
7291	0
7292	0
7293	0
7294	0
7295	1
7296	0
7297	1
7298	0
7299	0
7300	1
7301	0
7302	0
7303	1
7304	0
7305	0
7306	1
7307	0
7308	1
7309	0
7310	0
7311	0
7312	0
7313	0
7314	0
7315	0
7316	0
7317	0
7318	0
7319	1
7320	0
7321	1
7322	0
7323	0
7324	0
7325	1
7326	0
7327	2
7328	0
7329	1
7330	1
7331	0
7332	0
7333	0
7334	0
7335	0
7336	0
7337	0
7338	0
7339	1
7340	0
7341	0
7342	0
7343	0
7344	0
7345	0
7346	0
7347	1
7348	1
7349	0
7350	0
7351	0
7352	0
7353	1
7354	2
7355	0
7356	0
7357	0
7358	0
7359	0
7360	0
7361	0
7362	0
7363	0
7364	0
7365	0
7366	0
7367	1
7368	2
7369	0
7370	0
7371	0
7372	1
7373	0
7374	1
7375	0
7376	0
7377	0
7378	1
7379	0
7380	0
7381	1
7382	0
7383	0
7384	0
7385	0
7386	0
7387	0
7388	1
7389	1
7390	0
7391	1
7392	0
7393	0
7394	0
7395	1
7396	1
7397	0
7398	2
7399	0
7400	0
7401	0
7402	1
7403	2
7404	0
7405	0
7406	0
7407	0
7408	0
7409	0
7410	0
7411	0
7412	0
7413	0
7414	0
7415	0
7416	2
7417	0
7418	0
7419	0
7420	0
7421	0
7422	1
7423	0
7424	0
7425	0
7426	0
7427	0
7428	0
7429	2
7430	0
7431	0
7432	0
7433	0
7434	0
7435	1
7436	1
7437	0
7438	0
7439	0
7440	0
7441	0
7442	0
7443	0
7444	0
7445	0
7446	0
7447	0
7448	2
7449	0
7450	2
7451	0
7452	1
7453	0
7454	0
7455	1
7456	0
7457	0
7458	0
7459	0
7460	1
7461	0
7462	0
7463	0
7464	0
7465	0
7466	2
7467	0
7468	0
7469	1
7470	0
7471	1
7472	0
7473	0
7474	1
7475	0
7476	0
7477	0
7478	0
7479	1
7480	1
7481	0
7482	0
7483	1
7484	1
7485	0
7486	1
7487	2
7488	0
7489	0
7490	0
7491	0
7492	0
7493	0
7494	0
7495	0
7496	0
7497	1
7498	0
7499	0
7500	0
7501	0
7502	0
7503	0
7504	2
7505	0
7506	0
7507	1
7508	0
7509	1
7510	0
7511	1
7512	1
7513	0
7514	0
7515	0
7516	0
7517	0
7518	0
7519	1
7520	1
7521	0
7522	0
7523	1
7524	0
7525	1
7526	1
7527	0
7528	0
7529	0
7530	0
7531	0
7532	0
7533	0
7534	0
7535	0
7536	1
7537	0
7538	1
7539	0
7540	1
7541	2
7542	0
7543	0
7544	0
7545	0
7546	0
7547	0
7548	0
7549	0
7550	0
7551	0
7552	0
7553	0
7554	0
7555	0
7556	1
7557	1
7558	0
7559	0
7560	0
7561	0
7562	0
7563	1
7564	0
7565	0
7566	0
7567	1
7568	0
7569	1
7570	0
7571	0
7572	0
7573	0
7574	0
7575	0
7576	0
7577	1
7578	0
7579	0
7580	0
7581	1
7582	0
7583	0
7584	0
7585	1
7586	0
7587	0
7588	0
7589	1
7590	1
7591	0
7592	0
7593	1
7594	1
7595	0
7596	0
7597	0
7598	0
7599	0
7600	0
7601	0
7602	0
7603	0
7604	0
7605	1
7606	0
7607	0
7608	0
7609	0
7610	0
7611	0
7612	0
7613	0
7614	0
7615	0
7616	1
7617	0
7618	0
7619	0
7620	0
7621	0
7622	0
7623	0
7624	0
7625	0
7626	0
7627	0
7628	0
7629	0
7630	2
7631	0
7632	1
7633	1
7634	0
7635	1
7636	3
7637	0
7638	0
7639	0
7640	1
7641	1
7642	1
7643	0
7644	0
7645	0
7646	1
7647	0
7648	0
7649	0
7650	0
7651	0
7652	1
7653	0
7654	0
7655	0
7656	1
7657	0
7658	0
7659	1
7660	0
7661	1
7662	0
7663	0
7664	0
7665	0
7666	0
7667	0
7668	0
7669	0
7670	0
7671	0
7672	0
7673	0
7674	0
7675	0
7676	0
7677	0
7678	1
7679	2
7680	0
7681	0
7682	0
7683	0
7684	0
7685	1
7686	0
7687	0
7688	0
7689	0
7690	0
7691	0
7692	1
7693	0
7694	0
7695	0
7696	0
7697	0
7698	0
7699	0
7700	0
7701	0
7702	0
7703	3
7704	1
7705	2
7706	0
7707	1
7708	0
7709	1
7710	0
7711	0
7712	0
7713	0
7714	0
7715	0
7716	0
7717	0
7718	0
7719	0
7720	0
7721	0
7722	0
7723	0
7724	1
7725	0
7726	0
7727	1
7728	0
7729	0
7730	1
7731	1
7732	0
7733	0
7734	0
7735	1
7736	0
7737	1
7738	0
7739	0
7740	2
7741	1
7742	1
7743	0
7744	0
7745	0
7746	0
7747	0
7748	0
7749	1
7750	0
7751	2
7752	0
7753	0
7754	0
7755	0
7756	1
7757	0
7758	0
7759	0
7760	1
7761	0
7762	1
7763	0
7764	0
7765	1
7766	0
7767	0
7768	0
7769	0
7770	0
7771	0
7772	0
7773	0
7774	2
7775	0
7776	2
7777	0
7778	1
7779	1
7780	1
7781	0
7782	0
7783	0
7784	0
7785	0
7786	1
7787	3
7788	0
7789	0
7790	0
7791	2
7792	0
7793	1
7794	1
7795	0
7796	1
7797	0
7798	1
7799	2
7800	1
7801	0
7802	0
7803	0
7804	0
7805	0
7806	1
7807	3
7808	1
7809	1
7810	1
7811	0
7812	0
7813	1
7814	1
7815	0
7816	0
7817	3
7818	1
7819	0
7820	0
7821	0
7822	0
7823	0
7824	2
7825	1
7826	1
7827	0
7828	0
7829	0
7830	1
7831	1
7832	1
7833	0
7834	2
7835	0
7836	0
7837	0
7838	1
7839	0
7840	2
7841	1
7842	1
7843	2
7844	1
7845	1
7846	2
7847	0
7848	1
7849	0
7850	0
7851	1
7852	1
7853	1
7854	0
7855	1
7856	1
7857	0
7858	1
7859	2
7860	0
7861	0
7862	1
7863	0
7864	1
7865	1
7866	1
7867	0
7868	0
7869	3
7870	0
7871	1
7872	0
7873	1
7874	0
7875	1
7876	1
7877	0
7878	1
7879	0
7880	1
7881	1
7882	0
7883	1
7884	1
7885	0
7886	1
7887	1
7888	1
7889	0
7890	2
7891	1
7892	1
7893	0
7894	3
7895	0
7896	3
7897	1
7898	0
7899	0
7900	1
7901	0
7902	0
7903	1
7904	0
7905	0
7906	0
7907	3
7908	1
7909	0
7910	1
7911	0
7912	0
7913	0
7914	1
7915	0
7916	1
7917	0
7918	0
7919	4
7920	0
7921	2
7922	0
7923	0
7924	1
7925	0
7926	0
7927	4
7928	1
7929	0
7930	1
7931	0
7932	2
7933	1
7934	3
7935	2
7936	1
7937	0
7938	2
7939	1
7940	0
7941	0
7942	0
7943	0
7944	1
7945	0
7946	0
7947	1
7948	0
7949	0
7950	1
7951	0
7952	2
7953	4
7954	0
7955	3
7956	1
7957	1
7958	0
7959	2
7960	1
7961	1
7962	1
7963	1
7964	3
7965	0
7966	1
7967	3
7968	0
7969	0
7970	1
7971	2
7972	0
7973	1
7974	1
7975	0
7976	2
7977	2
7978	0
7979	1
7980	1
7981	4
7982	1
7983	0
7984	0
7985	1
7986	0
7987	2
7988	0
7989	0
7990	0
7991	2
7992	1
7993	1
7994	0
7995	0
7996	1
7997	1
7998	1
7999	0
8000	0
8001	0
8002	0
8003	1
8004	0
8005	1
8006	1
8007	0
8008	1
8009	1
8010	3
8011	0
8012	1
8013	1
8014	2
8015	0
8016	0
8017	0
8018	0
8019	0
8020	0
8021	0
8022	0
8023	0
8024	0
8025	0
8026	0
8027	0
8028	0
8029	0
8030	0
8031	0
8032	0
8033	0
8034	0
8035	0
8036	0
8037	0
8038	0
8039	0
8040	0
8041	0
8042	0
8043	0
8044	0
8045	0
8046	0
8047	0
8048	0
8049	0
8050	0
8051	0
8052	0
8053	0
8054	0
8055	0
8056	0
8057	0
8058	0
8059	0
8060	0
8061	0
8062	0
8063	0
8064	0
8065	0
8066	0
8067	0
8068	0
8069	0
8070	0
8071	0
8072	0
8073	0
8074	0
8075	0
8076	0
8077	0
8078	0
8079	0
8080	0
8081	0
8082	0
8083	0
8084	0
8085	0
8086	0
8087	0
8088	0
8089	0
8090	0
8091	0
8092	0
8093	0
8094	0
8095	0
8096	0
8097	0
8098	0
8099	0
8100	0
8101	0
8102	0
8103	0
8104	0
8105	0
8106	0
8107	0
8108	0
8109	0
8110	0
8111	0
8112	0
8113	0
8114	0
8115	0
8116	0
8117	0
8118	0
8119	0
8120	0
8121	0
8122	0
8123	0
8124	0
8125	0
8126	0
8127	0
8128	0
8129	0
8130	0
8131	0
8132	0
8133	0
8134	0
8135	0
8136	0
8137	0
8138	0
8139	0
8140	0
8141	0
8142	0
8143	0
8144	0
8145	0
8146	0
8147	0
8148	0
8149	0
8150	0
8151	0
8152	0
8153	0
8154	0
8155	0
8156	0
8157	0
8158	0
8159	0
8160	0
8161	0
8162	0
8163	0
8164	0
8165	0
8166	0
8167	0
8168	0
8169	0
8170	0
8171	0
8172	0
8173	0
8174	0
8175	0
8176	0
8177	0
8178	0
8179	0
8180	0
8181	0
8182	0
8183	0
8184	0
8185	0
8186	0
8187	0
8188	0
8189	0
8190	0
8191	0
