0	0
1	0
2	0
3	0
4	0
5	0
6	0
7	0
8	0
9	0
10	0
11	0
12	0
13	0
14	0
15	0
16	0
17	0
18	0
19	0
20	0
21	0
22	0
23	0
24	0
25	0
26	0
27	0
28	0
29	0
30	0
31	0
32	0
33	0
34	0
35	0
36	0
37	0
38	0
39	0
40	0
41	0
42	0
43	1
44	18
45	43
46	48
47	54
48	47
49	40
50	40
51	46
52	40
53	37
54	28
55	35
56	38
57	40
58	42
59	38
60	33
61	33
62	36
63	30
64	47
65	40
66	29
67	30
68	33
69	33
70	27
71	22
72	23
73	30
74	29
75	30
76	44
77	36
78	43
79	30
80	26
81	35
82	21
83	33
84	26
85	32
86	23
87	26
88	28
89	18
90	19
91	34
92	21
93	31
94	27
95	31
96	24
97	22
98	18
99	26
100	18
101	22
102	24
103	24
104	23
105	32
106	23
107	17
108	23
109	25
110	26
111	18
112	24
113	24
114	31
115	21
116	25
117	29
118	21
119	23
120	27
121	26
122	26
123	32
124	27
125	26
126	35
127	31
128	22
129	30
130	29
131	31
132	29
133	25
134	34
135	31
136	36
137	19
138	32
139	29
140	38
141	21
142	33
143	35
144	36
145	44
146	37
147	36
148	32
149	38
150	30
151	34
152	26
153	38
154	39
155	38
156	32
157	47
158	29
159	53
160	54
161	46
162	33
163	44
164	46
165	46
166	44
167	50
168	45
169	52
170	57
171	52
172	39
173	54
174	48
175	50
176	61
177	49
178	51
179	51
180	63
181	56
182	51
183	45
184	45
185	41
186	52
187	67
188	70
189	68
190	61
191	71
192	60
193	62
194	61
195	56
196	64
197	67
198	55
199	68
200	78
201	67
202	72
203	76
204	79
205	56
206	75
207	80
208	60
209	80
210	73
211	68
212	71
213	66
214	74
215	82
216	66
217	69
218	81
219	76
220	88
221	93
222	70
223	72
224	74
225	87
226	77
227	94
228	85
229	84
230	95
231	98
232	88
233	104
234	93
235	107
236	96
237	94
238	115
239	109
240	117
241	106
242	84
243	118
244	110
245	86
246	103
247	100
248	99
249	104
250	108
251	98
252	88
253	102
254	103
255	105
256	114
257	99
258	115
259	102
260	104
261	106
262	103
263	105
264	114
265	100
266	101
267	93
268	104
269	103
270	98
271	109
272	87
273	115
274	92
275	105
276	117
277	86
278	101
279	120
280	116
281	98
282	97
283	101
284	98
285	110
286	109
287	107
288	90
289	112
290	107
291	103
292	98
293	121
294	108
295	110
296	96
297	85
298	102
299	90
300	98
301	113
302	99
303	109
304	121
305	102
306	97
307	121
308	102
309	94
310	92
311	93
312	95
313	105
314	122
315	99
316	103
317	108
318	96
319	87
320	113
321	98
322	90
323	103
324	88
325	88
326	94
327	110
328	94
329	99
330	98
331	89
332	100
333	80
334	98
335	93
336	100
337	87
338	95
339	106
340	102
341	89
342	98
343	93
344	98
345	88
346	98
347	83
348	106
349	90
350	89
351	128
352	93
353	86
354	104
355	100
356	101
357	87
358	101
359	96
360	100
361	118
362	88
363	95
364	89
365	90
366	107
367	97
368	92
369	90
370	92
371	100
372	98
373	98
374	95
375	90
376	85
377	95
378	98
379	100
380	99
381	115
382	112
383	89
384	83
385	100
386	98
387	102
388	99
389	93
390	99
391	89
392	87
393	92
394	96
395	94
396	100
397	84
398	99
399	97
400	106
401	90
402	97
403	93
404	87
405	108
406	95
407	84
408	106
409	104
410	99
411	76
412	78
413	93
414	93
415	110
416	85
417	74
418	99
419	99
420	97
421	82
422	86
423	90
424	81
425	84
426	71
427	72
428	76
429	91
430	82
431	77
432	108
433	85
434	85
435	82
436	78
437	105
438	73
439	72
440	69
441	75
442	91
443	84
444	85
445	72
446	57
447	79
448	84
449	75
450	80
451	76
452	71
453	98
454	85
455	82
456	66
457	80
458	73
459	81
460	90
461	70
462	84
463	58
464	75
465	82
466	84
467	79
468	73
469	77
470	89
471	80
472	79
473	90
474	72
475	85
476	74
477	78
478	102
479	66
480	78
481	84
482	83
483	74
484	70
485	70
486	66
487	78
488	74
489	50
490	69
491	64
492	54
493	74
494	69
495	63
496	70
497	59
498	70
499	59
500	57
501	69
502	78
503	56
504	69
505	65
506	61
507	56
508	56
509	65
510	51
511	67
512	68
513	61
514	75
515	68
516	68
517	69
518	64
519	55
520	52
521	80
522	74
523	56
524	56
525	73
526	70
527	73
528	59
529	69
530	66
531	65
532	65
533	69
534	52
535	44
536	71
537	52
538	69
539	64
540	69
541	75
542	66
543	72
544	60
545	64
546	50
547	52
548	62
549	59
550	59
551	68
552	55
553	72
554	51
555	54
556	45
557	70
558	72
559	64
560	60
561	58
562	63
563	48
564	59
565	57
566	55
567	51
568	70
569	50
570	58
571	64
572	57
573	55
574	67
575	54
576	75
577	60
578	48
579	67
580	49
581	50
582	58
583	56
584	59
585	62
586	48
587	47
588	44
589	56
590	55
591	57
592	47
593	55
594	38
595	53
596	59
597	69
598	45
599	61
600	68
601	59
602	51
603	67
604	52
605	59
606	67
607	67
608	61
609	51
610	49
611	63
612	48
613	47
614	48
615	69
616	44
617	44
618	42
619	65
620	49
621	52
622	44
623	45
624	44
625	32
626	51
627	52
628	60
629	59
630	47
631	56
632	45
633	45
634	57
635	41
636	47
637	39
638	47
639	50
640	48
641	46
642	47
643	51
644	44
645	43
646	33
647	45
648	52
649	49
650	53
651	45
652	43
653	37
654	41
655	63
656	48
657	58
658	38
659	30
660	49
661	43
662	47
663	50
664	47
665	38
666	41
667	45
668	51
669	37
670	49
671	58
672	52
673	49
674	37
675	36
676	43
677	47
678	40
679	50
680	40
681	50
682	51
683	45
684	44
685	37
686	47
687	33
688	41
689	54
690	48
691	51
692	34
693	49
694	41
695	51
696	33
697	40
698	44
699	37
700	48
701	48
702	37
703	32
704	52
705	42
706	36
707	39
708	37
709	46
710	53
711	34
712	34
713	48
714	39
715	37
716	45
717	46
718	33
719	36
720	32
721	39
722	33
723	37
724	37
725	38
726	47
727	27
728	39
729	37
730	41
731	40
732	41
733	45
734	32
735	30
736	47
737	35
738	34
739	40
740	51
741	34
742	39
743	46
744	43
745	46
746	32
747	35
748	33
749	38
750	33
751	34
752	37
753	36
754	46
755	30
756	36
757	31
758	35
759	44
760	44
761	44
762	32
763	33
764	39
765	39
766	34
767	33
768	40
769	46
770	49
771	39
772	33
773	32
774	44
775	34
776	36
777	34
778	42
779	42
780	34
781	42
782	33
783	43
784	33
785	46
786	39
787	41
788	39
789	30
790	28
791	27
792	32
793	37
794	25
795	33
796	27
797	24
798	31
799	39
800	26
801	24
802	27
803	31
804	27
805	42
806	29
807	27
808	29
809	39
810	27
811	27
812	28
813	26
814	37
815	24
816	33
817	28
818	32
819	31
820	34
821	28
822	22
823	25
824	25
825	39
826	33
827	28
828	32
829	21
830	24
831	26
832	31
833	33
834	26
835	23
836	36
837	35
838	22
839	21
840	25
841	24
842	21
843	28
844	25
845	28
846	31
847	34
848	34
849	25
850	28
851	22
852	21
853	22
854	31
855	26
856	34
857	26
858	26
859	19
860	22
861	26
862	27
863	24
864	30
865	22
866	22
867	23
868	29
869	36
870	19
871	20
872	32
873	20
874	23
875	28
876	27
877	26
878	21
879	22
880	27
881	25
882	21
883	29
884	34
885	21
886	24
887	20
888	30
889	27
890	26
891	17
892	19
893	24
894	34
895	22
896	21
897	30
898	28
899	21
900	27
901	30
902	24
903	32
904	26
905	26
906	24
907	20
908	21
909	23
910	21
911	26
912	23
913	38
914	25
915	31
916	21
917	21
918	16
919	20
920	23
921	22
922	19
923	22
924	27
925	25
926	26
927	26
928	23
929	25
930	26
931	22
932	16
933	22
934	26
935	21
936	29
937	23
938	24
939	20
940	18
941	27
942	16
943	21
944	19
945	21
946	19
947	22
948	19
949	19
950	25
951	22
952	18
953	28
954	17
955	25
956	21
957	15
958	23
959	18
960	15
961	23
962	17
963	29
964	22
965	18
966	26
967	19
968	17
969	21
970	19
971	16
972	30
973	14
974	11
975	17
976	19
977	17
978	18
979	24
980	20
981	22
982	20
983	12
984	18
985	22
986	27
987	17
988	19
989	19
990	17
991	27
992	16
993	17
994	18
995	20
996	21
997	12
998	22
999	12
1000	21
1001	14
1002	17
1003	19
1004	19
1005	20
1006	16
1007	19
1008	12
1009	17
1010	23
1011	15
1012	20
1013	28
1014	20
1015	17
1016	19
1017	22
1018	15
1019	20
1020	17
1021	20
1022	13
1023	18
1024	17
1025	22
1026	26
1027	15
1028	20
1029	20
1030	14
1031	14
1032	17
1033	13
1034	14
1035	19
1036	14
1037	9
1038	16
1039	13
1040	20
1041	22
1042	27
1043	23
1044	16
1045	17
1046	19
1047	14
1048	26
1049	18
1050	20
1051	14
1052	23
1053	14
1054	24
1055	18
1056	20
1057	21
1058	15
1059	16
1060	24
1061	13
1062	17
1063	14
1064	27
1065	16
1066	18
1067	16
1068	19
1069	24
1070	20
1071	10
1072	16
1073	20
1074	16
1075	19
1076	21
1077	23
1078	13
1079	21
1080	15
1081	16
1082	21
1083	13
1084	18
1085	17
1086	16
1087	17
1088	17
1089	12
1090	21
1091	22
1092	20
1093	20
1094	17
1095	18
1096	12
1097	23
1098	19
1099	18
1100	20
1101	12
1102	15
1103	23
1104	13
1105	10
1106	13
1107	14
1108	15
1109	24
1110	21
1111	20
1112	21
1113	14
1114	14
1115	14
1116	14
1117	20
1118	26
1119	17
1120	13
1121	14
1122	21
1123	22
1124	17
1125	19
1126	20
1127	16
1128	16
1129	13
1130	20
1131	14
1132	12
1133	16
1134	20
1135	14
1136	18
1137	22
1138	12
1139	11
1140	12
1141	14
1142	26
1143	9
1144	22
1145	13
1146	13
1147	11
1148	13
1149	13
1150	16
1151	18
1152	8
1153	17
1154	11
1155	17
1156	11
1157	11
1158	13
1159	16
1160	14
1161	15
1162	15
1163	15
1164	15
1165	15
1166	11
1167	21
1168	20
1169	19
1170	11
1171	10
1172	13
1173	14
1174	16
1175	13
1176	10
1177	11
1178	8
1179	14
1180	16
1181	13
1182	15
1183	11
1184	16
1185	11
1186	13
1187	14
1188	11
1189	18
1190	9
1191	17
1192	19
1193	9
1194	14
1195	15
1196	14
1197	6
1198	19
1199	20
1200	14
1201	15
1202	19
1203	14
1204	16
1205	14
1206	6
1207	11
1208	22
1209	13
1210	15
1211	9
1212	12
1213	16
1214	16
1215	14
1216	15
1217	21
1218	6
1219	15
1220	12
1221	16
1222	13
1223	11
1224	11
1225	13
1226	10
1227	6
1228	11
1229	7
1230	16
1231	16
1232	6
1233	9
1234	11
1235	15
1236	16
1237	11
1238	10
1239	3
1240	10
1241	20
1242	13
1243	7
1244	13
1245	14
1246	17
1247	11
1248	13
1249	20
1250	11
1251	10
1252	15
1253	18
1254	15
1255	9
1256	12
1257	11
1258	8
1259	11
1260	13
1261	7
1262	4
1263	13
1264	11
1265	10
1266	12
1267	10
1268	9
1269	12
1270	11
1271	15
1272	11
1273	7
1274	9
1275	12
1276	10
1277	10
1278	7
1279	13
1280	10
1281	10
1282	9
1283	12
1284	9
1285	11
1286	7
1287	10
1288	16
1289	15
1290	10
1291	14
1292	15
1293	12
1294	12
1295	9
1296	4
1297	15
1298	14
1299	12
1300	9
1301	10
1302	7
1303	12
1304	14
1305	8
1306	11
1307	7
1308	4
1309	14
1310	14
1311	12
1312	8
1313	6
1314	14
1315	18
1316	9
1317	11
1318	9
1319	15
1320	16
1321	17
1322	7
1323	6
1324	12
1325	8
1326	10
1327	10
1328	9
1329	11
1330	11
1331	12
1332	16
1333	12
1334	7
1335	6
1336	15
1337	8
1338	11
1339	10
1340	14
1341	11
1342	12
1343	5
1344	6
1345	10
1346	11
1347	11
1348	7
1349	6
1350	12
1351	16
1352	9
1353	11
1354	6
1355	9
1356	15
1357	13
1358	8
1359	13
1360	12
1361	8
1362	13
1363	6
1364	9
1365	11
1366	13
1367	11
1368	9
1369	7
1370	15
1371	9
1372	9
1373	9
1374	11
1375	6
1376	11
1377	2
1378	10
1379	11
1380	7
1381	9
1382	11
1383	7
1384	7
1385	5
1386	13
1387	11
1388	6
1389	11
1390	10
1391	12
1392	9
1393	7
1394	10
1395	16
1396	5
1397	6
1398	7
1399	14
1400	8
1401	7
1402	7
1403	4
1404	13
1405	8
1406	9
1407	2
1408	9
1409	10
1410	8
1411	8
1412	7
1413	9
1414	13
1415	14
1416	9
1417	9
1418	5
1419	7
1420	6
1421	8
1422	8
1423	9
1424	7
1425	10
1426	7
1427	8
1428	15
1429	10
1430	10
1431	13
1432	7
1433	10
1434	9
1435	10
1436	5
1437	9
1438	3
1439	7
1440	6
1441	5
1442	3
1443	8
1444	14
1445	11
1446	5
1447	11
1448	11
1449	11
1450	9
1451	4
1452	8
1453	10
1454	8
1455	8
1456	12
1457	12
1458	17
1459	9
1460	8
1461	7
1462	7
1463	3
1464	12
1465	9
1466	10
1467	4
1468	9
1469	9
1470	11
1471	13
1472	11
1473	6
1474	11
1475	6
1476	6
1477	7
1478	3
1479	10
1480	7
1481	11
1482	7
1483	7
1484	8
1485	5
1486	6
1487	11
1488	8
1489	8
1490	11
1491	11
1492	8
1493	11
1494	11
1495	3
1496	8
1497	11
1498	8
1499	12
1500	10
1501	10
1502	5
1503	14
1504	9
1505	9
1506	4
1507	6
1508	7
1509	7
1510	16
1511	7
1512	7
1513	8
1514	8
1515	10
1516	15
1517	8
1518	5
1519	14
1520	10
1521	11
1522	14
1523	7
1524	7
1525	11
1526	4
1527	4
1528	11
1529	9
1530	6
1531	10
1532	7
1533	9
1534	13
1535	12
1536	10
1537	2
1538	7
1539	8
1540	6
1541	14
1542	7
1543	7
1544	4
1545	4
1546	10
1547	6
1548	8
1549	7
1550	5
1551	3
1552	9
1553	9
1554	13
1555	6
1556	2
1557	4
1558	5
1559	7
1560	8
1561	12
1562	5
1563	7
1564	5
1565	7
1566	4
1567	7
1568	10
1569	8
1570	6
1571	9
1572	13
1573	7
1574	12
1575	6
1576	6
1577	7
1578	13
1579	3
1580	8
1581	9
1582	11
1583	13
1584	12
1585	8
1586	7
1587	9
1588	11
1589	11
1590	10
1591	8
1592	13
1593	10
1594	8
1595	6
1596	6
1597	10
1598	16
1599	7
1600	11
1601	9
1602	15
1603	3
1604	12
1605	12
1606	8
1607	8
1608	10
1609	6
1610	9
1611	7
1612	11
1613	13
1614	5
1615	13
1616	5
1617	9
1618	7
1619	12
1620	4
1621	9
1622	10
1623	5
1624	4
1625	10
1626	13
1627	6
1628	8
1629	9
1630	4
1631	8
1632	5
1633	17
1634	8
1635	11
1636	9
1637	7
1638	8
1639	16
1640	8
1641	6
1642	10
1643	14
1644	6
1645	6
1646	12
1647	8
1648	1
1649	10
1650	9
1651	6
1652	10
1653	9
1654	5
1655	10
1656	10
1657	5
1658	13
1659	12
1660	9
1661	2
1662	8
1663	9
1664	7
1665	10
1666	8
1667	9
1668	10
1669	8
1670	9
1671	6
1672	8
1673	15
1674	12
1675	9
1676	6
1677	7
1678	7
1679	7
1680	8
1681	9
1682	13
1683	3
1684	6
1685	9
1686	11
1687	4
1688	5
1689	8
1690	8
1691	8
1692	7
1693	5
1694	10
1695	6
1696	12
1697	8
1698	10
1699	4
1700	4
1701	9
1702	11
1703	6
1704	4
1705	6
1706	9
1707	6
1708	7
1709	4
1710	6
1711	5
1712	3
1713	3
1714	9
1715	3
1716	7
1717	9
1718	7
1719	7
1720	6
1721	6
1722	8
1723	5
1724	8
1725	8
1726	3
1727	6
1728	10
1729	10
1730	5
1731	6
1732	8
1733	15
1734	6
1735	3
1736	4
1737	8
1738	4
1739	5
1740	10
1741	10
1742	10
1743	10
1744	6
1745	7
1746	7
1747	5
1748	5
1749	10
1750	5
1751	4
1752	5
1753	8
1754	4
1755	5
1756	5
1757	11
1758	5
1759	8
1760	6
1761	5
1762	7
1763	6
1764	6
1765	6
1766	4
1767	8
1768	1
1769	7
1770	6
1771	7
1772	5
1773	8
1774	3
1775	3
1776	6
1777	6
1778	7
1779	5
1780	6
1781	5
1782	6
1783	10
1784	4
1785	10
1786	2
1787	4
1788	8
1789	8
1790	3
1791	7
1792	7
1793	8
1794	6
1795	4
1796	7
1797	9
1798	8
1799	8
1800	3
1801	6
1802	4
1803	5
1804	2
1805	3
1806	7
1807	4
1808	8
1809	6
1810	14
1811	6
1812	11
1813	9
1814	9
1815	5
1816	5
1817	8
1818	8
1819	11
1820	10
1821	8
1822	11
1823	1
1824	8
1825	5
1826	5
1827	5
1828	6
1829	8
1830	6
1831	7
1832	5
1833	7
1834	8
1835	5
1836	6
1837	12
1838	8
1839	10
1840	5
1841	9
1842	9
1843	5
1844	5
1845	4
1846	5
1847	12
1848	6
1849	5
1850	8
1851	6
1852	9
1853	10
1854	5
1855	8
1856	8
1857	9
1858	8
1859	8
1860	6
1861	8
1862	5
1863	9
1864	8
1865	6
1866	7
1867	12
1868	7
1869	6
1870	5
1871	9
1872	5
1873	3
1874	8
1875	7
1876	6
1877	6
1878	12
1879	1
1880	4
1881	6
1882	4
1883	9
1884	3
1885	6
1886	7
1887	8
1888	9
1889	11
1890	6
1891	7
1892	4
1893	11
1894	6
1895	12
1896	9
1897	5
1898	4
1899	3
1900	5
1901	6
1902	5
1903	8
1904	6
1905	6
1906	8
1907	7
1908	5
1909	5
1910	9
1911	6
1912	9
1913	9
1914	9
1915	4
1916	4
1917	11
1918	9
1919	4
1920	5
1921	7
1922	9
1923	8
1924	7
1925	4
1926	7
1927	4
1928	9
1929	10
1930	8
1931	3
1932	5
1933	7
1934	6
1935	4
1936	10
1937	7
1938	6
1939	0
1940	2
1941	8
1942	3
1943	4
1944	5
1945	2
1946	7
1947	9
1948	9
1949	4
1950	5
1951	7
1952	9
1953	9
1954	5
1955	3
1956	7
1957	5
1958	8
1959	8
1960	7
1961	3
1962	4
1963	9
1964	12
1965	11
1966	5
1967	10
1968	10
1969	3
1970	6
1971	5
1972	5
1973	6
1974	4
1975	5
1976	2
1977	9
1978	8
1979	6
1980	8
1981	9
1982	8
1983	4
1984	11
1985	5
1986	4
1987	6
1988	1
1989	8
1990	3
1991	10
1992	4
1993	1
1994	5
1995	6
1996	6
1997	3
1998	9
1999	9
2000	7
2001	3
2002	7
2003	4
2004	5
2005	7
2006	6
2007	6
2008	6
2009	5
2010	7
2011	4
2012	8
2013	10
2014	8
2015	8
2016	4
2017	6
2018	5
2019	4
2020	11
2021	7
2022	7
2023	10
2024	6
2025	8
2026	6
2027	4
2028	14
2029	7
2030	4
2031	6
2032	2
2033	9
2034	6
2035	4
2036	9
2037	7
2038	6
2039	3
2040	8
2041	3
2042	8
2043	4
2044	7
2045	4
2046	11
2047	6
2048	7
2049	4
2050	4
2051	11
2052	3
2053	11
2054	6
2055	6
2056	9
2057	7
2058	5
2059	11
2060	6
2061	8
2062	5
2063	5
2064	3
2065	9
2066	5
2067	7
2068	7
2069	3
2070	7
2071	4
2072	8
2073	5
2074	5
2075	7
2076	5
2077	8
2078	10
2079	4
2080	3
2081	2
2082	9
2083	5
2084	7
2085	2
2086	10
2087	6
2088	7
2089	5
2090	5
2091	4
2092	9
2093	10
2094	4
2095	3
2096	2
2097	8
2098	13
2099	13
2100	4
2101	7
2102	5
2103	5
2104	9
2105	7
2106	8
2107	6
2108	4
2109	7
2110	10
2111	7
2112	5
2113	9
2114	6
2115	9
2116	7
2117	7
2118	11
2119	12
2120	6
2121	5
2122	6
2123	3
2124	8
2125	6
2126	3
2127	9
2128	5
2129	9
2130	7
2131	3
2132	6
2133	5
2134	6
2135	8
2136	6
2137	2
2138	3
2139	6
2140	8
2141	7
2142	7
2143	7
2144	8
2145	6
2146	3
2147	8
2148	3
2149	5
2150	3
2151	4
2152	4
2153	8
2154	6
2155	3
2156	6
2157	3
2158	7
2159	6
2160	10
2161	5
2162	8
2163	6
2164	5
2165	6
2166	6
2167	3
2168	4
2169	2
2170	4
2171	6
2172	5
2173	11
2174	3
2175	5
2176	4
2177	6
2178	6
2179	4
2180	4
2181	4
2182	1
2183	5
2184	6
2185	9
2186	5
2187	3
2188	4
2189	6
2190	6
2191	8
2192	3
2193	7
2194	6
2195	5
2196	2
2197	6
2198	10
2199	4
2200	9
2201	3
2202	8
2203	8
2204	3
2205	1
2206	1
2207	3
2208	9
2209	5
2210	6
2211	5
2212	4
2213	4
2214	6
2215	4
2216	5
2217	2
2218	9
2219	2
2220	5
2221	9
2222	6
2223	6
2224	6
2225	3
2226	5
2227	1
2228	2
2229	5
2230	2
2231	10
2232	4
2233	5
2234	1
2235	3
2236	3
2237	6
2238	4
2239	4
2240	2
2241	2
2242	7
2243	1
2244	3
2245	4
2246	2
2247	2
2248	5
2249	7
2250	6
2251	2
2252	4
2253	5
2254	1
2255	1
2256	6
2257	3
2258	2
2259	3
2260	5
2261	4
2262	1
2263	4
2264	4
2265	9
2266	4
2267	6
2268	7
2269	5
2270	1
2271	2
2272	4
2273	3
2274	5
2275	3
2276	5
2277	2
2278	4
2279	5
2280	2
2281	7
2282	6
2283	1
2284	3
2285	4
2286	3
2287	7
2288	1
2289	2
2290	6
2291	2
2292	6
2293	4
2294	5
2295	6
2296	5
2297	3
2298	5
2299	2
2300	2
2301	4
2302	1
2303	2
2304	4
2305	4
2306	0
2307	4
2308	2
2309	4
2310	5
2311	2
2312	6
2313	4
2314	3
2315	0
2316	1
2317	2
2318	2
2319	2
2320	5
2321	5
2322	5
2323	3
2324	6
2325	4
2326	2
2327	6
2328	8
2329	5
2330	2
2331	5
2332	3
2333	3
2334	2
2335	4
2336	2
2337	5
2338	1
2339	3
2340	4
2341	4
2342	3
2343	1
2344	3
2345	3
2346	2
2347	3
2348	0
2349	4
2350	2
2351	1
2352	5
2353	3
2354	8
2355	2
2356	2
2357	3
2358	4
2359	3
2360	0
2361	1
2362	3
2363	4
2364	4
2365	3
2366	4
2367	1
2368	1
2369	5
2370	2
2371	5
2372	4
2373	6
2374	4
2375	5
2376	5
2377	5
2378	5
2379	1
2380	4
2381	4
2382	5
2383	3
2384	2
2385	4
2386	4
2387	2
2388	3
2389	0
2390	1
2391	1
2392	2
2393	2
2394	2
2395	6
2396	4
2397	4
2398	5
2399	4
2400	2
2401	3
2402	5
2403	4
2404	3
2405	5
2406	4
2407	7
2408	5
2409	3
2410	2
2411	2
2412	4
2413	2
2414	5
2415	3
2416	5
2417	9
2418	4
2419	2
2420	6
2421	3
2422	2
2423	5
2424	1
2425	3
2426	6
2427	2
2428	1
2429	7
2430	2
2431	2
2432	4
2433	3
2434	0
2435	4
2436	3
2437	4
2438	6
2439	3
2440	1
2441	6
2442	4
2443	4
2444	2
2445	2
2446	3
2447	2
2448	7
2449	2
2450	2
2451	5
2452	2
2453	3
2454	3
2455	4
2456	3
2457	4
2458	6
2459	5
2460	5
2461	3
2462	3
2463	0
2464	4
2465	3
2466	5
2467	4
2468	6
2469	8
2470	1
2471	4
2472	3
2473	2
2474	4
2475	5
2476	5
2477	2
2478	6
2479	3
2480	5
2481	3
2482	3
2483	3
2484	1
2485	2
2486	2
2487	2
2488	2
2489	6
2490	5
2491	2
2492	3
2493	3
2494	2
2495	7
2496	2
2497	2
2498	4
2499	6
2500	4
2501	4
2502	3
2503	1
2504	6
2505	2
2506	6
2507	7
2508	2
2509	5
2510	3
2511	2
2512	2
2513	2
2514	0
2515	5
2516	6
2517	2
2518	2
2519	1
2520	7
2521	1
2522	2
2523	3
2524	3
2525	2
2526	3
2527	3
2528	1
2529	2
2530	4
2531	2
2532	2
2533	3
2534	3
2535	4
2536	2
2537	5
2538	2
2539	3
2540	3
2541	1
2542	4
2543	4
2544	3
2545	1
2546	2
2547	2
2548	5
2549	4
2550	4
2551	2
2552	0
2553	3
2554	3
2555	1
2556	1
2557	5
2558	1
2559	0
2560	1
2561	2
2562	3
2563	1
2564	4
2565	4
2566	5
2567	7
2568	4
2569	3
2570	3
2571	6
2572	0
2573	3
2574	0
2575	3
2576	1
2577	2
2578	6
2579	4
2580	3
2581	0
2582	3
2583	1
2584	4
2585	4
2586	3
2587	3
2588	5
2589	2
2590	6
2591	1
2592	5
2593	1
2594	2
2595	0
2596	4
2597	4
2598	6
2599	2
2600	2
2601	1
2602	3
2603	2
2604	3
2605	3
2606	2
2607	2
2608	5
2609	2
2610	3
2611	1
2612	0
2613	2
2614	3
2615	2
2616	3
2617	5
2618	2
2619	5
2620	3
2621	1
2622	2
2623	1
2624	2
2625	2
2626	2
2627	3
2628	3
2629	2
2630	2
2631	8
2632	4
2633	3
2634	0
2635	7
2636	1
2637	3
2638	4
2639	5
2640	1
2641	5
2642	3
2643	3
2644	3
2645	2
2646	3
2647	1
2648	0
2649	6
2650	1
2651	1
2652	3
2653	3
2654	2
2655	6
2656	3
2657	4
2658	0
2659	2
2660	2
2661	1
2662	4
2663	4
2664	9
2665	5
2666	3
2667	3
2668	2
2669	3
2670	1
2671	4
2672	7
2673	2
2674	3
2675	1
2676	3
2677	3
2678	2
2679	1
2680	3
2681	4
2682	2
2683	3
2684	4
2685	3
2686	1
2687	5
2688	2
2689	3
2690	6
2691	2
2692	3
2693	3
2694	5
2695	1
2696	3
2697	6
2698	1
2699	2
2700	3
2701	3
2702	1
2703	4
2704	2
2705	3
2706	3
2707	2
2708	1
2709	4
2710	2
2711	2
2712	1
2713	3
2714	6
2715	4
2716	3
2717	2
2718	1
2719	4
2720	2
2721	3
2722	1
2723	5
2724	2
2725	0
2726	1
2727	4
2728	2
2729	2
2730	1
2731	4
2732	1
2733	1
2734	2
2735	8
2736	5
2737	2
2738	5
2739	3
2740	2
2741	0
2742	4
2743	5
2744	4
2745	7
2746	4
2747	5
2748	2
2749	5
2750	0
2751	3
2752	4
2753	4
2754	1
2755	1
2756	1
2757	1
2758	3
2759	5
2760	6
2761	3
2762	4
2763	2
2764	2
2765	3
2766	4
2767	2
2768	2
2769	1
2770	2
2771	4
2772	5
2773	1
2774	3
2775	2
2776	2
2777	0
2778	2
2779	5
2780	2
2781	1
2782	4
2783	1
2784	2
2785	3
2786	1
2787	3
2788	1
2789	4
2790	3
2791	2
2792	2
2793	5
2794	2
2795	3
2796	0
2797	3
2798	3
2799	2
2800	2
2801	2
2802	3
2803	4
2804	6
2805	2
2806	0
2807	3
2808	5
2809	1
2810	3
2811	2
2812	1
2813	4
2814	4
2815	3
2816	2
2817	0
2818	2
2819	4
2820	5
2821	3
2822	6
2823	4
2824	2
2825	4
2826	2
2827	2
2828	4
2829	2
2830	1
2831	2
2832	3
2833	2
2834	5
2835	3
2836	3
2837	4
2838	1
2839	3
2840	3
2841	2
2842	1
2843	2
2844	3
2845	0
2846	4
2847	8
2848	1
2849	3
2850	2
2851	5
2852	3
2853	1
2854	4
2855	1
2856	4
2857	5
2858	1
2859	3
2860	2
2861	2
2862	5
2863	0
2864	4
2865	3
2866	4
2867	3
2868	3
2869	3
2870	5
2871	4
2872	3
2873	6
2874	6
2875	2
2876	4
2877	5
2878	2
2879	1
2880	7
2881	6
2882	1
2883	1
2884	8
2885	2
2886	0
2887	4
2888	4
2889	2
2890	1
2891	6
2892	2
2893	4
2894	5
2895	1
2896	3
2897	2
2898	5
2899	6
2900	2
2901	2
2902	2
2903	2
2904	1
2905	5
2906	5
2907	3
2908	6
2909	3
2910	1
2911	2
2912	1
2913	2
2914	3
2915	3
2916	0
2917	2
2918	2
2919	2
2920	1
2921	2
2922	5
2923	3
2924	1
2925	4
2926	5
2927	2
2928	2
2929	3
2930	1
2931	3
2932	7
2933	1
2934	1
2935	1
2936	2
2937	2
2938	3
2939	2
2940	0
2941	4
2942	1
2943	7
2944	3
2945	2
2946	4
2947	3
2948	3
2949	5
2950	5
2951	4
2952	1
2953	7
2954	4
2955	6
2956	3
2957	2
2958	6
2959	4
2960	5
2961	5
2962	2
2963	2
2964	0
2965	5
2966	3
2967	2
2968	0
2969	4
2970	4
2971	3
2972	5
2973	4
2974	2
2975	1
2976	1
2977	3
2978	0
2979	2
2980	1
2981	2
2982	5
2983	2
2984	5
2985	2
2986	1
2987	5
2988	3
2989	0
2990	2
2991	5
2992	3
2993	4
2994	3
2995	4
2996	4
2997	7
2998	5
2999	0
3000	6
3001	2
3002	1
3003	4
3004	2
3005	3
3006	3
3007	1
3008	4
3009	3
3010	2
3011	0
3012	2
3013	3
3014	3
3015	1
3016	3
3017	2
3018	1
3019	3
3020	1
3021	4
3022	5
3023	3
3024	1
3025	3
3026	2
3027	3
3028	2
3029	3
3030	5
3031	8
3032	1
3033	0
3034	2
3035	6
3036	0
3037	3
3038	0
3039	5
3040	5
3041	1
3042	2
3043	2
3044	4
3045	4
3046	5
3047	4
3048	1
3049	4
3050	2
3051	1
3052	5
3053	3
3054	4
3055	4
3056	2
3057	2
3058	6
3059	4
3060	1
3061	2
3062	2
3063	0
3064	2
3065	2
3066	2
3067	4
3068	2
3069	0
3070	2
3071	1
3072	5
3073	3
3074	0
3075	2
3076	1
3077	3
3078	5
3079	6
3080	1
3081	3
3082	3
3083	3
3084	5
3085	2
3086	2
3087	2
3088	4
3089	3
3090	2
3091	1
3092	0
3093	0
3094	3
3095	3
3096	1
3097	3
3098	5
3099	3
3100	3
3101	5
3102	0
3103	0
3104	3
3105	4
3106	5
3107	3
3108	1
3109	3
3110	3
3111	1
3112	2
3113	1
3114	1
3115	1
3116	1
3117	3
3118	3
3119	1
3120	3
3121	1
3122	1
3123	2
3124	2
3125	1
3126	3
3127	2
3128	5
3129	2
3130	1
3131	2
3132	4
3133	5
3134	1
3135	4
3136	1
3137	2
3138	1
3139	2
3140	2
3141	2
3142	1
3143	3
3144	0
3145	0
3146	1
3147	2
3148	2
3149	1
3150	2
3151	5
3152	3
3153	1
3154	3
3155	0
3156	2
3157	5
3158	0
3159	3
3160	1
3161	3
3162	2
3163	2
3164	1
3165	0
3166	1
3167	2
3168	1
3169	3
3170	2
3171	2
3172	3
3173	5
3174	2
3175	4
3176	1
3177	5
3178	4
3179	3
3180	2
3181	1
3182	1
3183	1
3184	1
3185	2
3186	2
3187	1
3188	0
3189	2
3190	1
3191	4
3192	4
3193	3
3194	3
3195	0
3196	3
3197	1
3198	1
3199	1
3200	1
3201	1
3202	2
3203	2
3204	6
3205	4
3206	0
3207	0
3208	3
3209	2
3210	3
3211	3
3212	2
3213	4
3214	0
3215	2
3216	3
3217	3
3218	1
3219	3
3220	1
3221	2
3222	1
3223	1
3224	3
3225	1
3226	1
3227	2
3228	0
3229	1
3230	2
3231	4
3232	5
3233	2
3234	2
3235	1
3236	5
3237	2
3238	3
3239	3
3240	3
3241	3
3242	2
3243	4
3244	2
3245	2
3246	1
3247	3
3248	4
3249	3
3250	0
3251	0
3252	3
3253	4
3254	2
3255	4
3256	4
3257	2
3258	1
3259	2
3260	3
3261	1
3262	3
3263	1
3264	2
3265	4
3266	1
3267	1
3268	2
3269	1
3270	2
3271	2
3272	3
3273	4
3274	4
3275	1
3276	3
3277	2
3278	1
3279	2
3280	1
3281	1
3282	4
3283	4
3284	3
3285	0
3286	1
3287	0
3288	1
3289	0
3290	2
3291	1
3292	2
3293	4
3294	4
3295	1
3296	0
3297	1
3298	0
3299	4
3300	2
3301	4
3302	0
3303	2
3304	2
3305	1
3306	2
3307	1
3308	1
3309	2
3310	2
3311	3
3312	3
3313	2
3314	5
3315	3
3316	2
3317	3
3318	3
3319	4
3320	1
3321	2
3322	1
3323	4
3324	0
3325	3
3326	1
3327	2
3328	4
3329	1
3330	1
3331	5
3332	1
3333	1
3334	1
3335	1
3336	2
3337	0
3338	2
3339	1
3340	0
3341	1
3342	0
3343	1
3344	1
3345	1
3346	3
3347	3
3348	1
3349	2
3350	1
3351	2
3352	1
3353	3
3354	2
3355	1
3356	2
3357	1
3358	1
3359	2
3360	1
3361	2
3362	3
3363	0
3364	1
3365	1
3366	2
3367	2
3368	1
3369	2
3370	0
3371	1
3372	1
3373	3
3374	3
3375	3
3376	3
3377	0
3378	1
3379	2
3380	0
3381	1
3382	1
3383	6
3384	4
3385	0
3386	0
3387	3
3388	1
3389	2
3390	1
3391	3
3392	0
3393	0
3394	2
3395	4
3396	1
3397	2
3398	0
3399	0
3400	1
3401	3
3402	2
3403	0
3404	0
3405	3
3406	3
3407	4
3408	3
3409	2
3410	1
3411	3
3412	2
3413	1
3414	3
3415	3
3416	0
3417	3
3418	2
3419	1
3420	5
3421	1
3422	3
3423	1
3424	2
3425	2
3426	4
3427	4
3428	2
3429	1
3430	1
3431	1
3432	0
3433	2
3434	2
3435	0
3436	1
3437	3
3438	0
3439	1
3440	2
3441	2
3442	3
3443	1
3444	2
3445	1
3446	1
3447	3
3448	3
3449	0
3450	3
3451	2
3452	2
3453	2
3454	3
3455	1
3456	5
3457	1
3458	1
3459	2
3460	2
3461	1
3462	2
3463	1
3464	5
3465	0
3466	1
3467	0
3468	3
3469	3
3470	0
3471	0
3472	2
3473	0
3474	2
3475	1
3476	2
3477	3
3478	4
3479	3
3480	1
3481	0
3482	4
3483	3
3484	1
3485	5
3486	1
3487	3
3488	2
3489	2
3490	1
3491	3
3492	1
3493	1
3494	2
3495	1
3496	1
3497	3
3498	3
3499	2
3500	0
3501	0
3502	0
3503	1
3504	6
3505	0
3506	4
3507	2
3508	0
3509	4
3510	1
3511	4
3512	2
3513	1
3514	2
3515	4
3516	2
3517	1
3518	0
3519	1
3520	1
3521	2
3522	2
3523	1
3524	0
3525	1
3526	2
3527	2
3528	3
3529	0
3530	3
3531	0
3532	4
3533	0
3534	2
3535	2
3536	5
3537	5
3538	0
3539	3
3540	2
3541	3
3542	4
3543	1
3544	3
3545	1
3546	3
3547	1
3548	2
3549	3
3550	4
3551	1
3552	3
3553	2
3554	1
3555	1
3556	1
3557	2
3558	1
3559	2
3560	3
3561	6
3562	3
3563	2
3564	1
3565	2
3566	1
3567	2
3568	0
3569	4
3570	0
3571	3
3572	1
3573	2
3574	1
3575	1
3576	5
3577	3
3578	0
3579	0
3580	3
3581	2
3582	2
3583	4
3584	1
3585	1
3586	3
3587	1
3588	3
3589	2
3590	1
3591	2
3592	4
3593	2
3594	1
3595	2
3596	1
3597	2
3598	0
3599	3
3600	1
3601	0
3602	1
3603	5
3604	1
3605	4
3606	4
3607	1
3608	3
3609	0
3610	2
3611	3
3612	7
3613	2
3614	4
3615	1
3616	2
3617	3
3618	1
3619	3
3620	1
3621	0
3622	2
3623	3
3624	1
3625	3
3626	1
3627	2
3628	1
3629	0
3630	0
3631	1
3632	1
3633	1
3634	3
3635	0
3636	1
3637	1
3638	2
3639	2
3640	4
3641	1
3642	2
3643	2
3644	1
3645	2
3646	1
3647	4
3648	3
3649	1
3650	0
3651	2
3652	2
3653	1
3654	3
3655	4
3656	0
3657	0
3658	0
3659	0
3660	3
3661	2
3662	4
3663	2
3664	1
3665	0
3666	5
3667	0
3668	1
3669	3
3670	1
3671	5
3672	1
3673	0
3674	0
3675	0
3676	1
3677	5
3678	1
3679	1
3680	2
3681	4
3682	2
3683	3
3684	3
3685	0
3686	3
3687	3
3688	2
3689	3
3690	3
3691	2
3692	2
3693	2
3694	3
3695	2
3696	1
3697	1
3698	0
3699	1
3700	1
3701	1
3702	3
3703	2
3704	1
3705	1
3706	5
3707	1
3708	1
3709	2
3710	1
3711	3
3712	4
3713	0
3714	2
3715	2
3716	1
3717	2
3718	2
3719	1
3720	2
3721	4
3722	2
3723	3
3724	0
3725	2
3726	3
3727	3
3728	4
3729	4
3730	1
3731	2
3732	3
3733	4
3734	3
3735	1
3736	1
3737	0
3738	2
3739	4
3740	3
3741	2
3742	2
3743	2
3744	1
3745	0
3746	0
3747	1
3748	1
3749	4
3750	0
3751	2
3752	0
3753	4
3754	2
3755	2
3756	0
3757	4
3758	0
3759	4
3760	1
3761	1
3762	1
3763	1
3764	1
3765	2
3766	0
3767	2
3768	1
3769	3
3770	1
3771	3
3772	0
3773	2
3774	1
3775	0
3776	1
3777	2
3778	0
3779	3
3780	2
3781	1
3782	1
3783	3
3784	1
3785	5
3786	1
3787	1
3788	0
3789	1
3790	0
3791	5
3792	2
3793	0
3794	3
3795	3
3796	3
3797	0
3798	1
3799	3
3800	0
3801	2
3802	0
3803	0
3804	1
3805	1
3806	1
3807	0
3808	2
3809	3
3810	3
3811	2
3812	3
3813	0
3814	1
3815	2
3816	4
3817	3
3818	2
3819	2
3820	0
3821	0
3822	0
3823	2
3824	2
3825	2
3826	2
3827	1
3828	2
3829	2
3830	0
3831	3
3832	4
3833	1
3834	2
3835	2
3836	2
3837	0
3838	1
3839	1
3840	0
3841	3
3842	0
3843	1
3844	0
3845	1
3846	1
3847	0
3848	0
3849	1
3850	1
3851	3
3852	0
3853	4
3854	0
3855	1
3856	0
3857	2
3858	1
3859	1
3860	0
3861	1
3862	3
3863	0
3864	2
3865	0
3866	3
3867	0
3868	2
3869	2
3870	4
3871	1
3872	1
3873	1
3874	0
3875	0
3876	2
3877	1
3878	2
3879	1
3880	1
3881	4
3882	1
3883	1
3884	2
3885	3
3886	3
3887	1
3888	0
3889	1
3890	1
3891	2
3892	1
3893	3
3894	1
3895	1
3896	1
3897	1
3898	0
3899	1
3900	3
3901	2
3902	1
3903	2
3904	2
3905	2
3906	3
3907	1
3908	0
3909	3
3910	2
3911	0
3912	2
3913	1
3914	1
3915	2
3916	1
3917	2
3918	0
3919	1
3920	1
3921	2
3922	4
3923	0
3924	1
3925	1
3926	2
3927	1
3928	0
3929	2
3930	0
3931	0
3932	3
3933	2
3934	1
3935	2
3936	2
3937	1
3938	2
3939	0
3940	0
3941	2
3942	3
3943	2
3944	3
3945	1
3946	0
3947	3
3948	0
3949	3
3950	0
3951	1
3952	2
3953	0
3954	1
3955	3
3956	1
3957	1
3958	1
3959	3
3960	1
3961	2
3962	1
3963	3
3964	1
3965	0
3966	1
3967	2
3968	2
3969	1
3970	0
3971	2
3972	0
3973	1
3974	1
3975	2
3976	1
3977	2
3978	5
3979	2
3980	3
3981	0
3982	1
3983	1
3984	0
3985	1
3986	0
3987	2
3988	1
3989	1
3990	0
3991	0
3992	1
3993	1
3994	1
3995	3
3996	1
3997	1
3998	0
3999	2
4000	0
4001	1
4002	0
4003	3
4004	1
4005	2
4006	5
4007	0
4008	0
4009	1
4010	5
4011	1
4012	2
4013	1
4014	2
4015	1
4016	0
4017	2
4018	2
4019	0
4020	1
4021	2
4022	2
4023	2
4024	1
4025	1
4026	1
4027	1
4028	0
4029	1
4030	1
4031	1
4032	2
4033	1
4034	1
4035	0
4036	4
4037	0
4038	1
4039	1
4040	2
4041	4
4042	0
4043	0
4044	2
4045	5
4046	0
4047	2
4048	3
4049	1
4050	2
4051	2
4052	1
4053	0
4054	1
4055	3
4056	2
4057	2
4058	2
4059	1
4060	2
4061	2
4062	1
4063	2
4064	1
4065	1
4066	2
4067	2
4068	1
4069	0
4070	2
4071	1
4072	3
4073	2
4074	1
4075	1
4076	3
4077	2
4078	0
4079	1
4080	2
4081	1
4082	0
4083	2
4084	4
4085	2
4086	1
4087	1
4088	1
4089	0
4090	1
4091	2
4092	1
4093	0
4094	0
4095	0
4096	1
4097	1
4098	0
4099	0
4100	2
4101	1
4102	4
4103	3
4104	0
4105	0
4106	1
4107	3
4108	3
4109	0
4110	0
4111	3
4112	0
4113	1
4114	3
4115	2
4116	0
4117	5
4118	0
4119	0
4120	1
4121	1
4122	3
4123	1
4124	3
4125	6
4126	3
4127	2
4128	0
4129	0
4130	1
4131	3
4132	1
4133	1
4134	0
4135	0
4136	2
4137	0
4138	1
4139	1
4140	0
4141	0
4142	1
4143	2
4144	1
4145	4
4146	1
4147	0
4148	1
4149	3
4150	1
4151	0
4152	4
4153	1
4154	0
4155	1
4156	0
4157	1
4158	0
4159	1
4160	2
4161	0
4162	2
4163	2
4164	2
4165	2
4166	1
4167	2
4168	1
4169	0
4170	1
4171	0
4172	1
4173	1
4174	0
4175	1
4176	2
4177	2
4178	0
4179	0
4180	2
4181	0
4182	3
4183	2
4184	3
4185	2
4186	1
4187	1
4188	0
4189	2
4190	0
4191	2
4192	1
4193	1
4194	1
4195	0
4196	0
4197	3
4198	1
4199	1
4200	1
4201	1
4202	1
4203	3
4204	1
4205	1
4206	1
4207	2
4208	1
4209	1
4210	0
4211	0
4212	1
4213	0
4214	2
4215	1
4216	0
4217	2
4218	3
4219	0
4220	1
4221	2
4222	2
4223	1
4224	1
4225	2
4226	2
4227	1
4228	0
4229	0
4230	2
4231	3
4232	1
4233	0
4234	2
4235	0
4236	1
4237	1
4238	1
4239	1
4240	0
4241	0
4242	3
4243	4
4244	3
4245	1
4246	0
4247	0
4248	0
4249	1
4250	1
4251	1
4252	1
4253	1
4254	1
4255	2
4256	0
4257	2
4258	2
4259	1
4260	0
4261	0
4262	1
4263	1
4264	1
4265	1
4266	2
4267	0
4268	0
4269	2
4270	1
4271	0
4272	2
4273	3
4274	0
4275	3
4276	1
4277	1
4278	3
4279	0
4280	1
4281	2
4282	0
4283	0
4284	0
4285	0
4286	1
4287	3
4288	0
4289	1
4290	1
4291	1
4292	2
4293	1
4294	0
4295	0
4296	1
4297	2
4298	2
4299	2
4300	1
4301	2
4302	0
4303	1
4304	0
4305	2
4306	1
4307	3
4308	1
4309	3
4310	0
4311	2
4312	2
4313	1
4314	2
4315	2
4316	2
4317	3
4318	0
4319	1
4320	2
4321	0
4322	0
4323	0
4324	0
4325	2
4326	1
4327	1
4328	0
4329	2
4330	0
4331	1
4332	2
4333	1
4334	1
4335	0
4336	1
4337	2
4338	1
4339	2
4340	1
4341	1
4342	2
4343	0
4344	0
4345	0
4346	2
4347	1
4348	1
4349	2
4350	2
4351	3
4352	1
4353	0
4354	3
4355	1
4356	2
4357	0
4358	2
4359	1
4360	1
4361	3
4362	2
4363	1
4364	1
4365	0
4366	2
4367	0
4368	0
4369	1
4370	0
4371	0
4372	6
4373	3
4374	1
4375	1
4376	3
4377	0
4378	1
4379	1
4380	1
4381	0
4382	3
4383	1
4384	1
4385	1
4386	2
4387	3
4388	3
4389	3
4390	1
4391	0
4392	0
4393	5
4394	1
4395	2
4396	0
4397	5
4398	2
4399	1
4400	0
4401	1
4402	1
4403	1
4404	1
4405	2
4406	1
4407	1
4408	3
4409	3
4410	0
4411	2
4412	2
4413	3
4414	4
4415	1
4416	2
4417	1
4418	4
4419	4
4420	3
4421	4
4422	2
4423	3
4424	3
4425	6
4426	3
4427	1
4428	2
4429	1
4430	1
4431	4
4432	4
4433	1
4434	3
4435	1
4436	1
4437	1
4438	4
4439	6
4440	4
4441	1
4442	1
4443	4
4444	1
4445	2
4446	4
4447	6
4448	3
4449	3
4450	1
4451	3
4452	4
4453	2
4454	3
4455	5
4456	5
4457	3
4458	6
4459	2
4460	2
4461	6
4462	1
4463	7
4464	4
4465	0
4466	3
4467	1
4468	3
4469	1
4470	2
4471	0
4472	5
4473	2
4474	4
4475	3
4476	5
4477	3
4478	2
4479	3
4480	4
4481	4
4482	2
4483	3
4484	2
4485	1
4486	2
4487	4
4488	2
4489	3
4490	2
4491	3
4492	4
4493	3
4494	1
4495	2
4496	4
4497	5
4498	4
4499	6
4500	3
4501	3
4502	3
4503	2
4504	3
4505	4
4506	7
4507	5
4508	2
4509	2
4510	2
4511	8
4512	4
4513	1
4514	4
4515	1
4516	2
4517	2
4518	4
4519	3
4520	2
4521	5
4522	1
4523	4
4524	1
4525	6
4526	3
4527	3
4528	4
4529	2
4530	4
4531	1
4532	4
4533	2
4534	2
4535	3
4536	2
4537	3
4538	2
4539	2
4540	5
4541	1
4542	3
4543	4
4544	4
4545	1
4546	2
4547	2
4548	1
4549	5
4550	1
4551	4
4552	3
4553	1
4554	2
4555	4
4556	1
4557	1
4558	3
4559	4
4560	3
4561	3
4562	5
4563	1
4564	1
4565	2
4566	1
4567	1
4568	1
4569	0
4570	1
4571	2
4572	0
4573	3
4574	4
4575	1
4576	4
4577	2
4578	1
4579	4
4580	2
4581	2
4582	4
4583	1
4584	2
4585	3
4586	5
4587	3
4588	1
4589	4
4590	4
4591	3
4592	1
4593	4
4594	1
4595	4
4596	3
4597	3
4598	5
4599	6
4600	2
4601	2
4602	4
4603	3
4604	4
4605	3
4606	0
4607	1
4608	4
4609	4
4610	1
4611	0
4612	4
4613	3
4614	3
4615	0
4616	2
4617	3
4618	1
4619	5
4620	3
4621	6
4622	2
4623	2
4624	1
4625	3
4626	3
4627	0
4628	4
4629	4
4630	1
4631	3
4632	4
4633	1
4634	1
4635	0
4636	3
4637	2
4638	1
4639	0
4640	1
4641	2
4642	0
4643	4
4644	1
4645	2
4646	2
4647	0
4648	2
4649	1
4650	0
4651	0
4652	1
4653	2
4654	0
4655	1
4656	3
4657	2
4658	2
4659	2
4660	0
4661	1
4662	1
4663	3
4664	2
4665	0
4666	0
4667	1
4668	2
4669	2
4670	2
4671	3
4672	1
4673	2
4674	2
4675	3
4676	4
4677	2
4678	1
4679	3
4680	0
4681	3
4682	5
4683	2
4684	1
4685	2
4686	1
4687	0
4688	1
4689	2
4690	2
4691	4
4692	0
4693	1
4694	0
4695	1
4696	0
4697	0
4698	0
4699	1
4700	1
4701	3
4702	1
4703	0
4704	0
4705	1
4706	3
4707	1
4708	1
4709	1
4710	1
4711	0
4712	0
4713	0
4714	0
4715	0
4716	3
4717	0
4718	0
4719	0
4720	2
4721	1
4722	1
4723	1
4724	1
4725	0
4726	0
4727	2
4728	3
4729	0
4730	0
4731	1
4732	2
4733	0
4734	0
4735	1
4736	1
4737	2
4738	1
4739	1
4740	0
4741	0
4742	2
4743	1
4744	0
4745	1
4746	0
4747	1
4748	0
4749	2
4750	2
4751	1
4752	1
4753	1
4754	0
4755	2
4756	1
4757	0
4758	1
4759	1
4760	1
4761	1
4762	0
4763	1
4764	1
4765	1
4766	0
4767	1
4768	0
4769	0
4770	0
4771	1
4772	0
4773	4
4774	0
4775	1
4776	0
4777	0
4778	2
4779	0
4780	0
4781	2
4782	1
4783	0
4784	3
4785	2
4786	1
4787	1
4788	0
4789	1
4790	0
4791	2
4792	2
4793	0
4794	0
4795	0
4796	0
4797	0
4798	1
4799	2
4800	0
4801	0
4802	0
4803	0
4804	0
4805	0
4806	2
4807	1
4808	2
4809	1
4810	0
4811	0
4812	2
4813	2
4814	0
4815	0
4816	0
4817	1
4818	0
4819	0
4820	2
4821	1
4822	0
4823	0
4824	0
4825	2
4826	0
4827	1
4828	0
4829	0
4830	0
4831	0
4832	0
4833	0
4834	1
4835	2
4836	1
4837	0
4838	0
4839	0
4840	0
4841	0
4842	0
4843	0
4844	0
4845	0
4846	1
4847	2
4848	1
4849	0
4850	0
4851	0
4852	0
4853	1
4854	1
4855	2
4856	0
4857	0
4858	0
4859	2
4860	0
4861	1
4862	1
4863	1
4864	1
4865	1
4866	1
4867	0
4868	0
4869	0
4870	0
4871	0
4872	1
4873	1
4874	0
4875	0
4876	0
4877	1
4878	1
4879	0
4880	0
4881	0
4882	2
4883	0
4884	0
4885	1
4886	0
4887	2
4888	1
4889	0
4890	0
4891	1
4892	0
4893	1
4894	1
4895	0
4896	1
4897	0
4898	0
4899	1
4900	0
4901	1
4902	0
4903	0
4904	1
4905	0
4906	1
4907	2
4908	0
4909	1
4910	1
4911	2
4912	1
4913	0
4914	1
4915	0
4916	0
4917	0
4918	2
4919	0
4920	1
4921	0
4922	0
4923	0
4924	1
4925	1
4926	0
4927	0
4928	0
4929	0
4930	0
4931	1
4932	0
4933	2
4934	1
4935	0
4936	0
4937	0
4938	0
4939	4
4940	0
4941	1
4942	1
4943	1
4944	1
4945	0
4946	1
4947	0
4948	0
4949	0
4950	1
4951	0
4952	2
4953	0
4954	0
4955	1
4956	0
4957	0
4958	0
4959	0
4960	0
4961	2
4962	0
4963	1
4964	0
4965	2
4966	0
4967	0
4968	1
4969	0
4970	1
4971	1
4972	0
4973	0
4974	0
4975	0
4976	1
4977	1
4978	0
4979	0
4980	1
4981	1
4982	0
4983	0
4984	0
4985	0
4986	1
4987	0
4988	0
4989	0
4990	1
4991	0
4992	0
4993	1
4994	1
4995	1
4996	0
4997	0
4998	1
4999	0
5000	1
5001	3
5002	1
5003	0
5004	0
5005	0
5006	1
5007	0
5008	0
5009	0
5010	0
5011	0
5012	0
5013	0
5014	0
5015	0
5016	0
5017	1
5018	1
5019	0
5020	0
5021	1
5022	0
5023	0
5024	2
5025	0
5026	1
5027	0
5028	1
5029	1
5030	0
5031	0
5032	0
5033	2
5034	2
5035	0
5036	0
5037	0
5038	0
5039	0
5040	1
5041	0
5042	0
5043	0
5044	0
5045	0
5046	0
5047	0
5048	2
5049	1
5050	0
5051	0
5052	2
5053	0
5054	0
5055	1
5056	3
5057	0
5058	0
5059	0
5060	0
5061	0
5062	0
5063	0
5064	0
5065	0
5066	0
5067	1
5068	1
5069	1
5070	1
5071	0
5072	0
5073	0
5074	0
5075	1
5076	0
5077	1
5078	1
5079	0
5080	1
5081	2
5082	1
5083	0
5084	0
5085	1
5086	0
5087	0
5088	0
5089	0
5090	0
5091	0
5092	1
5093	1
5094	2
5095	0
5096	0
5097	1
5098	0
5099	0
5100	0
5101	0
5102	0
5103	0
5104	0
5105	0
5106	2
5107	1
5108	0
5109	1
5110	0
5111	1
5112	0
5113	0
5114	0
5115	0
5116	0
5117	0
5118	0
5119	0
5120	0
5121	0
5122	0
5123	0
5124	0
5125	1
5126	0
5127	1
5128	0
5129	1
5130	1
5131	2
5132	1
5133	0
5134	1
5135	1
5136	0
5137	1
5138	0
5139	0
5140	1
5141	0
5142	0
5143	0
5144	0
5145	1
5146	0
5147	0
5148	0
5149	0
5150	0
5151	0
5152	0
5153	0
5154	0
5155	0
5156	1
5157	2
5158	0
5159	0
5160	0
5161	1
5162	0
5163	1
5164	0
5165	0
5166	0
5167	2
5168	1
5169	0
5170	0
5171	0
5172	0
5173	1
5174	1
5175	1
5176	0
5177	0
5178	0
5179	1
5180	0
5181	0
5182	0
5183	1
5184	0
5185	0
5186	0
5187	1
5188	0
5189	1
5190	0
5191	0
5192	0
5193	0
5194	0
5195	0
5196	0
5197	0
5198	0
5199	0
5200	0
5201	1
5202	1
5203	0
5204	0
5205	1
5206	0
5207	2
5208	0
5209	0
5210	0
5211	0
5212	2
5213	0
5214	0
5215	0
5216	0
5217	0
5218	1
5219	0
5220	1
5221	2
5222	1
5223	0
5224	0
5225	0
5226	0
5227	1
5228	0
5229	0
5230	0
5231	0
5232	0
5233	0
5234	0
5235	0
5236	0
5237	0
5238	0
5239	0
5240	0
5241	0
5242	1
5243	1
5244	0
5245	0
5246	0
5247	0
5248	0
5249	0
5250	0
5251	2
5252	1
5253	0
5254	0
5255	0
5256	0
5257	0
5258	0
5259	0
5260	0
5261	0
5262	0
5263	0
5264	1
5265	1
5266	1
5267	2
5268	0
5269	1
5270	0
5271	0
5272	0
5273	0
5274	0
5275	0
5276	0
5277	1
5278	0
5279	2
5280	0
5281	0
5282	0
5283	1
5284	0
5285	0
5286	0
5287	0
5288	0
5289	0
5290	3
5291	1
5292	1
5293	0
5294	1
5295	0
5296	2
5297	1
5298	0
5299	0
5300	0
5301	0
5302	0
5303	0
5304	1
5305	0
5306	2
5307	0
5308	0
5309	0
5310	0
5311	0
5312	0
5313	2
5314	2
5315	2
5316	1
5317	0
5318	0
5319	0
5320	1
5321	0
5322	1
5323	0
5324	0
5325	1
5326	0
5327	1
5328	1
5329	0
5330	1
5331	0
5332	1
5333	0
5334	0
5335	0
5336	0
5337	0
5338	0
5339	1
5340	1
5341	0
5342	0
5343	0
5344	0
5345	1
5346	2
5347	1
5348	1
5349	0
5350	0
5351	0
5352	1
5353	2
5354	0
5355	0
5356	0
5357	1
5358	0
5359	1
5360	1
5361	1
5362	2
5363	0
5364	1
5365	1
5366	2
5367	0
5368	1
5369	0
5370	0
5371	1
5372	0
5373	0
5374	0
5375	0
5376	0
5377	0
5378	0
5379	0
5380	0
5381	0
5382	0
5383	0
5384	0
5385	0
5386	0
5387	0
5388	0
5389	1
5390	2
5391	0
5392	0
5393	0
5394	0
5395	1
5396	0
5397	1
5398	1
5399	1
5400	1
5401	0
5402	0
5403	0
5404	1
5405	1
5406	0
5407	1
5408	2
5409	0
5410	0
5411	0
5412	0
5413	0
5414	0
5415	1
5416	0
5417	0
5418	0
5419	2
5420	1
5421	1
5422	0
5423	1
5424	0
5425	1
5426	0
5427	0
5428	1
5429	0
5430	0
5431	0
5432	0
5433	1
5434	0
5435	0
5436	0
5437	0
5438	0
5439	1
5440	0
5441	0
5442	2
5443	0
5444	1
5445	0
5446	1
5447	0
5448	1
5449	2
5450	2
5451	0
5452	0
5453	3
5454	1
5455	0
5456	1
5457	0
5458	0
5459	0
5460	0
5461	1
5462	1
5463	0
5464	1
5465	1
5466	0
5467	0
5468	0
5469	0
5470	0
5471	0
5472	1
5473	1
5474	1
5475	1
5476	0
5477	1
5478	0
5479	1
5480	1
5481	0
5482	0
5483	0
5484	0
5485	1
5486	0
5487	0
5488	2
5489	1
5490	1
5491	0
5492	0
5493	1
5494	1
5495	2
5496	0
5497	0
5498	0
5499	0
5500	0
5501	0
5502	1
5503	0
5504	1
5505	2
5506	0
5507	0
5508	0
5509	0
5510	0
5511	0
5512	0
5513	0
5514	0
5515	0
5516	1
5517	0
5518	1
5519	0
5520	0
5521	0
5522	0
5523	0
5524	0
5525	0
5526	0
5527	0
5528	0
5529	0
5530	0
5531	0
5532	1
5533	1
5534	0
5535	0
5536	0
5537	0
5538	0
5539	1
5540	0
5541	0
5542	0
5543	0
5544	1
5545	0
5546	0
5547	0
5548	0
5549	1
5550	0
5551	1
5552	0
5553	0
5554	0
5555	0
5556	1
5557	0
5558	0
5559	1
5560	0
5561	0
5562	0
5563	0
5564	0
5565	0
5566	2
5567	0
5568	0
5569	0
5570	0
5571	0
5572	0
5573	0
5574	0
5575	0
5576	1
5577	0
5578	0
5579	0
5580	0
5581	1
5582	2
5583	1
5584	0
5585	0
5586	0
5587	0
5588	0
5589	2
5590	0
5591	0
5592	0
5593	0
5594	0
5595	0
5596	0
5597	0
5598	1
5599	0
5600	2
5601	0
5602	0
5603	0
5604	0
5605	0
5606	0
5607	1
5608	0
5609	0
5610	0
5611	0
5612	1
5613	0
5614	3
5615	0
5616	0
5617	1
5618	0
5619	1
5620	1
5621	0
5622	0
5623	0
5624	0
5625	0
5626	0
5627	2
5628	0
5629	1
5630	0
5631	0
5632	0
5633	0
5634	0
5635	0
5636	1
5637	0
5638	0
5639	1
5640	0
5641	0
5642	0
5643	1
5644	0
5645	0
5646	0
5647	0
5648	1
5649	0
5650	1
5651	1
5652	0
5653	1
5654	1
5655	1
5656	0
5657	1
5658	0
5659	0
5660	0
5661	0
5662	1
5663	0
5664	0
5665	1
5666	0
5667	1
5668	0
5669	0
5670	1
5671	0
5672	1
5673	0
5674	1
5675	0
5676	0
5677	1
5678	1
5679	1
5680	0
5681	0
5682	2
5683	0
5684	2
5685	1
5686	1
5687	2
5688	0
5689	0
5690	0
5691	1
5692	1
5693	0
5694	0
5695	0
5696	0
5697	0
5698	2
5699	0
5700	0
5701	0
5702	0
5703	1
5704	0
5705	0
5706	1
5707	0
5708	1
5709	0
5710	1
5711	0
5712	0
5713	0
5714	0
5715	0
5716	0
5717	0
5718	1
5719	0
5720	0
5721	1
5722	1
5723	0
5724	1
5725	0
5726	0
5727	0
5728	0
5729	0
5730	0
5731	0
5732	0
5733	0
5734	0
5735	0
5736	1
5737	1
5738	0
5739	0
5740	0
5741	0
5742	0
5743	0
5744	0
5745	1
5746	0
5747	1
5748	0
5749	1
5750	1
5751	0
5752	0
5753	1
5754	0
5755	0
5756	0
5757	0
5758	0
5759	0
5760	0
5761	0
5762	0
5763	1
5764	0
5765	0
5766	0
5767	0
5768	0
5769	0
5770	1
5771	1
5772	0
5773	0
5774	0
5775	1
5776	0
5777	0
5778	0
5779	0
5780	0
5781	0
5782	0
5783	0
5784	0
5785	0
5786	0
5787	0
5788	0
5789	2
5790	0
5791	1
5792	0
5793	1
5794	0
5795	0
5796	0
5797	0
5798	0
5799	0
5800	0
5801	0
5802	0
5803	1
5804	1
5805	0
5806	0
5807	1
5808	0
5809	0
5810	0
5811	0
5812	1
5813	1
5814	0
5815	0
5816	0
5817	1
5818	0
5819	1
5820	0
5821	0
5822	0
5823	1
5824	0
5825	0
5826	0
5827	0
5828	0
5829	0
5830	0
5831	0
5832	1
5833	1
5834	1
5835	0
5836	0
5837	0
5838	0
5839	0
5840	1
5841	0
5842	0
5843	0
5844	0
5845	0
5846	1
5847	0
5848	0
5849	1
5850	0
5851	1
5852	0
5853	0
5854	1
5855	0
5856	2
5857	0
5858	0
5859	0
5860	0
5861	0
5862	0
5863	0
5864	0
5865	0
5866	1
5867	0
5868	0
5869	0
5870	0
5871	0
5872	2
5873	0
5874	0
5875	0
5876	0
5877	0
5878	0
5879	1
5880	1
5881	0
5882	0
5883	0
5884	0
5885	1
5886	1
5887	1
5888	0
5889	0
5890	0
5891	3
5892	0
5893	0
5894	0
5895	0
5896	0
5897	0
5898	0
5899	0
5900	0
5901	1
5902	0
5903	0
5904	0
5905	1
5906	0
5907	0
5908	0
5909	1
5910	0
5911	0
5912	0
5913	0
5914	0
5915	0
5916	0
5917	1
5918	0
5919	0
5920	0
5921	2
5922	2
5923	0
5924	0
5925	0
5926	0
5927	0
5928	0
5929	0
5930	0
5931	2
5932	2
5933	0
5934	0
5935	1
5936	1
5937	0
5938	0
5939	1
5940	0
5941	1
5942	0
5943	0
5944	0
5945	1
5946	0
5947	0
5948	0
5949	0
5950	0
5951	0
5952	0
5953	1
5954	0
5955	0
5956	0
5957	0
5958	0
5959	0
5960	0
5961	0
5962	0
5963	0
5964	2
5965	0
5966	1
5967	0
5968	0
5969	0
5970	0
5971	0
5972	0
5973	0
5974	0
5975	0
5976	1
5977	0
5978	0
5979	1
5980	1
5981	0
5982	0
5983	1
5984	0
5985	0
5986	0
5987	1
5988	0
5989	0
5990	0
5991	1
5992	1
5993	0
5994	1
5995	0
5996	0
5997	0
5998	0
5999	0
6000	0
6001	0
6002	0
6003	0
6004	0
6005	0
6006	0
6007	0
6008	1
6009	0
6010	0
6011	0
6012	0
6013	0
6014	0
6015	0
6016	1
6017	0
6018	0
6019	1
6020	0
6021	1
6022	0
6023	0
6024	0
6025	0
6026	0
6027	1
6028	0
6029	0
6030	1
6031	1
6032	0
6033	0
6034	1
6035	1
6036	1
6037	0
6038	2
6039	0
6040	0
6041	1
6042	0
6043	0
6044	0
6045	1
6046	0
6047	1
6048	1
6049	0
6050	0
6051	0
6052	0
6053	1
6054	0
6055	0
6056	0
6057	1
6058	0
6059	0
6060	1
6061	0
6062	0
6063	1
6064	0
6065	0
6066	0
6067	0
6068	0
6069	0
6070	0
6071	0
6072	0
6073	0
6074	0
6075	0
6076	0
6077	0
6078	0
6079	0
6080	0
6081	0
6082	0
6083	0
6084	0
6085	0
6086	0
6087	0
6088	0
6089	0
6090	0
6091	0
6092	0
6093	0
6094	0
6095	0
6096	1
6097	0
6098	0
6099	0
6100	0
6101	2
6102	2
6103	0
6104	0
6105	1
6106	0
6107	0
6108	0
6109	0
6110	0
6111	1
6112	0
6113	0
6114	0
6115	0
6116	1
6117	0
6118	0
6119	0
6120	0
6121	0
6122	0
6123	0
6124	0
6125	0
6126	1
6127	0
6128	0
6129	0
6130	0
6131	1
6132	0
6133	0
6134	1
6135	0
6136	0
6137	0
6138	1
6139	0
6140	0
6141	0
6142	0
6143	1
6144	0
6145	1
6146	0
6147	0
6148	0
6149	0
6150	0
6151	0
6152	0
6153	0
6154	0
6155	0
6156	0
6157	0
6158	1
6159	0
6160	0
6161	0
6162	0
6163	0
6164	0
6165	1
6166	0
6167	0
6168	1
6169	0
6170	0
6171	0
6172	0
6173	0
6174	0
6175	0
6176	0
6177	0
6178	0
6179	0
6180	0
6181	1
6182	0
6183	0
6184	0
6185	0
6186	1
6187	0
6188	0
6189	1
6190	0
6191	0
6192	0
6193	0
6194	1
6195	0
6196	1
6197	0
6198	0
6199	1
6200	0
6201	0
6202	0
6203	0
6204	0
6205	1
6206	0
6207	0
6208	0
6209	1
6210	0
6211	0
6212	0
6213	0
6214	0
6215	1
6216	0
6217	0
6218	0
6219	0
6220	0
6221	1
6222	0
6223	0
6224	0
6225	0
6226	1
6227	0
6228	1
6229	1
6230	0
6231	0
6232	1
6233	0
6234	0
6235	0
6236	0
6237	0
6238	0
6239	0
6240	0
6241	1
6242	0
6243	0
6244	1
6245	0
6246	0
6247	0
6248	0
6249	0
6250	1
6251	0
6252	0
6253	0
6254	2
6255	1
6256	0
6257	0
6258	0
6259	0
6260	0
6261	0
6262	0
6263	0
6264	0
6265	0
6266	0
6267	0
6268	0
6269	0
6270	0
6271	1
6272	0
6273	1
6274	0
6275	0
6276	1
6277	0
6278	0
6279	0
6280	0
6281	0
6282	1
6283	0
6284	0
6285	0
6286	0
6287	0
6288	0
6289	0
6290	0
6291	0
6292	1
6293	0
6294	0
6295	0
6296	0
6297	0
6298	0
6299	0
6300	0
6301	0
6302	0
6303	0
6304	0
6305	0
6306	1
6307	0
6308	1
6309	0
6310	0
6311	1
6312	0
6313	0
6314	0
6315	0
6316	1
6317	0
6318	2
6319	1
6320	1
6321	0
6322	1
6323	0
6324	0
6325	0
6326	0
6327	0
6328	0
6329	0
6330	0
6331	0
6332	0
6333	1
6334	0
6335	0
6336	0
6337	2
6338	1
6339	0
6340	0
6341	1
6342	1
6343	1
6344	0
6345	0
6346	1
6347	0
6348	1
6349	0
6350	0
6351	0
6352	0
6353	1
6354	0
6355	0
6356	0
6357	0
6358	0
6359	0
6360	0
6361	1
6362	0
6363	1
6364	0
6365	0
6366	0
6367	0
6368	1
6369	0
6370	0
6371	0
6372	0
6373	1
6374	0
6375	0
6376	0
6377	1
6378	1
6379	1
6380	0
6381	0
6382	1
6383	0
6384	0
6385	0
6386	0
6387	1
6388	0
6389	0
6390	2
6391	1
6392	0
6393	1
6394	0
6395	0
6396	1
6397	0
6398	0
6399	0
6400	1
6401	0
6402	0
6403	1
6404	0
6405	0
6406	1
6407	0
6408	0
6409	1
6410	0
6411	0
6412	0
6413	0
6414	0
6415	0
6416	0
6417	0
6418	0
6419	0
6420	0
6421	0
6422	0
6423	0
6424	0
6425	0
6426	0
6427	1
6428	0
6429	0
6430	0
6431	1
6432	0
6433	0
6434	0
6435	0
6436	0
6437	0
6438	0
6439	0
6440	1
6441	2
6442	0
6443	0
6444	0
6445	0
6446	0
6447	0
6448	0
6449	0
6450	1
6451	1
6452	0
6453	1
6454	0
6455	0
6456	1
6457	2
6458	0
6459	0
6460	0
6461	0
6462	0
6463	0
6464	0
6465	0
6466	0
6467	0
6468	0
6469	1
6470	0
6471	0
6472	0
6473	0
6474	0
6475	0
6476	0
6477	0
6478	1
6479	0
6480	0
6481	0
6482	0
6483	0
6484	0
6485	0
6486	1
6487	0
6488	0
6489	0
6490	0
6491	0
6492	0
6493	0
6494	0
6495	0
6496	2
6497	0
6498	0
6499	1
6500	0
6501	0
6502	0
6503	0
6504	0
6505	0
6506	0
6507	0
6508	0
6509	1
6510	0
6511	0
6512	1
6513	0
6514	0
6515	0
6516	1
6517	0
6518	0
6519	0
6520	0
6521	0
6522	1
6523	0
6524	1
6525	0
6526	1
6527	0
6528	0
6529	0
6530	0
6531	1
6532	0
6533	1
6534	0
6535	0
6536	0
6537	0
6538	0
6539	0
6540	1
6541	0
6542	0
6543	0
6544	0
6545	0
6546	0
6547	0
6548	0
6549	2
6550	0
6551	0
6552	0
6553	0
6554	0
6555	0
6556	0
6557	0
6558	1
6559	0
6560	0
6561	0
6562	0
6563	0
6564	1
6565	0
6566	0
6567	0
6568	0
6569	0
6570	0
6571	2
6572	0
6573	0
6574	0
6575	0
6576	0
6577	0
6578	0
6579	0
6580	0
6581	0
6582	0
6583	0
6584	2
6585	1
6586	2
6587	0
6588	1
6589	1
6590	1
6591	0
6592	2
6593	0
6594	0
6595	0
6596	1
6597	0
6598	0
6599	1
6600	0
6601	0
6602	1
6603	0
6604	0
6605	0
6606	0
6607	0
6608	0
6609	0
6610	0
6611	1
6612	0
6613	0
6614	2
6615	0
6616	0
6617	0
6618	0
6619	0
6620	0
6621	0
6622	0
6623	0
6624	1
6625	0
6626	0
6627	0
6628	0
6629	1
6630	0
6631	0
6632	1
6633	0
6634	0
6635	0
6636	0
6637	0
6638	0
6639	1
6640	1
6641	0
6642	0
6643	0
6644	1
6645	1
6646	0
6647	0
6648	1
6649	0
6650	0
6651	1
6652	0
6653	0
6654	0
6655	0
6656	0
6657	1
6658	1
6659	0
6660	0
6661	0
6662	0
6663	0
6664	1
6665	0
6666	1
6667	1
6668	0
6669	0
6670	1
6671	1
6672	0
6673	0
6674	0
6675	0
6676	0
6677	0
6678	0
6679	0
6680	1
6681	0
6682	0
6683	0
6684	0
6685	0
6686	1
6687	0
6688	1
6689	0
6690	0
6691	0
6692	0
6693	0
6694	0
6695	0
6696	0
6697	0
6698	0
6699	0
6700	0
6701	1
6702	0
6703	0
6704	0
6705	2
6706	0
6707	0
6708	0
6709	1
6710	0
6711	0
6712	0
6713	0
6714	1
6715	0
6716	0
6717	0
6718	0
6719	0
6720	0
6721	0
6722	0
6723	0
6724	0
6725	0
6726	0
6727	0
6728	0
6729	0
6730	0
6731	0
6732	0
6733	1
6734	0
6735	0
6736	0
6737	0
6738	0
6739	0
6740	0
6741	0
6742	0
6743	0
6744	0
6745	0
6746	1
6747	1
6748	0
6749	0
6750	0
6751	1
6752	0
6753	0
6754	0
6755	1
6756	0
6757	0
6758	0
6759	0
6760	0
6761	0
6762	0
6763	0
6764	1
6765	1
6766	0
6767	0
6768	1
6769	0
6770	0
6771	0
6772	0
6773	0
6774	1
6775	0
6776	0
6777	0
6778	0
6779	0
6780	0
6781	0
6782	0
6783	0
6784	1
6785	1
6786	2
6787	0
6788	0
6789	0
6790	0
6791	0
6792	0
6793	0
6794	0
6795	0
6796	0
6797	0
6798	0
6799	1
6800	1
6801	0
6802	0
6803	1
6804	0
6805	0
6806	0
6807	0
6808	0
6809	0
6810	1
6811	0
6812	0
6813	0
6814	0
6815	1
6816	1
6817	0
6818	0
6819	0
6820	1
6821	0
6822	0
6823	0
6824	0
6825	0
6826	0
6827	0
6828	0
6829	0
6830	0
6831	0
6832	0
6833	0
6834	0
6835	0
6836	1
6837	1
6838	0
6839	0
6840	0
6841	0
6842	0
6843	0
6844	1
6845	0
6846	1
6847	0
6848	1
6849	0
6850	1
6851	0
6852	0
6853	0
6854	0
6855	0
6856	0
6857	1
6858	0
6859	1
6860	0
6861	0
6862	1
6863	1
6864	1
6865	0
6866	0
6867	1
6868	1
6869	0
6870	0
6871	1
6872	0
6873	0
6874	0
6875	1
6876	0
6877	0
6878	0
6879	0
6880	1
6881	0
6882	0
6883	1
6884	0
6885	0
6886	0
6887	0
6888	0
6889	0
6890	0
6891	0
6892	0
6893	0
6894	0
6895	0
6896	0
6897	1
6898	0
6899	1
6900	0
6901	0
6902	0
6903	1
6904	0
6905	1
6906	0
6907	0
6908	1
6909	0
6910	0
6911	0
6912	0
6913	1
6914	0
6915	0
6916	1
6917	0
6918	0
6919	1
6920	0
6921	0
6922	0
6923	0
6924	0
6925	1
6926	1
6927	0
6928	0
6929	0
6930	1
6931	0
6932	1
6933	1
6934	1
6935	0
6936	0
6937	0
6938	1
6939	1
6940	1
6941	0
6942	1
6943	0
6944	1
6945	0
6946	0
6947	1
6948	1
6949	2
6950	0
6951	0
6952	0
6953	0
6954	0
6955	0
6956	0
6957	0
6958	0
6959	0
6960	0
6961	0
6962	1
6963	1
6964	0
6965	0
6966	0
6967	0
6968	1
6969	0
6970	0
6971	0
6972	0
6973	0
6974	0
6975	0
6976	0
6977	0
6978	0
6979	0
6980	0
6981	0
6982	0
6983	0
6984	0
6985	0
6986	0
6987	0
6988	0
6989	0
6990	1
6991	0
6992	0
6993	0
6994	0
6995	0
6996	0
6997	0
6998	0
6999	0
7000	0
7001	0
7002	1
7003	1
7004	1
7005	0
7006	0
7007	0
7008	0
7009	0
7010	0
7011	0
7012	0
7013	0
7014	0
7015	0
7016	0
7017	0
7018	0
7019	0
7020	0
7021	0
7022	1
7023	0
7024	1
7025	0
7026	0
7027	1
7028	0
7029	0
7030	0
7031	1
7032	0
7033	0
7034	0
7035	1
7036	0
7037	0
7038	0
7039	0
7040	0
7041	0
7042	0
7043	1
7044	0
7045	0
7046	0
7047	0
7048	0
7049	0
7050	0
7051	0
7052	0
7053	1
7054	0
7055	0
7056	0
7057	0
7058	0
7059	0
7060	0
7061	0
7062	0
7063	0
7064	0
7065	0
7066	0
7067	0
7068	1
7069	0
7070	0
7071	0
7072	0
7073	0
7074	0
7075	0
7076	0
7077	0
7078	0
7079	0
7080	0
7081	0
7082	2
7083	0
7084	1
7085	2
7086	0
7087	0
7088	0
7089	0
7090	0
7091	0
7092	0
7093	0
7094	0
7095	0
7096	0
7097	0
7098	0
7099	0
7100	0
7101	0
7102	0
7103	0
7104	0
7105	0
7106	0
7107	0
7108	0
7109	0
7110	0
7111	0
7112	0
7113	0
7114	0
7115	0
7116	0
7117	3
7118	0
7119	0
7120	0
7121	0
7122	0
7123	0
7124	0
7125	0
7126	0
7127	1
7128	0
7129	0
7130	0
7131	1
7132	0
7133	0
7134	1
7135	0
7136	0
7137	0
7138	0
7139	0
7140	0
7141	0
7142	0
7143	1
7144	0
7145	1
7146	0
7147	0
7148	0
7149	0
7150	0
7151	0
7152	0
7153	1
7154	0
7155	0
7156	0
7157	0
7158	0
7159	0
7160	0
7161	3
7162	0
7163	1
7164	0
7165	1
7166	0
7167	0
7168	0
7169	0
7170	0
7171	0
7172	0
7173	0
7174	0
7175	0
7176	0
7177	0
7178	0
7179	0
7180	0
7181	0
7182	1
7183	0
7184	0
7185	0
7186	0
7187	0
7188	0
7189	0
7190	0
7191	0
7192	1
7193	0
7194	0
7195	1
7196	0
7197	0
7198	0
7199	0
7200	0
7201	0
7202	0
7203	0
7204	0
7205	0
7206	0
7207	0
7208	0
7209	0
7210	0
7211	0
7212	0
7213	1
7214	0
7215	0
7216	0
7217	1
7218	0
7219	0
7220	0
7221	0
7222	1
7223	0
7224	0
7225	0
7226	0
7227	0
7228	0
7229	0
7230	0
7231	0
7232	0
7233	0
7234	1
7235	0
7236	0
7237	0
7238	0
7239	0
7240	1
7241	0
7242	0
7243	0
7244	0
7245	0
7246	0
7247	0
7248	0
7249	0
7250	0
7251	0
7252	1
7253	0
7254	0
7255	0
7256	0
7257	0
7258	1
7259	0
7260	1
7261	0
7262	0
7263	0
7264	0
7265	0
7266	0
7267	0
7268	0
7269	1
7270	1
7271	0
7272	0
7273	0
7274	0
7275	0
7276	0
7277	0
7278	0
7279	0
7280	0
7281	0
7282	0
7283	0
7284	1
7285	0
7286	1
7287	0
7288	0
7289	0
7290	0
7291	0
7292	0
7293	0
7294	0
7295	0
7296	1
7297	0
7298	0
7299	0
7300	0
7301	0
7302	0
7303	0
7304	0
7305	0
7306	0
7307	1
7308	0
7309	0
7310	0
7311	0
7312	0
7313	0
7314	0
7315	0
7316	0
7317	0
7318	0
7319	0
7320	0
7321	0
7322	0
7323	0
7324	0
7325	0
7326	0
7327	0
7328	0
7329	0
7330	0
7331	0
7332	0
7333	0
7334	2
7335	0
7336	0
7337	0
7338	0
7339	0
7340	1
7341	0
7342	0
7343	1
7344	2
7345	0
7346	0
7347	0
7348	0
7349	0
7350	0
7351	0
7352	0
7353	0
7354	0
7355	1
7356	0
7357	0
7358	0
7359	0
7360	0
7361	0
7362	0
7363	0
7364	1
7365	0
7366	0
7367	0
7368	0
7369	0
7370	0
7371	0
7372	0
7373	1
7374	0
7375	0
7376	0
7377	0
7378	0
7379	0
7380	0
7381	0
7382	0
7383	0
7384	0
7385	0
7386	0
7387	0
7388	0
7389	0
7390	0
7391	0
7392	1
7393	1
7394	0
7395	0
7396	0
7397	0
7398	0
7399	0
7400	0
7401	0
7402	0
7403	0
7404	0
7405	0
7406	0
7407	0
7408	0
7409	0
7410	0
7411	0
7412	0
7413	1
7414	0
7415	0
7416	0
7417	1
7418	0
7419	0
7420	0
7421	0
7422	0
7423	0
7424	0
7425	0
7426	0
7427	1
7428	0
7429	0
7430	0
7431	0
7432	0
7433	0
7434	0
7435	0
7436	0
7437	0
7438	0
7439	1
7440	0
7441	0
7442	0
7443	0
7444	0
7445	0
7446	0
7447	0
7448	0
7449	0
7450	0
7451	0
7452	0
7453	0
7454	0
7455	0
7456	0
7457	0
7458	0
7459	0
7460	0
7461	0
7462	0
7463	0
7464	0
7465	0
7466	0
7467	2
7468	0
7469	0
7470	0
7471	1
7472	0
7473	1
7474	0
7475	0
7476	0
7477	0
7478	0
7479	1
7480	0
7481	0
7482	0
7483	0
7484	0
7485	0
7486	0
7487	0
7488	0
7489	0
7490	0
7491	0
7492	0
7493	1
7494	0
7495	0
7496	0
7497	0
7498	0
7499	0
7500	0
7501	0
7502	0
7503	0
7504	0
7505	0
7506	0
7507	0
7508	0
7509	0
7510	0
7511	0
7512	1
7513	1
7514	0
7515	0
7516	0
7517	0
7518	0
7519	0
7520	0
7521	0
7522	0
7523	0
7524	0
7525	0
7526	0
7527	0
7528	0
7529	0
7530	0
7531	0
7532	0
7533	0
7534	0
7535	0
7536	0
7537	0
7538	0
7539	0
7540	0
7541	0
7542	0
7543	0
7544	0
7545	0
7546	0
7547	0
7548	0
7549	2
7550	0
7551	0
7552	0
7553	0
7554	0
7555	0
7556	0
7557	0
7558	0
7559	0
7560	0
7561	0
7562	0
7563	0
7564	0
7565	0
7566	0
7567	0
7568	0
7569	0
7570	0
7571	0
7572	0
7573	0
7574	0
7575	0
7576	0
7577	0
7578	0
7579	0
7580	0
7581	0
7582	0
7583	0
7584	0
7585	0
7586	0
7587	0
7588	0
7589	0
7590	0
7591	0
7592	0
7593	0
7594	0
7595	0
7596	0
7597	0
7598	0
7599	1
7600	0
7601	0
7602	0
7603	0
7604	0
7605	0
7606	0
7607	0
7608	0
7609	0
7610	0
7611	0
7612	0
7613	0
7614	1
7615	1
7616	0
7617	0
7618	0
7619	0
7620	0
7621	0
7622	0
7623	0
7624	0
7625	0
7626	0
7627	0
7628	0
7629	0
7630	1
7631	0
7632	1
7633	0
7634	0
7635	0
7636	0
7637	0
7638	0
7639	0
7640	0
7641	0
7642	1
7643	0
7644	0
7645	0
7646	0
7647	0
7648	0
7649	0
7650	0
7651	0
7652	0
7653	0
7654	0
7655	0
7656	0
7657	0
7658	0
7659	0
7660	0
7661	1
7662	0
7663	0
7664	0
7665	0
7666	0
7667	0
7668	0
7669	0
7670	0
7671	0
7672	0
7673	0
7674	0
7675	0
7676	0
7677	1
7678	1
7679	0
7680	0
7681	0
7682	1
7683	0
7684	0
7685	0
7686	2
7687	0
7688	0
7689	0
7690	0
7691	0
7692	0
7693	0
7694	0
7695	1
7696	0
7697	0
7698	0
7699	0
7700	0
7701	0
7702	0
7703	0
7704	0
7705	0
7706	0
7707	0
7708	0
7709	0
7710	0
7711	0
7712	0
7713	0
7714	1
7715	0
7716	0
7717	0
7718	0
7719	0
7720	0
7721	0
7722	0
7723	0
7724	0
7725	0
7726	1
7727	0
7728	0
7729	0
7730	0
7731	0
7732	0
7733	0
7734	1
7735	0
7736	0
7737	0
7738	0
7739	1
7740	0
7741	1
7742	0
7743	0
7744	0
7745	0
7746	0
7747	0
7748	2
7749	0
7750	0
7751	1
7752	0
7753	0
7754	0
7755	0
7756	0
7757	1
7758	0
7759	1
7760	0
7761	0
7762	1
7763	0
7764	0
7765	0
7766	0
7767	0
7768	0
7769	0
7770	0
7771	0
7772	0
7773	0
7774	1
7775	0
7776	0
7777	0
7778	0
7779	0
7780	1
7781	0
7782	0
7783	0
7784	0
7785	1
7786	0
7787	1
7788	0
7789	0
7790	0
7791	0
7792	0
7793	0
7794	0
7795	2
7796	0
7797	0
7798	0
7799	2
7800	0
7801	1
7802	0
7803	0
7804	0
7805	0
7806	1
7807	1
7808	0
7809	0
7810	0
7811	0
7812	1
7813	0
7814	0
7815	0
7816	0
7817	0
7818	0
7819	0
7820	0
7821	0
7822	1
7823	0
7824	0
7825	0
7826	0
7827	2
7828	0
7829	0
7830	0
7831	0
7832	1
7833	0
7834	0
7835	1
7836	0
7837	0
7838	0
7839	0
7840	0
7841	0
7842	0
7843	0
7844	0
7845	0
7846	0
7847	1
7848	0
7849	0
7850	0
7851	0
7852	0
7853	0
7854	0
7855	0
7856	0
7857	1
7858	0
7859	0
7860	0
7861	0
7862	0
7863	0
7864	0
7865	1
7866	0
7867	0
7868	0
7869	0
7870	0
7871	1
7872	0
7873	0
7874	0
7875	0
7876	0
7877	0
7878	0
7879	0
7880	0
7881	0
7882	1
7883	1
7884	0
7885	0
7886	1
7887	0
7888	0
7889	0
7890	0
7891	0
7892	1
7893	1
7894	0
7895	0
7896	0
7897	0
7898	1
7899	0
7900	0
7901	0
7902	0
7903	0
7904	0
7905	0
7906	0
7907	1
7908	0
7909	0
7910	0
7911	0
7912	0
7913	0
7914	1
7915	1
7916	0
7917	1
7918	1
7919	0
7920	0
7921	0
7922	0
7923	0
7924	0
7925	0
7926	1
7927	0
7928	0
7929	1
7930	1
7931	1
7932	1
7933	0
7934	1
7935	1
7936	0
7937	0
7938	0
7939	2
7940	0
7941	0
7942	0
7943	0
7944	0
7945	0
7946	0
7947	1
7948	0
7949	0
7950	0
7951	0
7952	0
7953	0
7954	0
7955	0
7956	0
7957	0
7958	0
7959	0
7960	0
7961	0
7962	0
7963	0
7964	0
7965	0
7966	0
7967	0
7968	0
7969	1
7970	2
7971	1
7972	0
7973	1
7974	0
7975	1
7976	0
7977	0
7978	1
7979	0
7980	1
7981	0
7982	0
7983	0
7984	1
7985	0
7986	0
7987	0
7988	1
7989	0
7990	0
7991	1
7992	1
7993	0
7994	1
7995	0
7996	1
7997	0
7998	1
7999	0
8000	0
8001	2
8002	0
8003	0
8004	0
8005	0
8006	0
8007	1
8008	0
8009	0
8010	0
8011	0
8012	0
8013	0
8014	0
8015	0
8016	0
8017	0
8018	0
8019	0
8020	0
8021	0
8022	0
8023	0
8024	0
8025	0
8026	0
8027	0
8028	0
8029	0
8030	0
8031	0
8032	0
8033	0
8034	0
8035	0
8036	0
8037	0
8038	0
8039	0
8040	0
8041	0
8042	0
8043	0
8044	0
8045	0
8046	0
8047	0
8048	0
8049	0
8050	0
8051	0
8052	0
8053	0
8054	0
8055	0
8056	0
8057	0
8058	0
8059	0
8060	0
8061	0
8062	0
8063	0
8064	0
8065	0
8066	0
8067	0
8068	0
8069	0
8070	0
8071	0
8072	0
8073	0
8074	0
8075	0
8076	0
8077	0
8078	0
8079	0
8080	0
8081	0
8082	0
8083	0
8084	0
8085	0
8086	0
8087	0
8088	0
8089	0
8090	0
8091	0
8092	0
8093	0
8094	0
8095	0
8096	0
8097	0
8098	0
8099	0
8100	0
8101	0
8102	0
8103	0
8104	0
8105	0
8106	0
8107	0
8108	0
8109	0
8110	0
8111	0
8112	0
8113	0
8114	0
8115	0
8116	0
8117	0
8118	0
8119	0
8120	0
8121	0
8122	0
8123	0
8124	0
8125	0
8126	0
8127	0
8128	0
8129	0
8130	0
8131	0
8132	0
8133	0
8134	0
8135	0
8136	0
8137	0
8138	0
8139	0
8140	0
8141	0
8142	0
8143	0
8144	0
8145	0
8146	0
8147	0
8148	0
8149	0
8150	0
8151	0
8152	0
8153	0
8154	0
8155	0
8156	0
8157	0
8158	0
8159	0
8160	0
8161	0
8162	0
8163	0
8164	0
8165	0
8166	0
8167	0
8168	0
8169	0
8170	0
8171	0
8172	0
8173	0
8174	0
8175	0
8176	0
8177	0
8178	0
8179	0
8180	0
8181	0
8182	0
8183	0
8184	0
8185	0
8186	0
8187	0
8188	0
8189	0
8190	0
8191	0
