0	0
1	0
2	0
3	0
4	0
5	0
6	0
7	0
8	0
9	0
10	0
11	0
12	0
13	0
14	0
15	0
16	0
17	0
18	0
19	0
20	0
21	0
22	0
23	0
24	0
25	0
26	0
27	0
28	0
29	0
30	0
31	0
32	0
33	0
34	0
35	0
36	0
37	1
38	0
39	0
40	0
41	0
42	0
43	2
44	18
45	44
46	62
47	63
48	84
49	61
50	48
51	44
52	40
53	32
54	40
55	38
56	38
57	31
58	40
59	49
60	62
61	42
62	44
63	47
64	43
65	41
66	27
67	53
68	30
69	27
70	19
71	40
72	33
73	53
74	45
75	43
76	45
77	57
78	44
79	46
80	31
81	19
82	32
83	28
84	26
85	18
86	29
87	31
88	25
89	24
90	35
91	23
92	31
93	25
94	34
95	32
96	18
97	34
98	30
99	28
100	31
101	30
102	28
103	34
104	27
105	31
106	33
107	35
108	21
109	33
110	37
111	31
112	35
113	28
114	30
115	33
116	31
117	30
118	37
119	22
120	21
121	31
122	19
123	28
124	44
125	36
126	34
127	30
128	29
129	32
130	32
131	32
132	26
133	31
134	40
135	36
136	35
137	34
138	42
139	30
140	48
141	38
142	40
143	51
144	45
145	45
146	44
147	44
148	35
149	30
150	49
151	44
152	53
153	47
154	48
155	46
156	56
157	45
158	44
159	56
160	46
161	51
162	52
163	55
164	60
165	66
166	48
167	52
168	70
169	55
170	57
171	55
172	54
173	55
174	71
175	56
176	71
177	57
178	69
179	94
180	70
181	66
182	71
183	59
184	65
185	78
186	68
187	67
188	81
189	67
190	75
191	87
192	80
193	73
194	82
195	87
196	69
197	87
198	91
199	76
200	70
201	93
202	94
203	92
204	73
205	87
206	90
207	84
208	89
209	98
210	79
211	98
212	77
213	101
214	92
215	102
216	91
217	104
218	87
219	105
220	108
221	93
222	99
223	91
224	100
225	107
226	94
227	111
228	101
229	116
230	130
231	118
232	93
233	109
234	117
235	104
236	106
237	113
238	105
239	109
240	125
241	102
242	132
243	102
244	120
245	131
246	113
247	115
248	112
249	134
250	115
251	105
252	136
253	119
254	128
255	104
256	126
257	129
258	127
259	131
260	136
261	119
262	97
263	114
264	109
265	133
266	113
267	109
268	128
269	124
270	111
271	126
272	124
273	129
274	127
275	113
276	132
277	127
278	129
279	115
280	143
281	103
282	125
283	130
284	133
285	117
286	139
287	131
288	129
289	98
290	134
291	141
292	124
293	140
294	115
295	145
296	124
297	132
298	131
299	126
300	111
301	130
302	123
303	122
304	101
305	141
306	126
307	131
308	112
309	125
310	126
311	128
312	122
313	133
314	121
315	122
316	134
317	130
318	130
319	127
320	123
321	108
322	117
323	117
324	130
325	122
326	119
327	126
328	123
329	129
330	121
331	111
332	144
333	137
334	100
335	117
336	116
337	110
338	132
339	118
340	125
341	122
342	113
343	107
344	122
345	133
346	124
347	139
348	109
349	118
350	109
351	102
352	124
353	117
354	126
355	112
356	123
357	112
358	121
359	122
360	104
361	116
362	137
363	123
364	116
365	114
366	126
367	112
368	113
369	109
370	103
371	113
372	111
373	126
374	136
375	120
376	114
377	108
378	145
379	108
380	98
381	107
382	126
383	119
384	110
385	120
386	118
387	99
388	115
389	112
390	136
391	102
392	93
393	114
394	113
395	99
396	111
397	120
398	100
399	110
400	115
401	111
402	113
403	124
404	127
405	105
406	101
407	86
408	86
409	104
410	104
411	113
412	114
413	97
414	105
415	92
416	114
417	116
418	97
419	117
420	113
421	123
422	103
423	101
424	106
425	96
426	98
427	103
428	104
429	93
430	101
431	87
432	89
433	113
434	101
435	116
436	92
437	98
438	102
439	105
440	125
441	113
442	94
443	105
444	114
445	109
446	101
447	91
448	105
449	92
450	88
451	99
452	92
453	113
454	98
455	87
456	84
457	103
458	100
459	105
460	112
461	82
462	92
463	95
464	100
465	99
466	95
467	103
468	96
469	94
470	105
471	93
472	98
473	96
474	87
475	100
476	89
477	86
478	79
479	82
480	72
481	99
482	94
483	98
484	95
485	90
486	89
487	92
488	87
489	94
490	90
491	91
492	90
493	78
494	99
495	91
496	92
497	99
498	84
499	83
500	84
501	71
502	68
503	71
504	84
505	93
506	90
507	74
508	83
509	89
510	88
511	89
512	90
513	100
514	78
515	78
516	76
517	79
518	79
519	77
520	76
521	81
522	87
523	78
524	78
525	72
526	77
527	94
528	76
529	68
530	77
531	96
532	70
533	80
534	81
535	66
536	72
537	84
538	73
539	74
540	103
541	71
542	75
543	97
544	71
545	76
546	77
547	93
548	81
549	91
550	78
551	87
552	70
553	79
554	90
555	76
556	66
557	59
558	75
559	72
560	58
561	80
562	79
563	61
564	73
565	51
566	63
567	81
568	77
569	68
570	78
571	58
572	50
573	63
574	66
575	89
576	74
577	79
578	64
579	72
580	68
581	71
582	55
583	67
584	65
585	62
586	70
587	76
588	86
589	82
590	71
591	75
592	59
593	71
594	74
595	60
596	63
597	60
598	75
599	66
600	73
601	79
602	76
603	63
604	76
605	65
606	65
607	75
608	77
609	61
610	78
611	62
612	51
613	65
614	56
615	59
616	61
617	59
618	74
619	56
620	59
621	57
622	61
623	57
624	57
625	57
626	68
627	54
628	54
629	66
630	60
631	76
632	65
633	82
634	60
635	69
636	72
637	59
638	59
639	62
640	72
641	72
642	65
643	63
644	58
645	64
646	64
647	49
648	50
649	55
650	39
651	60
652	57
653	55
654	44
655	52
656	59
657	55
658	64
659	52
660	51
661	58
662	55
663	41
664	46
665	57
666	54
667	45
668	37
669	52
670	59
671	49
672	59
673	56
674	57
675	49
676	50
677	47
678	51
679	60
680	53
681	47
682	50
683	39
684	42
685	52
686	45
687	54
688	49
689	49
690	64
691	52
692	51
693	43
694	50
695	46
696	45
697	41
698	51
699	51
700	31
701	52
702	46
703	45
704	49
705	41
706	61
707	49
708	54
709	54
710	48
711	53
712	59
713	50
714	42
715	48
716	44
717	35
718	47
719	43
720	38
721	46
722	50
723	58
724	48
725	50
726	45
727	46
728	51
729	45
730	46
731	47
732	45
733	53
734	48
735	46
736	47
737	53
738	45
739	53
740	47
741	53
742	46
743	38
744	40
745	45
746	58
747	48
748	43
749	53
750	48
751	41
752	41
753	38
754	60
755	54
756	46
757	37
758	47
759	54
760	45
761	54
762	56
763	56
764	46
765	43
766	46
767	45
768	49
769	36
770	47
771	49
772	47
773	50
774	47
775	37
776	48
777	41
778	42
779	56
780	45
781	51
782	41
783	41
784	40
785	37
786	45
787	31
788	41
789	44
790	42
791	29
792	36
793	43
794	41
795	36
796	52
797	34
798	37
799	33
800	55
801	35
802	45
803	40
804	32
805	46
806	37
807	47
808	37
809	35
810	45
811	45
812	31
813	36
814	47
815	39
816	48
817	39
818	41
819	37
820	46
821	25
822	40
823	36
824	20
825	30
826	30
827	29
828	41
829	33
830	31
831	41
832	36
833	30
834	40
835	34
836	34
837	26
838	37
839	23
840	36
841	29
842	40
843	32
844	28
845	33
846	38
847	27
848	35
849	37
850	34
851	27
852	27
853	36
854	37
855	29
856	36
857	43
858	32
859	36
860	25
861	32
862	36
863	31
864	24
865	20
866	31
867	31
868	30
869	39
870	31
871	34
872	36
873	35
874	35
875	26
876	36
877	41
878	34
879	25
880	26
881	35
882	23
883	25
884	21
885	32
886	28
887	30
888	26
889	38
890	27
891	30
892	38
893	21
894	29
895	37
896	26
897	29
898	28
899	25
900	33
901	28
902	32
903	28
904	37
905	30
906	23
907	24
908	36
909	24
910	24
911	32
912	30
913	38
914	23
915	37
916	38
917	30
918	32
919	28
920	33
921	24
922	33
923	32
924	22
925	29
926	26
927	33
928	26
929	28
930	28
931	26
932	38
933	22
934	30
935	28
936	25
937	25
938	30
939	21
940	38
941	30
942	16
943	23
944	31
945	34
946	24
947	22
948	17
949	30
950	33
951	23
952	34
953	24
954	33
955	23
956	26
957	42
958	31
959	19
960	16
961	23
962	26
963	20
964	21
965	26
966	30
967	32
968	29
969	27
970	23
971	26
972	35
973	32
974	23
975	25
976	22
977	34
978	25
979	22
980	23
981	28
982	23
983	18
984	29
985	25
986	28
987	16
988	21
989	26
990	22
991	25
992	29
993	27
994	23
995	19
996	18
997	29
998	29
999	15
1000	22
1001	33
1002	25
1003	20
1004	29
1005	26
1006	19
1007	19
1008	30
1009	21
1010	25
1011	21
1012	14
1013	26
1014	26
1015	20
1016	21
1017	26
1018	26
1019	26
1020	15
1021	18
1022	29
1023	20
1024	25
1025	21
1026	15
1027	15
1028	25
1029	22
1030	20
1031	27
1032	22
1033	23
1034	23
1035	10
1036	21
1037	19
1038	21
1039	26
1040	23
1041	12
1042	26
1043	22
1044	19
1045	20
1046	25
1047	23
1048	29
1049	18
1050	20
1051	28
1052	26
1053	28
1054	27
1055	23
1056	22
1057	28
1058	25
1059	13
1060	26
1061	19
1062	17
1063	18
1064	22
1065	17
1066	18
1067	18
1068	18
1069	27
1070	29
1071	22
1072	19
1073	24
1074	19
1075	17
1076	29
1077	20
1078	22
1079	17
1080	15
1081	23
1082	27
1083	18
1084	23
1085	22
1086	17
1087	20
1088	25
1089	18
1090	24
1091	19
1092	24
1093	15
1094	21
1095	20
1096	20
1097	23
1098	20
1099	17
1100	24
1101	21
1102	26
1103	25
1104	28
1105	13
1106	19
1107	21
1108	25
1109	16
1110	15
1111	17
1112	20
1113	21
1114	17
1115	21
1116	20
1117	18
1118	21
1119	20
1120	25
1121	29
1122	20
1123	29
1124	22
1125	16
1126	18
1127	20
1128	19
1129	10
1130	31
1131	16
1132	16
1133	18
1134	21
1135	25
1136	21
1137	25
1138	12
1139	16
1140	22
1141	24
1142	15
1143	25
1144	15
1145	16
1146	21
1147	20
1148	26
1149	28
1150	24
1151	19
1152	21
1153	14
1154	14
1155	13
1156	17
1157	17
1158	18
1159	15
1160	23
1161	23
1162	16
1163	23
1164	19
1165	17
1166	21
1167	22
1168	16
1169	12
1170	24
1171	24
1172	19
1173	13
1174	22
1175	18
1176	18
1177	19
1178	16
1179	15
1180	14
1181	21
1182	21
1183	14
1184	15
1185	16
1186	14
1187	14
1188	17
1189	17
1190	14
1191	17
1192	17
1193	18
1194	14
1195	17
1196	15
1197	15
1198	9
1199	18
1200	12
1201	15
1202	20
1203	23
1204	12
1205	21
1206	12
1207	20
1208	15
1209	12
1210	11
1211	12
1212	14
1213	9
1214	10
1215	17
1216	14
1217	8
1218	16
1219	13
1220	18
1221	14
1222	9
1223	16
1224	12
1225	19
1226	12
1227	19
1228	15
1229	21
1230	9
1231	13
1232	17
1233	13
1234	15
1235	12
1236	15
1237	9
1238	17
1239	14
1240	12
1241	17
1242	10
1243	14
1244	17
1245	21
1246	14
1247	15
1248	18
1249	13
1250	21
1251	15
1252	12
1253	9
1254	14
1255	15
1256	13
1257	12
1258	14
1259	21
1260	15
1261	11
1262	22
1263	15
1264	16
1265	9
1266	12
1267	8
1268	7
1269	8
1270	6
1271	16
1272	16
1273	11
1274	14
1275	17
1276	19
1277	11
1278	13
1279	18
1280	14
1281	12
1282	10
1283	20
1284	12
1285	10
1286	11
1287	9
1288	15
1289	19
1290	12
1291	17
1292	15
1293	17
1294	9
1295	14
1296	12
1297	12
1298	13
1299	14
1300	19
1301	12
1302	11
1303	16
1304	6
1305	15
1306	13
1307	16
1308	9
1309	13
1310	12
1311	17
1312	11
1313	17
1314	13
1315	7
1316	15
1317	5
1318	8
1319	7
1320	10
1321	14
1322	12
1323	8
1324	4
1325	11
1326	13
1327	8
1328	16
1329	13
1330	11
1331	14
1332	6
1333	10
1334	12
1335	14
1336	12
1337	9
1338	9
1339	10
1340	19
1341	11
1342	5
1343	13
1344	9
1345	10
1346	15
1347	5
1348	14
1349	12
1350	16
1351	13
1352	14
1353	12
1354	15
1355	9
1356	15
1357	17
1358	12
1359	17
1360	5
1361	11
1362	6
1363	11
1364	10
1365	7
1366	10
1367	12
1368	7
1369	14
1370	17
1371	10
1372	12
1373	14
1374	13
1375	14
1376	16
1377	10
1378	13
1379	11
1380	12
1381	8
1382	11
1383	11
1384	9
1385	18
1386	14
1387	10
1388	15
1389	13
1390	17
1391	11
1392	11
1393	10
1394	10
1395	12
1396	12
1397	9
1398	6
1399	12
1400	10
1401	5
1402	14
1403	5
1404	15
1405	10
1406	10
1407	10
1408	11
1409	8
1410	14
1411	9
1412	14
1413	5
1414	15
1415	14
1416	11
1417	13
1418	9
1419	7
1420	12
1421	5
1422	3
1423	16
1424	8
1425	14
1426	7
1427	11
1428	10
1429	13
1430	5
1431	8
1432	15
1433	7
1434	8
1435	14
1436	13
1437	12
1438	10
1439	10
1440	9
1441	14
1442	7
1443	10
1444	7
1445	14
1446	9
1447	12
1448	8
1449	5
1450	11
1451	5
1452	10
1453	7
1454	11
1455	8
1456	8
1457	7
1458	13
1459	11
1460	9
1461	9
1462	13
1463	7
1464	10
1465	9
1466	6
1467	13
1468	15
1469	12
1470	11
1471	12
1472	8
1473	3
1474	11
1475	10
1476	9
1477	11
1478	16
1479	11
1480	12
1481	13
1482	13
1483	5
1484	12
1485	7
1486	6
1487	12
1488	9
1489	12
1490	9
1491	13
1492	15
1493	8
1494	13
1495	9
1496	10
1497	18
1498	6
1499	8
1500	15
1501	7
1502	14
1503	10
1504	11
1505	9
1506	11
1507	10
1508	5
1509	13
1510	13
1511	11
1512	12
1513	5
1514	8
1515	6
1516	11
1517	15
1518	7
1519	5
1520	9
1521	9
1522	12
1523	11
1524	4
1525	14
1526	10
1527	14
1528	6
1529	13
1530	8
1531	14
1532	9
1533	14
1534	10
1535	8
1536	6
1537	13
1538	11
1539	10
1540	7
1541	7
1542	10
1543	11
1544	9
1545	5
1546	8
1547	10
1548	8
1549	17
1550	8
1551	6
1552	11
1553	12
1554	12
1555	9
1556	6
1557	9
1558	10
1559	8
1560	14
1561	13
1562	11
1563	6
1564	8
1565	6
1566	10
1567	18
1568	11
1569	9
1570	9
1571	7
1572	9
1573	7
1574	7
1575	13
1576	12
1577	8
1578	14
1579	11
1580	13
1581	14
1582	7
1583	7
1584	11
1585	8
1586	11
1587	11
1588	7
1589	11
1590	11
1591	10
1592	10
1593	7
1594	9
1595	6
1596	4
1597	14
1598	10
1599	9
1600	11
1601	10
1602	9
1603	14
1604	14
1605	10
1606	11
1607	10
1608	12
1609	12
1610	14
1611	8
1612	11
1613	8
1614	14
1615	14
1616	8
1617	10
1618	13
1619	11
1620	7
1621	12
1622	6
1623	10
1624	9
1625	10
1626	10
1627	11
1628	12
1629	17
1630	11
1631	13
1632	10
1633	17
1634	11
1635	14
1636	7
1637	12
1638	8
1639	16
1640	5
1641	8
1642	10
1643	7
1644	12
1645	15
1646	12
1647	12
1648	7
1649	7
1650	9
1651	12
1652	12
1653	12
1654	11
1655	8
1656	11
1657	7
1658	9
1659	14
1660	6
1661	13
1662	4
1663	16
1664	12
1665	13
1666	7
1667	9
1668	7
1669	4
1670	10
1671	3
1672	13
1673	7
1674	8
1675	7
1676	8
1677	5
1678	6
1679	8
1680	13
1681	5
1682	12
1683	15
1684	6
1685	9
1686	6
1687	9
1688	12
1689	13
1690	4
1691	10
1692	7
1693	9
1694	8
1695	12
1696	9
1697	4
1698	7
1699	8
1700	6
1701	10
1702	6
1703	8
1704	6
1705	6
1706	5
1707	6
1708	6
1709	8
1710	13
1711	12
1712	5
1713	11
1714	7
1715	7
1716	6
1717	12
1718	17
1719	8
1720	9
1721	11
1722	10
1723	7
1724	8
1725	7
1726	4
1727	10
1728	12
1729	7
1730	10
1731	7
1732	10
1733	7
1734	13
1735	8
1736	15
1737	8
1738	8
1739	10
1740	7
1741	8
1742	11
1743	8
1744	2
1745	12
1746	6
1747	8
1748	4
1749	2
1750	7
1751	8
1752	6
1753	5
1754	9
1755	4
1756	9
1757	7
1758	14
1759	9
1760	8
1761	10
1762	7
1763	9
1764	8
1765	3
1766	7
1767	9
1768	4
1769	6
1770	10
1771	6
1772	3
1773	9
1774	7
1775	6
1776	4
1777	5
1778	7
1779	8
1780	12
1781	10
1782	12
1783	3
1784	7
1785	3
1786	10
1787	9
1788	14
1789	7
1790	9
1791	7
1792	8
1793	6
1794	10
1795	9
1796	6
1797	8
1798	2
1799	5
1800	7
1801	3
1802	10
1803	5
1804	10
1805	7
1806	10
1807	8
1808	4
1809	3
1810	6
1811	8
1812	6
1813	10
1814	4
1815	9
1816	11
1817	9
1818	5
1819	6
1820	7
1821	9
1822	6
1823	7
1824	5
1825	7
1826	9
1827	4
1828	6
1829	8
1830	7
1831	6
1832	11
1833	11
1834	9
1835	6
1836	6
1837	10
1838	4
1839	5
1840	5
1841	8
1842	7
1843	3
1844	10
1845	6
1846	8
1847	7
1848	9
1849	3
1850	9
1851	11
1852	11
1853	3
1854	9
1855	11
1856	4
1857	9
1858	5
1859	8
1860	13
1861	8
1862	11
1863	7
1864	6
1865	8
1866	7
1867	6
1868	6
1869	12
1870	10
1871	12
1872	10
1873	10
1874	5
1875	8
1876	5
1877	6
1878	10
1879	11
1880	6
1881	9
1882	7
1883	7
1884	10
1885	8
1886	10
1887	6
1888	7
1889	13
1890	6
1891	9
1892	4
1893	5
1894	11
1895	9
1896	7
1897	2
1898	11
1899	8
1900	10
1901	4
1902	12
1903	10
1904	12
1905	11
1906	6
1907	9
1908	5
1909	8
1910	6
1911	6
1912	8
1913	10
1914	2
1915	8
1916	5
1917	1
1918	6
1919	6
1920	9
1921	6
1922	11
1923	8
1924	8
1925	6
1926	6
1927	2
1928	9
1929	9
1930	9
1931	7
1932	10
1933	9
1934	3
1935	6
1936	6
1937	21
1938	7
1939	3
1940	10
1941	8
1942	6
1943	8
1944	9
1945	5
1946	4
1947	10
1948	5
1949	5
1950	8
1951	4
1952	6
1953	4
1954	4
1955	10
1956	7
1957	9
1958	8
1959	16
1960	9
1961	11
1962	5
1963	5
1964	10
1965	6
1966	6
1967	6
1968	4
1969	4
1970	5
1971	7
1972	9
1973	7
1974	7
1975	10
1976	8
1977	4
1978	7
1979	7
1980	3
1981	5
1982	10
1983	10
1984	4
1985	8
1986	6
1987	9
1988	5
1989	6
1990	7
1991	5
1992	5
1993	8
1994	6
1995	9
1996	4
1997	8
1998	8
1999	9
2000	6
2001	5
2002	6
2003	6
2004	5
2005	6
2006	8
2007	8
2008	7
2009	8
2010	8
2011	4
2012	6
2013	5
2014	8
2015	6
2016	5
2017	9
2018	8
2019	11
2020	9
2021	1
2022	6
2023	10
2024	5
2025	7
2026	5
2027	9
2028	7
2029	6
2030	6
2031	8
2032	6
2033	4
2034	6
2035	9
2036	8
2037	6
2038	9
2039	4
2040	4
2041	4
2042	5
2043	9
2044	7
2045	6
2046	10
2047	8
2048	8
2049	5
2050	11
2051	6
2052	4
2053	9
2054	5
2055	7
2056	13
2057	11
2058	4
2059	5
2060	9
2061	7
2062	6
2063	3
2064	10
2065	7
2066	7
2067	7
2068	7
2069	10
2070	6
2071	5
2072	10
2073	3
2074	7
2075	11
2076	8
2077	9
2078	9
2079	5
2080	3
2081	8
2082	10
2083	8
2084	10
2085	7
2086	6
2087	9
2088	6
2089	2
2090	8
2091	9
2092	6
2093	9
2094	9
2095	8
2096	8
2097	9
2098	9
2099	5
2100	7
2101	6
2102	8
2103	4
2104	7
2105	12
2106	9
2107	8
2108	7
2109	6
2110	4
2111	8
2112	12
2113	7
2114	12
2115	5
2116	4
2117	7
2118	3
2119	4
2120	8
2121	4
2122	10
2123	5
2124	6
2125	5
2126	8
2127	10
2128	9
2129	5
2130	7
2131	4
2132	9
2133	7
2134	5
2135	3
2136	4
2137	7
2138	11
2139	3
2140	3
2141	8
2142	6
2143	5
2144	4
2145	7
2146	3
2147	6
2148	3
2149	8
2150	2
2151	4
2152	10
2153	4
2154	2
2155	8
2156	5
2157	7
2158	9
2159	5
2160	8
2161	8
2162	6
2163	2
2164	4
2165	9
2166	2
2167	5
2168	7
2169	5
2170	6
2171	5
2172	6
2173	3
2174	5
2175	9
2176	3
2177	4
2178	6
2179	1
2180	7
2181	5
2182	8
2183	1
2184	5
2185	8
2186	5
2187	4
2188	6
2189	6
2190	7
2191	4
2192	5
2193	13
2194	5
2195	7
2196	9
2197	5
2198	9
2199	6
2200	12
2201	5
2202	4
2203	1
2204	3
2205	6
2206	7
2207	7
2208	5
2209	4
2210	5
2211	4
2212	6
2213	2
2214	7
2215	3
2216	3
2217	5
2218	3
2219	7
2220	3
2221	5
2222	12
2223	3
2224	2
2225	4
2226	6
2227	6
2228	8
2229	2
2230	6
2231	4
2232	5
2233	6
2234	0
2235	3
2236	3
2237	4
2238	4
2239	7
2240	4
2241	5
2242	7
2243	3
2244	3
2245	5
2246	7
2247	2
2248	0
2249	4
2250	5
2251	8
2252	5
2253	7
2254	2
2255	1
2256	6
2257	6
2258	5
2259	6
2260	5
2261	5
2262	4
2263	9
2264	3
2265	5
2266	5
2267	5
2268	9
2269	6
2270	5
2271	5
2272	3
2273	3
2274	5
2275	2
2276	9
2277	5
2278	8
2279	3
2280	2
2281	5
2282	8
2283	2
2284	4
2285	6
2286	1
2287	5
2288	3
2289	6
2290	7
2291	9
2292	4
2293	7
2294	3
2295	4
2296	3
2297	2
2298	4
2299	4
2300	4
2301	4
2302	5
2303	4
2304	6
2305	1
2306	4
2307	4
2308	5
2309	5
2310	7
2311	4
2312	1
2313	3
2314	5
2315	4
2316	6
2317	4
2318	1
2319	7
2320	6
2321	1
2322	8
2323	5
2324	5
2325	6
2326	3
2327	4
2328	4
2329	4
2330	4
2331	4
2332	8
2333	3
2334	3
2335	4
2336	9
2337	2
2338	2
2339	2
2340	5
2341	5
2342	6
2343	3
2344	6
2345	3
2346	4
2347	0
2348	4
2349	7
2350	0
2351	1
2352	8
2353	1
2354	2
2355	6
2356	7
2357	6
2358	4
2359	3
2360	5
2361	8
2362	4
2363	5
2364	3
2365	1
2366	3
2367	5
2368	4
2369	5
2370	5
2371	3
2372	4
2373	5
2374	2
2375	4
2376	3
2377	4
2378	4
2379	7
2380	2
2381	6
2382	4
2383	2
2384	4
2385	6
2386	6
2387	3
2388	6
2389	2
2390	2
2391	8
2392	3
2393	0
2394	2
2395	7
2396	3
2397	3
2398	1
2399	2
2400	1
2401	4
2402	3
2403	4
2404	5
2405	3
2406	2
2407	3
2408	2
2409	6
2410	2
2411	6
2412	5
2413	2
2414	3
2415	5
2416	0
2417	7
2418	1
2419	7
2420	5
2421	5
2422	4
2423	4
2424	3
2425	6
2426	3
2427	7
2428	2
2429	4
2430	2
2431	2
2432	3
2433	5
2434	4
2435	4
2436	4
2437	2
2438	5
2439	5
2440	8
2441	5
2442	4
2443	3
2444	8
2445	3
2446	5
2447	4
2448	7
2449	2
2450	3
2451	3
2452	7
2453	5
2454	7
2455	3
2456	5
2457	1
2458	6
2459	2
2460	3
2461	5
2462	5
2463	0
2464	6
2465	1
2466	4
2467	3
2468	4
2469	3
2470	3
2471	4
2472	4
2473	6
2474	4
2475	4
2476	3
2477	2
2478	2
2479	2
2480	4
2481	6
2482	2
2483	3
2484	1
2485	2
2486	3
2487	4
2488	0
2489	2
2490	2
2491	2
2492	2
2493	3
2494	3
2495	2
2496	2
2497	3
2498	5
2499	2
2500	5
2501	2
2502	5
2503	2
2504	1
2505	4
2506	5
2507	7
2508	5
2509	2
2510	3
2511	3
2512	5
2513	2
2514	6
2515	4
2516	3
2517	5
2518	3
2519	4
2520	1
2521	2
2522	7
2523	2
2524	4
2525	4
2526	2
2527	1
2528	7
2529	5
2530	2
2531	3
2532	2
2533	8
2534	3
2535	2
2536	4
2537	3
2538	5
2539	3
2540	3
2541	4
2542	2
2543	4
2544	5
2545	3
2546	3
2547	3
2548	4
2549	1
2550	2
2551	4
2552	1
2553	2
2554	5
2555	2
2556	2
2557	1
2558	0
2559	6
2560	3
2561	4
2562	3
2563	5
2564	2
2565	3
2566	2
2567	3
2568	3
2569	2
2570	4
2571	4
2572	2
2573	3
2574	2
2575	7
2576	5
2577	3
2578	4
2579	2
2580	2
2581	3
2582	5
2583	4
2584	1
2585	3
2586	5
2587	1
2588	6
2589	6
2590	1
2591	4
2592	4
2593	2
2594	1
2595	3
2596	1
2597	8
2598	6
2599	5
2600	3
2601	5
2602	1
2603	7
2604	2
2605	3
2606	5
2607	2
2608	4
2609	5
2610	2
2611	2
2612	3
2613	4
2614	4
2615	3
2616	3
2617	2
2618	4
2619	2
2620	2
2621	0
2622	9
2623	7
2624	5
2625	5
2626	8
2627	5
2628	3
2629	2
2630	3
2631	2
2632	5
2633	6
2634	4
2635	4
2636	3
2637	3
2638	2
2639	2
2640	1
2641	2
2642	5
2643	3
2644	1
2645	4
2646	3
2647	3
2648	2
2649	9
2650	2
2651	7
2652	5
2653	3
2654	3
2655	2
2656	2
2657	3
2658	2
2659	3
2660	4
2661	4
2662	2
2663	3
2664	6
2665	3
2666	4
2667	2
2668	7
2669	2
2670	4
2671	4
2672	3
2673	4
2674	3
2675	4
2676	4
2677	6
2678	2
2679	6
2680	2
2681	4
2682	2
2683	2
2684	2
2685	6
2686	3
2687	1
2688	1
2689	2
2690	3
2691	3
2692	2
2693	4
2694	2
2695	5
2696	1
2697	1
2698	5
2699	2
2700	3
2701	2
2702	2
2703	1
2704	5
2705	4
2706	2
2707	2
2708	5
2709	6
2710	5
2711	0
2712	2
2713	1
2714	4
2715	7
2716	1
2717	2
2718	2
2719	6
2720	4
2721	7
2722	3
2723	1
2724	2
2725	3
2726	1
2727	3
2728	4
2729	4
2730	4
2731	3
2732	5
2733	1
2734	1
2735	2
2736	2
2737	1
2738	5
2739	3
2740	4
2741	4
2742	1
2743	2
2744	3
2745	6
2746	4
2747	4
2748	5
2749	3
2750	6
2751	3
2752	1
2753	4
2754	4
2755	3
2756	3
2757	3
2758	1
2759	3
2760	5
2761	5
2762	4
2763	3
2764	3
2765	1
2766	2
2767	2
2768	5
2769	1
2770	5
2771	5
2772	3
2773	2
2774	2
2775	2
2776	3
2777	2
2778	0
2779	5
2780	4
2781	2
2782	6
2783	2
2784	3
2785	4
2786	2
2787	3
2788	3
2789	3
2790	1
2791	4
2792	0
2793	3
2794	3
2795	2
2796	3
2797	2
2798	3
2799	1
2800	3
2801	3
2802	5
2803	3
2804	2
2805	1
2806	4
2807	5
2808	5
2809	2
2810	4
2811	3
2812	5
2813	5
2814	5
2815	3
2816	3
2817	3
2818	3
2819	0
2820	3
2821	6
2822	4
2823	2
2824	2
2825	6
2826	4
2827	2
2828	5
2829	4
2830	2
2831	3
2832	3
2833	0
2834	2
2835	5
2836	4
2837	8
2838	6
2839	4
2840	4
2841	1
2842	2
2843	2
2844	5
2845	6
2846	5
2847	1
2848	6
2849	2
2850	2
2851	3
2852	2
2853	4
2854	5
2855	2
2856	2
2857	6
2858	4
2859	4
2860	2
2861	1
2862	1
2863	9
2864	5
2865	4
2866	1
2867	5
2868	2
2869	4
2870	4
2871	1
2872	4
2873	3
2874	2
2875	2
2876	7
2877	5
2878	1
2879	5
2880	6
2881	10
2882	6
2883	1
2884	2
2885	3
2886	0
2887	4
2888	3
2889	1
2890	2
2891	2
2892	3
2893	3
2894	2
2895	5
2896	4
2897	3
2898	1
2899	3
2900	5
2901	1
2902	4
2903	4
2904	0
2905	2
2906	3
2907	2
2908	3
2909	6
2910	5
2911	2
2912	5
2913	5
2914	5
2915	5
2916	5
2917	7
2918	3
2919	8
2920	2
2921	2
2922	8
2923	4
2924	5
2925	6
2926	3
2927	4
2928	1
2929	2
2930	4
2931	2
2932	3
2933	1
2934	4
2935	0
2936	1
2937	3
2938	3
2939	2
2940	6
2941	2
2942	0
2943	5
2944	3
2945	4
2946	1
2947	2
2948	2
2949	8
2950	2
2951	4
2952	1
2953	0
2954	1
2955	5
2956	7
2957	3
2958	4
2959	1
2960	4
2961	5
2962	5
2963	5
2964	2
2965	3
2966	3
2967	3
2968	5
2969	3
2970	3
2971	4
2972	1
2973	5
2974	2
2975	8
2976	4
2977	2
2978	3
2979	5
2980	5
2981	5
2982	1
2983	2
2984	1
2985	3
2986	3
2987	2
2988	3
2989	8
2990	3
2991	6
2992	6
2993	6
2994	5
2995	3
2996	4
2997	5
2998	3
2999	5
3000	4
3001	5
3002	6
3003	2
3004	1
3005	4
3006	5
3007	6
3008	6
3009	2
3010	0
3011	0
3012	4
3013	2
3014	3
3015	4
3016	0
3017	2
3018	3
3019	2
3020	3
3021	2
3022	1
3023	7
3024	2
3025	3
3026	4
3027	3
3028	4
3029	3
3030	3
3031	3
3032	3
3033	1
3034	4
3035	0
3036	1
3037	5
3038	2
3039	5
3040	3
3041	3
3042	4
3043	4
3044	6
3045	1
3046	2
3047	1
3048	4
3049	3
3050	4
3051	1
3052	5
3053	5
3054	5
3055	3
3056	8
3057	4
3058	3
3059	5
3060	4
3061	3
3062	0
3063	4
3064	5
3065	3
3066	4
3067	5
3068	2
3069	3
3070	3
3071	1
3072	7
3073	2
3074	3
3075	2
3076	1
3077	0
3078	2
3079	2
3080	3
3081	4
3082	5
3083	4
3084	4
3085	5
3086	2
3087	1
3088	4
3089	3
3090	4
3091	5
3092	2
3093	4
3094	2
3095	4
3096	0
3097	3
3098	3
3099	7
3100	3
3101	6
3102	2
3103	1
3104	3
3105	4
3106	5
3107	1
3108	3
3109	2
3110	3
3111	3
3112	6
3113	3
3114	4
3115	3
3116	3
3117	5
3118	0
3119	1
3120	1
3121	2
3122	0
3123	6
3124	2
3125	0
3126	2
3127	5
3128	3
3129	4
3130	4
3131	1
3132	1
3133	5
3134	1
3135	3
3136	2
3137	3
3138	2
3139	0
3140	2
3141	1
3142	1
3143	2
3144	1
3145	4
3146	2
3147	3
3148	2
3149	2
3150	1
3151	7
3152	1
3153	1
3154	8
3155	2
3156	0
3157	3
3158	4
3159	3
3160	2
3161	2
3162	2
3163	0
3164	5
3165	1
3166	0
3167	2
3168	4
3169	3
3170	2
3171	6
3172	2
3173	1
3174	0
3175	1
3176	2
3177	4
3178	3
3179	1
3180	3
3181	2
3182	0
3183	2
3184	1
3185	3
3186	1
3187	3
3188	4
3189	3
3190	3
3191	4
3192	2
3193	1
3194	2
3195	2
3196	1
3197	0
3198	1
3199	4
3200	1
3201	2
3202	2
3203	3
3204	0
3205	3
3206	1
3207	4
3208	5
3209	2
3210	2
3211	1
3212	2
3213	5
3214	4
3215	1
3216	2
3217	4
3218	2
3219	4
3220	2
3221	3
3222	0
3223	2
3224	3
3225	1
3226	3
3227	1
3228	2
3229	1
3230	2
3231	0
3232	1
3233	0
3234	3
3235	2
3236	4
3237	4
3238	2
3239	2
3240	2
3241	2
3242	1
3243	1
3244	3
3245	2
3246	1
3247	7
3248	4
3249	0
3250	1
3251	2
3252	2
3253	2
3254	1
3255	2
3256	2
3257	3
3258	5
3259	0
3260	3
3261	1
3262	0
3263	2
3264	2
3265	2
3266	1
3267	1
3268	2
3269	0
3270	0
3271	0
3272	1
3273	2
3274	5
3275	3
3276	0
3277	1
3278	1
3279	3
3280	0
3281	4
3282	4
3283	2
3284	3
3285	5
3286	1
3287	3
3288	5
3289	1
3290	3
3291	1
3292	1
3293	3
3294	2
3295	5
3296	1
3297	4
3298	0
3299	2
3300	3
3301	0
3302	2
3303	2
3304	4
3305	1
3306	1
3307	3
3308	0
3309	1
3310	0
3311	1
3312	0
3313	3
3314	3
3315	0
3316	3
3317	3
3318	2
3319	1
3320	1
3321	2
3322	2
3323	3
3324	5
3325	5
3326	1
3327	1
3328	1
3329	1
3330	3
3331	3
3332	1
3333	7
3334	5
3335	2
3336	4
3337	0
3338	0
3339	1
3340	3
3341	6
3342	1
3343	2
3344	3
3345	3
3346	3
3347	2
3348	2
3349	7
3350	3
3351	1
3352	2
3353	1
3354	1
3355	2
3356	2
3357	3
3358	1
3359	3
3360	4
3361	0
3362	2
3363	0
3364	2
3365	2
3366	2
3367	3
3368	3
3369	1
3370	3
3371	0
3372	2
3373	3
3374	3
3375	1
3376	2
3377	0
3378	3
3379	1
3380	4
3381	0
3382	2
3383	2
3384	2
3385	4
3386	4
3387	0
3388	2
3389	2
3390	3
3391	3
3392	3
3393	2
3394	2
3395	3
3396	1
3397	1
3398	5
3399	2
3400	2
3401	3
3402	5
3403	1
3404	1
3405	3
3406	2
3407	1
3408	2
3409	1
3410	4
3411	2
3412	1
3413	2
3414	2
3415	2
3416	2
3417	1
3418	5
3419	1
3420	3
3421	2
3422	1
3423	1
3424	2
3425	4
3426	1
3427	2
3428	1
3429	1
3430	3
3431	1
3432	1
3433	1
3434	2
3435	4
3436	1
3437	1
3438	2
3439	2
3440	1
3441	2
3442	2
3443	4
3444	1
3445	1
3446	4
3447	5
3448	1
3449	2
3450	2
3451	4
3452	4
3453	2
3454	4
3455	1
3456	2
3457	1
3458	1
3459	0
3460	1
3461	2
3462	5
3463	4
3464	7
3465	0
3466	0
3467	3
3468	1
3469	2
3470	1
3471	2
3472	2
3473	3
3474	2
3475	2
3476	3
3477	2
3478	5
3479	3
3480	4
3481	1
3482	4
3483	4
3484	1
3485	1
3486	4
3487	1
3488	0
3489	2
3490	3
3491	1
3492	2
3493	0
3494	2
3495	6
3496	0
3497	2
3498	1
3499	2
3500	3
3501	0
3502	0
3503	2
3504	1
3505	1
3506	1
3507	1
3508	2
3509	2
3510	2
3511	1
3512	3
3513	4
3514	6
3515	1
3516	4
3517	1
3518	1
3519	1
3520	0
3521	3
3522	1
3523	0
3524	2
3525	4
3526	2
3527	2
3528	2
3529	1
3530	5
3531	1
3532	1
3533	2
3534	2
3535	2
3536	3
3537	2
3538	1
3539	1
3540	1
3541	4
3542	1
3543	1
3544	3
3545	2
3546	4
3547	2
3548	3
3549	3
3550	1
3551	5
3552	2
3553	0
3554	2
3555	1
3556	0
3557	4
3558	3
3559	4
3560	2
3561	2
3562	2
3563	1
3564	5
3565	3
3566	1
3567	0
3568	2
3569	1
3570	1
3571	1
3572	2
3573	2
3574	1
3575	1
3576	1
3577	3
3578	2
3579	1
3580	0
3581	0
3582	2
3583	4
3584	3
3585	5
3586	4
3587	0
3588	2
3589	1
3590	6
3591	2
3592	5
3593	0
3594	2
3595	4
3596	6
3597	2
3598	2
3599	1
3600	2
3601	6
3602	3
3603	1
3604	1
3605	0
3606	2
3607	3
3608	1
3609	3
3610	2
3611	2
3612	1
3613	2
3614	2
3615	1
3616	2
3617	3
3618	4
3619	3
3620	6
3621	2
3622	1
3623	2
3624	1
3625	3
3626	3
3627	1
3628	6
3629	1
3630	4
3631	2
3632	1
3633	5
3634	4
3635	1
3636	2
3637	3
3638	4
3639	0
3640	2
3641	0
3642	1
3643	1
3644	0
3645	2
3646	2
3647	2
3648	3
3649	3
3650	1
3651	5
3652	5
3653	2
3654	5
3655	4
3656	2
3657	7
3658	4
3659	2
3660	6
3661	3
3662	4
3663	1
3664	3
3665	2
3666	2
3667	3
3668	1
3669	1
3670	2
3671	3
3672	3
3673	0
3674	3
3675	3
3676	3
3677	1
3678	2
3679	2
3680	4
3681	0
3682	7
3683	2
3684	2
3685	2
3686	2
3687	3
3688	5
3689	1
3690	5
3691	2
3692	1
3693	3
3694	3
3695	1
3696	0
3697	2
3698	2
3699	7
3700	2
3701	2
3702	4
3703	0
3704	0
3705	1
3706	5
3707	2
3708	4
3709	5
3710	0
3711	3
3712	3
3713	4
3714	2
3715	2
3716	3
3717	3
3718	2
3719	1
3720	0
3721	4
3722	3
3723	0
3724	1
3725	2
3726	1
3727	2
3728	1
3729	1
3730	3
3731	3
3732	3
3733	0
3734	3
3735	1
3736	1
3737	0
3738	0
3739	1
3740	4
3741	1
3742	5
3743	2
3744	2
3745	1
3746	1
3747	1
3748	2
3749	2
3750	4
3751	3
3752	0
3753	4
3754	0
3755	1
3756	1
3757	3
3758	3
3759	2
3760	0
3761	4
3762	3
3763	1
3764	0
3765	3
3766	1
3767	2
3768	3
3769	2
3770	2
3771	2
3772	0
3773	3
3774	3
3775	6
3776	1
3777	2
3778	2
3779	3
3780	2
3781	2
3782	3
3783	4
3784	0
3785	0
3786	3
3787	3
3788	4
3789	1
3790	1
3791	3
3792	1
3793	0
3794	1
3795	0
3796	0
3797	3
3798	0
3799	0
3800	3
3801	3
3802	0
3803	4
3804	0
3805	2
3806	4
3807	4
3808	2
3809	3
3810	4
3811	1
3812	1
3813	0
3814	1
3815	3
3816	1
3817	1
3818	0
3819	2
3820	0
3821	1
3822	2
3823	1
3824	2
3825	2
3826	2
3827	3
3828	4
3829	0
3830	2
3831	2
3832	1
3833	1
3834	3
3835	1
3836	1
3837	2
3838	3
3839	0
3840	2
3841	2
3842	2
3843	1
3844	4
3845	1
3846	0
3847	2
3848	2
3849	1
3850	0
3851	1
3852	4
3853	4
3854	3
3855	0
3856	2
3857	1
3858	1
3859	3
3860	3
3861	2
3862	1
3863	0
3864	1
3865	0
3866	0
3867	0
3868	3
3869	0
3870	0
3871	0
3872	1
3873	2
3874	2
3875	2
3876	0
3877	2
3878	2
3879	4
3880	2
3881	3
3882	2
3883	1
3884	2
3885	3
3886	3
3887	4
3888	2
3889	1
3890	0
3891	4
3892	1
3893	1
3894	1
3895	2
3896	2
3897	1
3898	0
3899	1
3900	2
3901	2
3902	6
3903	6
3904	1
3905	3
3906	0
3907	1
3908	5
3909	0
3910	3
3911	2
3912	2
3913	1
3914	3
3915	2
3916	1
3917	1
3918	2
3919	2
3920	1
3921	2
3922	1
3923	4
3924	3
3925	3
3926	1
3927	3
3928	3
3929	0
3930	1
3931	1
3932	4
3933	2
3934	2
3935	2
3936	1
3937	1
3938	0
3939	2
3940	0
3941	0
3942	2
3943	1
3944	1
3945	2
3946	1
3947	0
3948	2
3949	2
3950	3
3951	1
3952	4
3953	1
3954	1
3955	0
3956	4
3957	2
3958	2
3959	1
3960	0
3961	1
3962	1
3963	2
3964	2
3965	7
3966	2
3967	2
3968	2
3969	5
3970	3
3971	4
3972	0
3973	4
3974	3
3975	3
3976	2
3977	1
3978	1
3979	0
3980	3
3981	1
3982	1
3983	2
3984	2
3985	4
3986	3
3987	0
3988	1
3989	2
3990	0
3991	4
3992	2
3993	1
3994	0
3995	1
3996	3
3997	0
3998	2
3999	0
4000	3
4001	1
4002	0
4003	0
4004	1
4005	1
4006	3
4007	2
4008	3
4009	1
4010	2
4011	2
4012	3
4013	2
4014	2
4015	1
4016	1
4017	2
4018	1
4019	1
4020	0
4021	3
4022	2
4023	3
4024	0
4025	1
4026	1
4027	0
4028	2
4029	1
4030	1
4031	3
4032	0
4033	1
4034	1
4035	1
4036	4
4037	3
4038	1
4039	3
4040	1
4041	1
4042	0
4043	2
4044	3
4045	2
4046	1
4047	4
4048	2
4049	1
4050	1
4051	2
4052	2
4053	1
4054	4
4055	1
4056	0
4057	2
4058	2
4059	1
4060	2
4061	0
4062	1
4063	2
4064	1
4065	4
4066	2
4067	1
4068	1
4069	0
4070	1
4071	1
4072	3
4073	0
4074	2
4075	3
4076	0
4077	1
4078	0
4079	1
4080	2
4081	3
4082	1
4083	1
4084	1
4085	0
4086	0
4087	0
4088	2
4089	4
4090	0
4091	1
4092	1
4093	0
4094	1
4095	2
4096	2
4097	1
4098	1
4099	3
4100	0
4101	0
4102	0
4103	1
4104	3
4105	3
4106	1
4107	0
4108	3
4109	2
4110	2
4111	1
4112	2
4113	2
4114	1
4115	1
4116	2
4117	1
4118	1
4119	0
4120	3
4121	0
4122	0
4123	1
4124	0
4125	1
4126	2
4127	4
4128	1
4129	0
4130	2
4131	1
4132	1
4133	0
4134	0
4135	3
4136	1
4137	2
4138	1
4139	0
4140	3
4141	2
4142	3
4143	2
4144	1
4145	2
4146	1
4147	2
4148	1
4149	0
4150	1
4151	1
4152	1
4153	3
4154	2
4155	0
4156	0
4157	1
4158	1
4159	0
4160	0
4161	0
4162	1
4163	2
4164	1
4165	1
4166	0
4167	1
4168	0
4169	2
4170	1
4171	2
4172	0
4173	4
4174	0
4175	1
4176	0
4177	1
4178	2
4179	1
4180	1
4181	3
4182	3
4183	1
4184	1
4185	0
4186	4
4187	2
4188	1
4189	1
4190	0
4191	1
4192	0
4193	1
4194	2
4195	0
4196	1
4197	1
4198	2
4199	1
4200	1
4201	0
4202	3
4203	1
4204	4
4205	0
4206	1
4207	0
4208	1
4209	2
4210	3
4211	1
4212	2
4213	4
4214	1
4215	0
4216	2
4217	3
4218	2
4219	3
4220	2
4221	0
4222	3
4223	1
4224	3
4225	0
4226	1
4227	0
4228	0
4229	0
4230	2
4231	3
4232	0
4233	2
4234	0
4235	1
4236	2
4237	1
4238	1
4239	0
4240	5
4241	0
4242	0
4243	2
4244	1
4245	2
4246	1
4247	1
4248	1
4249	0
4250	1
4251	1
4252	3
4253	1
4254	1
4255	1
4256	1
4257	2
4258	2
4259	1
4260	0
4261	1
4262	3
4263	1
4264	5
4265	2
4266	3
4267	1
4268	2
4269	2
4270	0
4271	2
4272	0
4273	0
4274	0
4275	1
4276	1
4277	0
4278	0
4279	2
4280	2
4281	3
4282	0
4283	0
4284	2
4285	2
4286	3
4287	0
4288	1
4289	2
4290	0
4291	4
4292	0
4293	1
4294	3
4295	1
4296	2
4297	1
4298	3
4299	2
4300	2
4301	0
4302	0
4303	0
4304	3
4305	3
4306	3
4307	0
4308	0
4309	2
4310	1
4311	0
4312	1
4313	1
4314	1
4315	1
4316	1
4317	3
4318	0
4319	3
4320	0
4321	2
4322	0
4323	2
4324	0
4325	0
4326	2
4327	2
4328	1
4329	2
4330	1
4331	3
4332	1
4333	1
4334	0
4335	5
4336	1
4337	1
4338	2
4339	1
4340	1
4341	4
4342	1
4343	1
4344	4
4345	2
4346	2
4347	4
4348	1
4349	2
4350	1
4351	2
4352	1
4353	0
4354	1
4355	4
4356	0
4357	3
4358	3
4359	1
4360	1
4361	5
4362	3
4363	3
4364	1
4365	8
4366	1
4367	2
4368	1
4369	1
4370	1
4371	2
4372	1
4373	3
4374	2
4375	6
4376	0
4377	2
4378	0
4379	2
4380	1
4381	7
4382	3
4383	2
4384	0
4385	2
4386	4
4387	5
4388	2
4389	2
4390	1
4391	4
4392	1
4393	4
4394	1
4395	3
4396	2
4397	1
4398	3
4399	2
4400	2
4401	8
4402	1
4403	2
4404	3
4405	3
4406	3
4407	2
4408	1
4409	3
4410	4
4411	2
4412	2
4413	4
4414	1
4415	1
4416	1
4417	4
4418	2
4419	1
4420	2
4421	4
4422	1
4423	5
4424	2
4425	5
4426	3
4427	2
4428	0
4429	2
4430	2
4431	0
4432	4
4433	11
4434	5
4435	1
4436	0
4437	2
4438	2
4439	3
4440	4
4441	3
4442	3
4443	1
4444	2
4445	0
4446	2
4447	4
4448	1
4449	1
4450	2
4451	1
4452	5
4453	5
4454	3
4455	3
4456	5
4457	3
4458	3
4459	7
4460	2
4461	2
4462	3
4463	3
4464	2
4465	4
4466	2
4467	3
4468	2
4469	0
4470	2
4471	1
4472	7
4473	4
4474	5
4475	2
4476	3
4477	3
4478	4
4479	3
4480	3
4481	6
4482	1
4483	3
4484	1
4485	3
4486	1
4487	5
4488	1
4489	3
4490	2
4491	4
4492	1
4493	2
4494	5
4495	0
4496	1
4497	6
4498	2
4499	3
4500	3
4501	2
4502	2
4503	3
4504	1
4505	3
4506	7
4507	3
4508	1
4509	3
4510	5
4511	3
4512	3
4513	4
4514	5
4515	3
4516	2
4517	5
4518	4
4519	7
4520	5
4521	1
4522	3
4523	6
4524	4
4525	7
4526	4
4527	3
4528	1
4529	8
4530	5
4531	3
4532	5
4533	6
4534	5
4535	2
4536	2
4537	3
4538	0
4539	1
4540	4
4541	3
4542	3
4543	5
4544	3
4545	4
4546	7
4547	0
4548	4
4549	1
4550	3
4551	2
4552	0
4553	3
4554	7
4555	4
4556	2
4557	2
4558	3
4559	3
4560	6
4561	4
4562	2
4563	3
4564	3
4565	1
4566	3
4567	3
4568	6
4569	4
4570	3
4571	2
4572	4
4573	3
4574	1
4575	1
4576	3
4577	8
4578	2
4579	2
4580	0
4581	3
4582	4
4583	5
4584	6
4585	1
4586	2
4587	1
4588	1
4589	5
4590	5
4591	1
4592	1
4593	3
4594	3
4595	1
4596	9
4597	4
4598	2
4599	4
4600	3
4601	7
4602	1
4603	2
4604	3
4605	3
4606	4
4607	1
4608	2
4609	1
4610	2
4611	3
4612	3
4613	3
4614	4
4615	2
4616	2
4617	1
4618	4
4619	3
4620	2
4621	5
4622	3
4623	0
4624	1
4625	1
4626	0
4627	0
4628	3
4629	3
4630	0
4631	0
4632	4
4633	4
4634	1
4635	1
4636	1
4637	1
4638	4
4639	1
4640	2
4641	6
4642	0
4643	4
4644	3
4645	5
4646	0
4647	3
4648	1
4649	2
4650	0
4651	2
4652	4
4653	1
4654	2
4655	1
4656	3
4657	2
4658	3
4659	0
4660	5
4661	3
4662	2
4663	4
4664	2
4665	1
4666	0
4667	2
4668	0
4669	1
4670	0
4671	5
4672	5
4673	2
4674	0
4675	0
4676	3
4677	1
4678	3
4679	0
4680	2
4681	1
4682	1
4683	1
4684	2
4685	0
4686	1
4687	3
4688	2
4689	2
4690	1
4691	0
4692	2
4693	3
4694	0
4695	2
4696	0
4697	2
4698	5
4699	1
4700	1
4701	1
4702	2
4703	0
4704	0
4705	3
4706	0
4707	1
4708	0
4709	0
4710	0
4711	0
4712	0
4713	1
4714	3
4715	1
4716	1
4717	2
4718	0
4719	1
4720	0
4721	2
4722	1
4723	1
4724	1
4725	2
4726	2
4727	0
4728	0
4729	2
4730	1
4731	1
4732	1
4733	1
4734	0
4735	0
4736	1
4737	1
4738	2
4739	3
4740	0
4741	1
4742	0
4743	0
4744	1
4745	2
4746	0
4747	1
4748	0
4749	0
4750	1
4751	0
4752	0
4753	1
4754	0
4755	1
4756	1
4757	0
4758	0
4759	0
4760	0
4761	0
4762	0
4763	0
4764	0
4765	0
4766	1
4767	2
4768	0
4769	0
4770	0
4771	1
4772	2
4773	1
4774	2
4775	0
4776	1
4777	1
4778	3
4779	1
4780	0
4781	1
4782	0
4783	1
4784	1
4785	0
4786	0
4787	1
4788	1
4789	1
4790	3
4791	1
4792	1
4793	0
4794	2
4795	0
4796	0
4797	2
4798	0
4799	0
4800	1
4801	1
4802	0
4803	0
4804	1
4805	5
4806	0
4807	1
4808	0
4809	2
4810	0
4811	0
4812	1
4813	0
4814	0
4815	0
4816	1
4817	0
4818	0
4819	0
4820	0
4821	1
4822	0
4823	0
4824	0
4825	0
4826	0
4827	0
4828	0
4829	1
4830	1
4831	0
4832	0
4833	0
4834	1
4835	1
4836	0
4837	1
4838	0
4839	0
4840	0
4841	0
4842	1
4843	0
4844	3
4845	1
4846	1
4847	2
4848	0
4849	3
4850	1
4851	0
4852	0
4853	1
4854	1
4855	0
4856	0
4857	0
4858	1
4859	1
4860	1
4861	0
4862	0
4863	0
4864	1
4865	0
4866	0
4867	0
4868	0
4869	1
4870	0
4871	0
4872	0
4873	0
4874	1
4875	0
4876	1
4877	0
4878	0
4879	0
4880	0
4881	0
4882	1
4883	0
4884	0
4885	0
4886	0
4887	1
4888	2
4889	0
4890	1
4891	1
4892	2
4893	0
4894	0
4895	0
4896	0
4897	1
4898	0
4899	0
4900	1
4901	1
4902	0
4903	2
4904	0
4905	0
4906	1
4907	0
4908	0
4909	0
4910	1
4911	0
4912	1
4913	0
4914	0
4915	0
4916	0
4917	1
4918	0
4919	1
4920	1
4921	1
4922	2
4923	0
4924	0
4925	0
4926	1
4927	0
4928	0
4929	0
4930	0
4931	0
4932	1
4933	0
4934	1
4935	1
4936	1
4937	1
4938	3
4939	0
4940	0
4941	0
4942	1
4943	1
4944	1
4945	1
4946	1
4947	0
4948	0
4949	0
4950	2
4951	0
4952	0
4953	0
4954	0
4955	1
4956	0
4957	2
4958	0
4959	0
4960	0
4961	0
4962	1
4963	0
4964	1
4965	0
4966	0
4967	0
4968	1
4969	1
4970	0
4971	2
4972	0
4973	3
4974	0
4975	0
4976	0
4977	2
4978	0
4979	1
4980	0
4981	1
4982	2
4983	0
4984	0
4985	0
4986	1
4987	0
4988	2
4989	0
4990	0
4991	0
4992	0
4993	0
4994	0
4995	0
4996	0
4997	1
4998	0
4999	0
5000	0
5001	2
5002	0
5003	0
5004	2
5005	0
5006	0
5007	1
5008	1
5009	1
5010	0
5011	0
5012	0
5013	2
5014	0
5015	1
5016	1
5017	1
5018	0
5019	0
5020	2
5021	1
5022	0
5023	0
5024	0
5025	2
5026	0
5027	0
5028	1
5029	0
5030	1
5031	0
5032	0
5033	1
5034	0
5035	0
5036	1
5037	2
5038	0
5039	1
5040	1
5041	1
5042	0
5043	0
5044	0
5045	0
5046	2
5047	0
5048	0
5049	0
5050	0
5051	1
5052	1
5053	2
5054	1
5055	0
5056	0
5057	0
5058	0
5059	0
5060	1
5061	0
5062	1
5063	0
5064	1
5065	1
5066	1
5067	0
5068	1
5069	1
5070	1
5071	1
5072	1
5073	0
5074	0
5075	0
5076	1
5077	0
5078	0
5079	0
5080	0
5081	0
5082	1
5083	0
5084	0
5085	0
5086	0
5087	2
5088	1
5089	0
5090	0
5091	0
5092	1
5093	1
5094	1
5095	0
5096	0
5097	1
5098	1
5099	1
5100	0
5101	0
5102	1
5103	1
5104	1
5105	0
5106	0
5107	4
5108	0
5109	0
5110	0
5111	1
5112	0
5113	0
5114	0
5115	0
5116	0
5117	0
5118	1
5119	1
5120	0
5121	0
5122	0
5123	1
5124	1
5125	0
5126	0
5127	0
5128	0
5129	0
5130	0
5131	0
5132	1
5133	1
5134	0
5135	0
5136	0
5137	2
5138	0
5139	0
5140	0
5141	0
5142	0
5143	0
5144	0
5145	0
5146	0
5147	0
5148	1
5149	1
5150	2
5151	2
5152	0
5153	0
5154	0
5155	2
5156	2
5157	0
5158	0
5159	1
5160	0
5161	0
5162	1
5163	0
5164	0
5165	0
5166	2
5167	0
5168	0
5169	1
5170	1
5171	1
5172	1
5173	0
5174	1
5175	0
5176	0
5177	2
5178	2
5179	0
5180	0
5181	2
5182	0
5183	0
5184	0
5185	1
5186	1
5187	0
5188	0
5189	0
5190	0
5191	0
5192	0
5193	2
5194	2
5195	0
5196	0
5197	0
5198	3
5199	0
5200	0
5201	0
5202	0
5203	1
5204	0
5205	0
5206	0
5207	1
5208	0
5209	0
5210	0
5211	0
5212	2
5213	1
5214	1
5215	0
5216	0
5217	0
5218	0
5219	0
5220	1
5221	0
5222	1
5223	2
5224	0
5225	1
5226	0
5227	1
5228	0
5229	0
5230	0
5231	0
5232	0
5233	0
5234	0
5235	0
5236	0
5237	0
5238	1
5239	0
5240	0
5241	0
5242	0
5243	0
5244	0
5245	1
5246	0
5247	0
5248	0
5249	1
5250	1
5251	0
5252	1
5253	0
5254	0
5255	1
5256	0
5257	0
5258	1
5259	2
5260	0
5261	0
5262	0
5263	0
5264	0
5265	1
5266	0
5267	1
5268	1
5269	1
5270	1
5271	0
5272	1
5273	2
5274	0
5275	1
5276	1
5277	1
5278	0
5279	1
5280	0
5281	0
5282	0
5283	1
5284	1
5285	0
5286	2
5287	1
5288	0
5289	0
5290	1
5291	1
5292	1
5293	0
5294	0
5295	0
5296	0
5297	0
5298	1
5299	0
5300	0
5301	0
5302	0
5303	1
5304	1
5305	0
5306	0
5307	0
5308	0
5309	0
5310	0
5311	1
5312	0
5313	1
5314	1
5315	2
5316	1
5317	0
5318	0
5319	0
5320	1
5321	2
5322	0
5323	0
5324	0
5325	1
5326	1
5327	0
5328	0
5329	1
5330	0
5331	1
5332	1
5333	2
5334	1
5335	1
5336	0
5337	1
5338	0
5339	1
5340	0
5341	0
5342	1
5343	1
5344	0
5345	0
5346	1
5347	0
5348	0
5349	0
5350	0
5351	0
5352	0
5353	2
5354	1
5355	0
5356	3
5357	0
5358	1
5359	0
5360	1
5361	3
5362	1
5363	0
5364	0
5365	0
5366	0
5367	0
5368	0
5369	0
5370	0
5371	0
5372	2
5373	0
5374	0
5375	1
5376	1
5377	1
5378	0
5379	0
5380	0
5381	1
5382	2
5383	0
5384	0
5385	0
5386	2
5387	0
5388	0
5389	2
5390	1
5391	2
5392	0
5393	4
5394	0
5395	0
5396	2
5397	1
5398	0
5399	0
5400	1
5401	1
5402	0
5403	1
5404	1
5405	0
5406	0
5407	1
5408	1
5409	0
5410	0
5411	0
5412	0
5413	0
5414	1
5415	0
5416	1
5417	1
5418	0
5419	0
5420	0
5421	0
5422	1
5423	0
5424	1
5425	1
5426	0
5427	2
5428	1
5429	1
5430	1
5431	2
5432	1
5433	0
5434	1
5435	0
5436	0
5437	1
5438	2
5439	2
5440	2
5441	2
5442	3
5443	0
5444	1
5445	0
5446	1
5447	0
5448	1
5449	0
5450	0
5451	1
5452	0
5453	1
5454	1
5455	0
5456	0
5457	1
5458	1
5459	0
5460	0
5461	1
5462	1
5463	2
5464	0
5465	0
5466	0
5467	2
5468	1
5469	1
5470	0
5471	0
5472	0
5473	0
5474	0
5475	0
5476	0
5477	1
5478	0
5479	0
5480	0
5481	1
5482	0
5483	1
5484	1
5485	2
5486	0
5487	0
5488	4
5489	1
5490	1
5491	0
5492	1
5493	0
5494	0
5495	2
5496	0
5497	1
5498	0
5499	0
5500	1
5501	2
5502	0
5503	1
5504	0
5505	2
5506	1
5507	1
5508	0
5509	1
5510	1
5511	0
5512	1
5513	2
5514	0
5515	0
5516	0
5517	1
5518	0
5519	1
5520	1
5521	2
5522	0
5523	1
5524	3
5525	0
5526	0
5527	0
5528	0
5529	0
5530	2
5531	0
5532	0
5533	0
5534	1
5535	1
5536	0
5537	0
5538	1
5539	2
5540	0
5541	1
5542	0
5543	0
5544	0
5545	1
5546	0
5547	2
5548	0
5549	1
5550	1
5551	0
5552	1
5553	0
5554	0
5555	1
5556	2
5557	0
5558	1
5559	0
5560	0
5561	1
5562	1
5563	0
5564	1
5565	0
5566	0
5567	0
5568	1
5569	0
5570	0
5571	1
5572	0
5573	0
5574	0
5575	1
5576	0
5577	0
5578	0
5579	1
5580	0
5581	1
5582	0
5583	1
5584	1
5585	0
5586	0
5587	0
5588	0
5589	0
5590	1
5591	0
5592	1
5593	0
5594	0
5595	0
5596	0
5597	1
5598	0
5599	0
5600	0
5601	0
5602	0
5603	2
5604	0
5605	1
5606	3
5607	0
5608	1
5609	0
5610	0
5611	0
5612	0
5613	0
5614	0
5615	4
5616	0
5617	0
5618	0
5619	1
5620	0
5621	0
5622	0
5623	1
5624	1
5625	0
5626	1
5627	0
5628	1
5629	0
5630	2
5631	0
5632	0
5633	0
5634	0
5635	0
5636	0
5637	0
5638	0
5639	0
5640	0
5641	0
5642	0
5643	0
5644	1
5645	2
5646	0
5647	0
5648	0
5649	1
5650	0
5651	1
5652	0
5653	1
5654	0
5655	3
5656	0
5657	1
5658	2
5659	0
5660	0
5661	1
5662	0
5663	2
5664	0
5665	1
5666	1
5667	0
5668	0
5669	0
5670	1
5671	0
5672	1
5673	0
5674	0
5675	0
5676	0
5677	0
5678	0
5679	1
5680	1
5681	0
5682	0
5683	2
5684	0
5685	1
5686	0
5687	0
5688	0
5689	0
5690	0
5691	0
5692	0
5693	1
5694	0
5695	1
5696	0
5697	0
5698	0
5699	1
5700	0
5701	1
5702	1
5703	1
5704	0
5705	0
5706	1
5707	0
5708	1
5709	0
5710	0
5711	1
5712	1
5713	1
5714	0
5715	0
5716	0
5717	1
5718	0
5719	0
5720	1
5721	0
5722	0
5723	0
5724	0
5725	1
5726	1
5727	0
5728	2
5729	0
5730	0
5731	3
5732	0
5733	0
5734	1
5735	0
5736	1
5737	0
5738	0
5739	1
5740	0
5741	0
5742	0
5743	0
5744	0
5745	0
5746	0
5747	1
5748	0
5749	0
5750	0
5751	0
5752	0
5753	1
5754	0
5755	0
5756	1
5757	0
5758	0
5759	1
5760	1
5761	0
5762	1
5763	0
5764	0
5765	0
5766	0
5767	0
5768	0
5769	0
5770	0
5771	0
5772	0
5773	1
5774	0
5775	0
5776	0
5777	0
5778	0
5779	0
5780	0
5781	0
5782	2
5783	1
5784	1
5785	0
5786	0
5787	0
5788	0
5789	0
5790	1
5791	0
5792	0
5793	0
5794	0
5795	0
5796	1
5797	1
5798	0
5799	0
5800	0
5801	0
5802	1
5803	1
5804	0
5805	0
5806	1
5807	0
5808	1
5809	0
5810	0
5811	0
5812	0
5813	1
5814	0
5815	0
5816	0
5817	0
5818	0
5819	0
5820	0
5821	1
5822	0
5823	0
5824	0
5825	0
5826	0
5827	0
5828	0
5829	0
5830	0
5831	0
5832	0
5833	3
5834	0
5835	0
5836	0
5837	0
5838	0
5839	0
5840	0
5841	1
5842	0
5843	0
5844	1
5845	1
5846	0
5847	0
5848	0
5849	1
5850	0
5851	0
5852	0
5853	1
5854	1
5855	0
5856	0
5857	1
5858	0
5859	1
5860	0
5861	0
5862	0
5863	0
5864	0
5865	0
5866	0
5867	0
5868	0
5869	0
5870	0
5871	0
5872	0
5873	1
5874	0
5875	1
5876	0
5877	0
5878	1
5879	0
5880	0
5881	0
5882	0
5883	1
5884	0
5885	1
5886	1
5887	0
5888	0
5889	0
5890	0
5891	1
5892	0
5893	0
5894	0
5895	0
5896	1
5897	1
5898	1
5899	0
5900	0
5901	1
5902	1
5903	0
5904	0
5905	0
5906	0
5907	0
5908	0
5909	1
5910	2
5911	0
5912	0
5913	0
5914	0
5915	0
5916	0
5917	0
5918	0
5919	0
5920	0
5921	0
5922	1
5923	0
5924	0
5925	0
5926	0
5927	1
5928	1
5929	1
5930	0
5931	2
5932	0
5933	0
5934	0
5935	0
5936	0
5937	0
5938	0
5939	0
5940	0
5941	0
5942	0
5943	0
5944	0
5945	0
5946	0
5947	0
5948	0
5949	0
5950	0
5951	1
5952	0
5953	1
5954	1
5955	0
5956	0
5957	0
5958	0
5959	0
5960	0
5961	0
5962	0
5963	0
5964	0
5965	0
5966	0
5967	1
5968	0
5969	0
5970	0
5971	0
5972	0
5973	1
5974	1
5975	0
5976	0
5977	2
5978	0
5979	0
5980	0
5981	1
5982	0
5983	0
5984	2
5985	0
5986	0
5987	0
5988	0
5989	0
5990	1
5991	0
5992	0
5993	0
5994	0
5995	0
5996	1
5997	0
5998	0
5999	0
6000	0
6001	0
6002	0
6003	0
6004	1
6005	0
6006	0
6007	0
6008	0
6009	0
6010	0
6011	0
6012	0
6013	0
6014	0
6015	0
6016	0
6017	0
6018	1
6019	0
6020	0
6021	0
6022	0
6023	0
6024	0
6025	0
6026	0
6027	0
6028	1
6029	0
6030	0
6031	0
6032	0
6033	0
6034	0
6035	1
6036	0
6037	1
6038	0
6039	0
6040	0
6041	0
6042	1
6043	0
6044	0
6045	0
6046	1
6047	0
6048	0
6049	0
6050	0
6051	1
6052	0
6053	0
6054	0
6055	0
6056	0
6057	0
6058	0
6059	0
6060	1
6061	0
6062	0
6063	1
6064	1
6065	1
6066	0
6067	0
6068	0
6069	0
6070	0
6071	0
6072	0
6073	0
6074	0
6075	0
6076	0
6077	0
6078	0
6079	0
6080	0
6081	0
6082	0
6083	0
6084	0
6085	0
6086	0
6087	0
6088	0
6089	0
6090	0
6091	0
6092	0
6093	0
6094	1
6095	0
6096	0
6097	1
6098	2
6099	2
6100	0
6101	0
6102	0
6103	0
6104	0
6105	0
6106	1
6107	0
6108	0
6109	0
6110	1
6111	1
6112	0
6113	0
6114	0
6115	0
6116	0
6117	0
6118	1
6119	1
6120	0
6121	0
6122	0
6123	1
6124	0
6125	0
6126	0
6127	1
6128	0
6129	0
6130	0
6131	0
6132	0
6133	0
6134	0
6135	1
6136	0
6137	0
6138	1
6139	0
6140	0
6141	0
6142	0
6143	0
6144	1
6145	1
6146	0
6147	0
6148	0
6149	0
6150	0
6151	0
6152	0
6153	0
6154	0
6155	1
6156	0
6157	0
6158	1
6159	0
6160	0
6161	0
6162	0
6163	0
6164	0
6165	0
6166	0
6167	0
6168	0
6169	0
6170	0
6171	0
6172	0
6173	0
6174	0
6175	1
6176	2
6177	0
6178	0
6179	0
6180	0
6181	2
6182	0
6183	0
6184	0
6185	0
6186	0
6187	0
6188	0
6189	0
6190	0
6191	0
6192	0
6193	0
6194	0
6195	1
6196	0
6197	0
6198	0
6199	0
6200	0
6201	0
6202	0
6203	0
6204	0
6205	0
6206	0
6207	0
6208	0
6209	0
6210	0
6211	1
6212	0
6213	0
6214	0
6215	0
6216	0
6217	0
6218	0
6219	0
6220	0
6221	0
6222	0
6223	0
6224	0
6225	0
6226	0
6227	0
6228	0
6229	0
6230	0
6231	0
6232	0
6233	0
6234	0
6235	1
6236	0
6237	1
6238	0
6239	0
6240	2
6241	0
6242	0
6243	0
6244	0
6245	0
6246	0
6247	0
6248	0
6249	0
6250	0
6251	0
6252	0
6253	0
6254	0
6255	0
6256	1
6257	0
6258	1
6259	0
6260	0
6261	1
6262	0
6263	1
6264	0
6265	1
6266	0
6267	0
6268	0
6269	0
6270	1
6271	0
6272	0
6273	0
6274	0
6275	0
6276	0
6277	0
6278	0
6279	0
6280	0
6281	0
6282	0
6283	1
6284	0
6285	2
6286	0
6287	1
6288	0
6289	0
6290	1
6291	0
6292	0
6293	0
6294	1
6295	0
6296	0
6297	0
6298	0
6299	0
6300	0
6301	0
6302	0
6303	2
6304	1
6305	0
6306	0
6307	0
6308	1
6309	0
6310	0
6311	1
6312	2
6313	0
6314	0
6315	0
6316	0
6317	0
6318	1
6319	0
6320	0
6321	0
6322	0
6323	1
6324	0
6325	0
6326	0
6327	0
6328	2
6329	1
6330	0
6331	0
6332	0
6333	0
6334	1
6335	0
6336	0
6337	0
6338	0
6339	0
6340	0
6341	0
6342	0
6343	0
6344	1
6345	0
6346	1
6347	1
6348	0
6349	0
6350	0
6351	1
6352	1
6353	0
6354	1
6355	0
6356	0
6357	0
6358	2
6359	1
6360	0
6361	1
6362	0
6363	0
6364	1
6365	0
6366	1
6367	0
6368	1
6369	0
6370	0
6371	1
6372	1
6373	0
6374	2
6375	0
6376	1
6377	0
6378	0
6379	0
6380	0
6381	0
6382	0
6383	1
6384	0
6385	1
6386	0
6387	1
6388	1
6389	1
6390	0
6391	0
6392	1
6393	0
6394	0
6395	0
6396	1
6397	1
6398	0
6399	0
6400	0
6401	0
6402	0
6403	0
6404	0
6405	1
6406	0
6407	0
6408	1
6409	0
6410	1
6411	0
6412	0
6413	0
6414	0
6415	0
6416	1
6417	2
6418	1
6419	1
6420	0
6421	1
6422	0
6423	1
6424	0
6425	0
6426	0
6427	0
6428	0
6429	0
6430	0
6431	0
6432	0
6433	0
6434	1
6435	0
6436	0
6437	0
6438	0
6439	0
6440	0
6441	0
6442	0
6443	0
6444	0
6445	0
6446	0
6447	0
6448	0
6449	0
6450	0
6451	0
6452	0
6453	0
6454	1
6455	0
6456	0
6457	0
6458	0
6459	0
6460	0
6461	1
6462	0
6463	1
6464	0
6465	0
6466	0
6467	0
6468	0
6469	1
6470	0
6471	0
6472	0
6473	0
6474	0
6475	0
6476	2
6477	1
6478	1
6479	0
6480	0
6481	1
6482	0
6483	0
6484	0
6485	0
6486	0
6487	0
6488	0
6489	0
6490	0
6491	0
6492	0
6493	0
6494	1
6495	0
6496	1
6497	0
6498	1
6499	0
6500	0
6501	1
6502	0
6503	0
6504	0
6505	0
6506	0
6507	0
6508	0
6509	0
6510	0
6511	0
6512	0
6513	0
6514	0
6515	0
6516	0
6517	0
6518	1
6519	0
6520	1
6521	1
6522	1
6523	0
6524	1
6525	0
6526	0
6527	0
6528	0
6529	1
6530	3
6531	0
6532	0
6533	0
6534	0
6535	0
6536	0
6537	0
6538	0
6539	1
6540	0
6541	1
6542	0
6543	0
6544	0
6545	1
6546	0
6547	0
6548	0
6549	1
6550	0
6551	0
6552	0
6553	1
6554	2
6555	1
6556	1
6557	1
6558	0
6559	0
6560	0
6561	0
6562	0
6563	2
6564	0
6565	0
6566	0
6567	1
6568	0
6569	0
6570	0
6571	0
6572	0
6573	2
6574	0
6575	0
6576	1
6577	0
6578	0
6579	0
6580	2
6581	0
6582	0
6583	0
6584	0
6585	0
6586	0
6587	0
6588	0
6589	1
6590	0
6591	0
6592	0
6593	1
6594	1
6595	0
6596	0
6597	0
6598	0
6599	1
6600	0
6601	0
6602	0
6603	0
6604	1
6605	0
6606	0
6607	0
6608	0
6609	0
6610	0
6611	0
6612	1
6613	0
6614	0
6615	2
6616	0
6617	1
6618	0
6619	0
6620	0
6621	1
6622	0
6623	0
6624	1
6625	0
6626	0
6627	1
6628	3
6629	0
6630	0
6631	1
6632	0
6633	0
6634	0
6635	1
6636	0
6637	0
6638	0
6639	0
6640	1
6641	0
6642	0
6643	1
6644	1
6645	0
6646	0
6647	0
6648	0
6649	1
6650	0
6651	0
6652	0
6653	0
6654	0
6655	0
6656	1
6657	0
6658	0
6659	1
6660	0
6661	1
6662	0
6663	0
6664	0
6665	1
6666	0
6667	0
6668	0
6669	0
6670	0
6671	2
6672	0
6673	0
6674	0
6675	0
6676	1
6677	0
6678	3
6679	0
6680	0
6681	0
6682	0
6683	1
6684	0
6685	0
6686	0
6687	0
6688	0
6689	0
6690	1
6691	0
6692	0
6693	0
6694	0
6695	1
6696	0
6697	2
6698	0
6699	0
6700	1
6701	0
6702	0
6703	0
6704	0
6705	1
6706	0
6707	0
6708	1
6709	0
6710	2
6711	0
6712	1
6713	0
6714	2
6715	0
6716	0
6717	0
6718	1
6719	0
6720	0
6721	0
6722	0
6723	0
6724	0
6725	0
6726	0
6727	1
6728	0
6729	1
6730	1
6731	0
6732	0
6733	1
6734	0
6735	0
6736	1
6737	0
6738	0
6739	0
6740	1
6741	1
6742	1
6743	0
6744	0
6745	0
6746	1
6747	1
6748	0
6749	0
6750	0
6751	0
6752	0
6753	0
6754	0
6755	0
6756	0
6757	0
6758	0
6759	1
6760	1
6761	2
6762	0
6763	0
6764	0
6765	0
6766	1
6767	0
6768	0
6769	1
6770	2
6771	0
6772	0
6773	0
6774	1
6775	0
6776	0
6777	0
6778	0
6779	0
6780	0
6781	0
6782	0
6783	0
6784	0
6785	0
6786	0
6787	1
6788	1
6789	1
6790	1
6791	1
6792	0
6793	0
6794	0
6795	1
6796	0
6797	0
6798	1
6799	0
6800	0
6801	0
6802	0
6803	0
6804	0
6805	1
6806	0
6807	0
6808	0
6809	1
6810	0
6811	1
6812	0
6813	2
6814	0
6815	0
6816	0
6817	0
6818	0
6819	0
6820	0
6821	0
6822	0
6823	0
6824	1
6825	0
6826	1
6827	0
6828	0
6829	2
6830	0
6831	0
6832	0
6833	1
6834	0
6835	0
6836	0
6837	0
6838	0
6839	0
6840	0
6841	0
6842	1
6843	0
6844	1
6845	0
6846	0
6847	0
6848	0
6849	0
6850	0
6851	0
6852	3
6853	1
6854	0
6855	1
6856	0
6857	0
6858	0
6859	0
6860	0
6861	0
6862	0
6863	0
6864	1
6865	0
6866	0
6867	1
6868	1
6869	0
6870	0
6871	0
6872	0
6873	0
6874	0
6875	0
6876	0
6877	0
6878	0
6879	1
6880	0
6881	0
6882	0
6883	0
6884	0
6885	0
6886	0
6887	1
6888	0
6889	1
6890	0
6891	0
6892	0
6893	0
6894	0
6895	1
6896	0
6897	1
6898	0
6899	1
6900	0
6901	0
6902	1
6903	0
6904	0
6905	1
6906	0
6907	0
6908	1
6909	0
6910	2
6911	0
6912	0
6913	2
6914	0
6915	0
6916	0
6917	0
6918	2
6919	0
6920	0
6921	0
6922	0
6923	0
6924	0
6925	0
6926	0
6927	0
6928	0
6929	1
6930	0
6931	0
6932	0
6933	0
6934	0
6935	0
6936	1
6937	0
6938	0
6939	1
6940	0
6941	0
6942	1
6943	0
6944	0
6945	0
6946	0
6947	0
6948	0
6949	0
6950	0
6951	0
6952	0
6953	1
6954	0
6955	0
6956	0
6957	0
6958	0
6959	0
6960	1
6961	0
6962	0
6963	0
6964	0
6965	0
6966	0
6967	0
6968	1
6969	0
6970	0
6971	1
6972	1
6973	0
6974	0
6975	0
6976	1
6977	0
6978	0
6979	0
6980	1
6981	0
6982	0
6983	0
6984	0
6985	0
6986	0
6987	0
6988	0
6989	0
6990	1
6991	0
6992	1
6993	0
6994	0
6995	1
6996	0
6997	0
6998	0
6999	0
7000	0
7001	0
7002	1
7003	0
7004	0
7005	0
7006	0
7007	1
7008	0
7009	0
7010	0
7011	0
7012	0
7013	0
7014	0
7015	1
7016	0
7017	0
7018	0
7019	2
7020	0
7021	0
7022	0
7023	1
7024	0
7025	0
7026	0
7027	0
7028	1
7029	0
7030	0
7031	0
7032	0
7033	0
7034	0
7035	0
7036	1
7037	0
7038	1
7039	1
7040	0
7041	0
7042	0
7043	0
7044	0
7045	0
7046	0
7047	0
7048	1
7049	0
7050	1
7051	0
7052	0
7053	0
7054	0
7055	0
7056	1
7057	0
7058	0
7059	0
7060	0
7061	0
7062	0
7063	0
7064	0
7065	0
7066	0
7067	1
7068	0
7069	0
7070	0
7071	0
7072	0
7073	0
7074	0
7075	0
7076	0
7077	0
7078	0
7079	0
7080	0
7081	0
7082	0
7083	0
7084	0
7085	1
7086	0
7087	0
7088	0
7089	0
7090	0
7091	0
7092	1
7093	0
7094	0
7095	1
7096	0
7097	2
7098	0
7099	0
7100	1
7101	0
7102	0
7103	0
7104	0
7105	0
7106	0
7107	1
7108	0
7109	0
7110	0
7111	0
7112	0
7113	0
7114	0
7115	0
7116	0
7117	0
7118	0
7119	0
7120	0
7121	1
7122	0
7123	1
7124	0
7125	1
7126	0
7127	0
7128	0
7129	0
7130	0
7131	0
7132	0
7133	0
7134	1
7135	1
7136	0
7137	0
7138	0
7139	0
7140	1
7141	0
7142	0
7143	1
7144	0
7145	1
7146	0
7147	0
7148	0
7149	0
7150	0
7151	0
7152	0
7153	0
7154	0
7155	1
7156	0
7157	0
7158	0
7159	0
7160	0
7161	0
7162	0
7163	0
7164	0
7165	0
7166	0
7167	0
7168	0
7169	0
7170	0
7171	1
7172	0
7173	0
7174	0
7175	0
7176	0
7177	0
7178	0
7179	0
7180	0
7181	0
7182	0
7183	0
7184	0
7185	0
7186	1
7187	0
7188	0
7189	0
7190	0
7191	0
7192	0
7193	0
7194	0
7195	0
7196	1
7197	1
7198	0
7199	0
7200	0
7201	0
7202	0
7203	0
7204	0
7205	0
7206	0
7207	1
7208	0
7209	0
7210	2
7211	1
7212	0
7213	0
7214	0
7215	0
7216	0
7217	0
7218	0
7219	0
7220	0
7221	0
7222	2
7223	0
7224	0
7225	0
7226	2
7227	0
7228	0
7229	0
7230	0
7231	0
7232	1
7233	0
7234	0
7235	0
7236	0
7237	1
7238	1
7239	0
7240	0
7241	0
7242	0
7243	0
7244	1
7245	0
7246	1
7247	0
7248	0
7249	0
7250	0
7251	1
7252	1
7253	0
7254	0
7255	0
7256	1
7257	0
7258	0
7259	0
7260	0
7261	0
7262	1
7263	0
7264	0
7265	0
7266	0
7267	0
7268	0
7269	1
7270	0
7271	0
7272	0
7273	0
7274	0
7275	0
7276	0
7277	0
7278	0
7279	0
7280	0
7281	0
7282	0
7283	0
7284	0
7285	0
7286	0
7287	0
7288	0
7289	0
7290	0
7291	0
7292	0
7293	0
7294	0
7295	0
7296	0
7297	0
7298	0
7299	0
7300	0
7301	1
7302	1
7303	0
7304	0
7305	0
7306	0
7307	0
7308	0
7309	0
7310	0
7311	0
7312	0
7313	0
7314	0
7315	0
7316	0
7317	0
7318	0
7319	0
7320	0
7321	0
7322	0
7323	0
7324	0
7325	0
7326	0
7327	0
7328	0
7329	1
7330	0
7331	0
7332	0
7333	0
7334	0
7335	0
7336	1
7337	0
7338	1
7339	0
7340	0
7341	0
7342	0
7343	0
7344	0
7345	1
7346	0
7347	0
7348	0
7349	0
7350	0
7351	0
7352	0
7353	0
7354	0
7355	0
7356	0
7357	0
7358	1
7359	0
7360	0
7361	1
7362	0
7363	0
7364	0
7365	0
7366	0
7367	1
7368	0
7369	0
7370	0
7371	1
7372	0
7373	1
7374	0
7375	0
7376	1
7377	0
7378	1
7379	0
7380	0
7381	0
7382	0
7383	0
7384	1
7385	0
7386	1
7387	0
7388	0
7389	0
7390	0
7391	0
7392	0
7393	0
7394	0
7395	0
7396	0
7397	0
7398	0
7399	0
7400	0
7401	0
7402	0
7403	0
7404	0
7405	0
7406	0
7407	0
7408	0
7409	1
7410	0
7411	0
7412	0
7413	0
7414	0
7415	0
7416	0
7417	0
7418	0
7419	0
7420	0
7421	0
7422	0
7423	0
7424	0
7425	0
7426	0
7427	1
7428	0
7429	0
7430	0
7431	1
7432	0
7433	0
7434	2
7435	0
7436	0
7437	1
7438	1
7439	0
7440	0
7441	0
7442	0
7443	0
7444	1
7445	0
7446	0
7447	0
7448	0
7449	0
7450	0
7451	0
7452	0
7453	0
7454	0
7455	0
7456	0
7457	0
7458	0
7459	0
7460	0
7461	0
7462	1
7463	0
7464	0
7465	0
7466	0
7467	2
7468	0
7469	0
7470	0
7471	0
7472	0
7473	0
7474	0
7475	0
7476	0
7477	0
7478	0
7479	0
7480	0
7481	0
7482	0
7483	0
7484	0
7485	0
7486	1
7487	0
7488	0
7489	1
7490	0
7491	0
7492	0
7493	0
7494	0
7495	0
7496	0
7497	0
7498	0
7499	0
7500	0
7501	0
7502	0
7503	0
7504	0
7505	0
7506	1
7507	0
7508	0
7509	0
7510	0
7511	1
7512	0
7513	0
7514	0
7515	0
7516	0
7517	0
7518	0
7519	0
7520	0
7521	0
7522	0
7523	0
7524	0
7525	0
7526	0
7527	0
7528	0
7529	0
7530	0
7531	0
7532	1
7533	0
7534	0
7535	0
7536	0
7537	0
7538	2
7539	1
7540	0
7541	0
7542	0
7543	0
7544	0
7545	0
7546	0
7547	0
7548	0
7549	0
7550	1
7551	0
7552	0
7553	0
7554	0
7555	0
7556	0
7557	0
7558	1
7559	0
7560	0
7561	0
7562	0
7563	0
7564	0
7565	0
7566	0
7567	0
7568	0
7569	0
7570	1
7571	0
7572	0
7573	0
7574	0
7575	0
7576	0
7577	1
7578	0
7579	0
7580	1
7581	0
7582	0
7583	0
7584	0
7585	0
7586	0
7587	0
7588	0
7589	0
7590	0
7591	0
7592	0
7593	0
7594	0
7595	0
7596	0
7597	0
7598	0
7599	0
7600	0
7601	0
7602	0
7603	0
7604	0
7605	0
7606	0
7607	1
7608	0
7609	0
7610	0
7611	0
7612	0
7613	1
7614	0
7615	0
7616	0
7617	0
7618	2
7619	0
7620	0
7621	0
7622	0
7623	1
7624	0
7625	0
7626	1
7627	0
7628	0
7629	0
7630	0
7631	0
7632	0
7633	0
7634	0
7635	0
7636	0
7637	0
7638	0
7639	0
7640	1
7641	0
7642	0
7643	0
7644	0
7645	0
7646	1
7647	0
7648	0
7649	0
7650	0
7651	0
7652	0
7653	0
7654	0
7655	1
7656	0
7657	0
7658	0
7659	1
7660	0
7661	0
7662	0
7663	0
7664	0
7665	0
7666	0
7667	0
7668	0
7669	0
7670	1
7671	0
7672	0
7673	1
7674	0
7675	0
7676	0
7677	0
7678	0
7679	0
7680	0
7681	0
7682	1
7683	0
7684	0
7685	0
7686	0
7687	0
7688	0
7689	0
7690	0
7691	0
7692	2
7693	0
7694	0
7695	0
7696	1
7697	0
7698	0
7699	0
7700	0
7701	1
7702	0
7703	0
7704	0
7705	0
7706	1
7707	0
7708	0
7709	0
7710	1
7711	1
7712	0
7713	0
7714	0
7715	0
7716	0
7717	0
7718	0
7719	2
7720	0
7721	0
7722	0
7723	0
7724	0
7725	0
7726	0
7727	0
7728	0
7729	0
7730	0
7731	0
7732	0
7733	0
7734	0
7735	0
7736	0
7737	0
7738	0
7739	0
7740	0
7741	0
7742	0
7743	0
7744	0
7745	0
7746	0
7747	0
7748	0
7749	0
7750	0
7751	0
7752	0
7753	0
7754	0
7755	0
7756	0
7757	0
7758	0
7759	0
7760	0
7761	0
7762	0
7763	0
7764	1
7765	0
7766	0
7767	1
7768	0
7769	0
7770	0
7771	2
7772	0
7773	0
7774	0
7775	1
7776	0
7777	0
7778	1
7779	0
7780	0
7781	0
7782	0
7783	0
7784	1
7785	1
7786	0
7787	0
7788	0
7789	1
7790	0
7791	0
7792	0
7793	0
7794	1
7795	0
7796	1
7797	0
7798	0
7799	1
7800	0
7801	1
7802	0
7803	1
7804	0
7805	0
7806	0
7807	2
7808	0
7809	0
7810	0
7811	0
7812	1
7813	0
7814	0
7815	0
7816	1
7817	0
7818	0
7819	0
7820	1
7821	0
7822	0
7823	0
7824	0
7825	0
7826	0
7827	0
7828	1
7829	0
7830	0
7831	0
7832	1
7833	1
7834	0
7835	0
7836	0
7837	0
7838	0
7839	0
7840	0
7841	0
7842	0
7843	0
7844	0
7845	0
7846	2
7847	1
7848	1
7849	0
7850	0
7851	0
7852	0
7853	0
7854	0
7855	0
7856	1
7857	0
7858	0
7859	0
7860	0
7861	0
7862	1
7863	0
7864	0
7865	0
7866	0
7867	1
7868	1
7869	0
7870	0
7871	0
7872	1
7873	0
7874	0
7875	1
7876	0
7877	0
7878	0
7879	0
7880	1
7881	1
7882	0
7883	0
7884	1
7885	0
7886	1
7887	1
7888	0
7889	0
7890	1
7891	0
7892	0
7893	0
7894	1
7895	1
7896	1
7897	0
7898	0
7899	0
7900	0
7901	0
7902	1
7903	1
7904	2
7905	1
7906	1
7907	0
7908	0
7909	0
7910	1
7911	0
7912	0
7913	0
7914	0
7915	1
7916	0
7917	0
7918	0
7919	0
7920	1
7921	1
7922	0
7923	0
7924	1
7925	1
7926	0
7927	0
7928	0
7929	3
7930	0
7931	1
7932	0
7933	0
7934	0
7935	1
7936	0
7937	0
7938	0
7939	1
7940	0
7941	0
7942	0
7943	1
7944	0
7945	1
7946	0
7947	1
7948	1
7949	1
7950	1
7951	0
7952	0
7953	1
7954	0
7955	0
7956	1
7957	1
7958	3
7959	0
7960	0
7961	0
7962	0
7963	0
7964	1
7965	2
7966	1
7967	3
7968	0
7969	0
7970	0
7971	2
7972	0
7973	1
7974	0
7975	1
7976	1
7977	0
7978	0
7979	3
7980	0
7981	1
7982	2
7983	0
7984	0
7985	0
7986	0
7987	0
7988	0
7989	0
7990	0
7991	4
7992	1
7993	1
7994	0
7995	1
7996	0
7997	0
7998	2
7999	0
8000	0
8001	0
8002	0
8003	0
8004	1
8005	0
8006	1
8007	0
8008	0
8009	1
8010	0
8011	0
8012	0
8013	0
8014	0
8015	1
8016	0
8017	0
8018	0
8019	0
8020	0
8021	0
8022	0
8023	0
8024	0
8025	0
8026	0
8027	0
8028	0
8029	0
8030	0
8031	0
8032	0
8033	0
8034	0
8035	0
8036	0
8037	0
8038	0
8039	0
8040	0
8041	0
8042	0
8043	0
8044	0
8045	0
8046	0
8047	0
8048	0
8049	0
8050	0
8051	0
8052	0
8053	0
8054	0
8055	0
8056	0
8057	0
8058	0
8059	0
8060	0
8061	0
8062	0
8063	0
8064	0
8065	0
8066	0
8067	0
8068	0
8069	0
8070	0
8071	0
8072	0
8073	0
8074	0
8075	0
8076	0
8077	0
8078	0
8079	0
8080	0
8081	0
8082	0
8083	0
8084	0
8085	0
8086	0
8087	0
8088	0
8089	0
8090	0
8091	0
8092	0
8093	0
8094	0
8095	0
8096	0
8097	0
8098	0
8099	0
8100	0
8101	0
8102	0
8103	0
8104	0
8105	0
8106	0
8107	0
8108	0
8109	0
8110	0
8111	0
8112	0
8113	0
8114	0
8115	0
8116	0
8117	0
8118	0
8119	0
8120	0
8121	0
8122	0
8123	0
8124	0
8125	0
8126	0
8127	0
8128	0
8129	0
8130	0
8131	0
8132	0
8133	0
8134	0
8135	0
8136	0
8137	0
8138	0
8139	0
8140	0
8141	0
8142	0
8143	0
8144	0
8145	0
8146	0
8147	0
8148	0
8149	0
8150	0
8151	0
8152	0
8153	0
8154	0
8155	0
8156	0
8157	0
8158	0
8159	0
8160	0
8161	0
8162	0
8163	0
8164	0
8165	0
8166	0
8167	0
8168	0
8169	0
8170	0
8171	0
8172	0
8173	0
8174	0
8175	0
8176	0
8177	0
8178	0
8179	0
8180	0
8181	0
8182	0
8183	0
8184	0
8185	0
8186	0
8187	0
8188	0
8189	0
8190	0
8191	0
