0	0
1	0
2	0
3	0
4	0
5	0
6	0
7	0
8	0
9	0
10	0
11	0
12	0
13	0
14	0
15	0
16	0
17	0
18	0
19	0
20	0
21	0
22	1
23	0
24	0
25	0
26	0
27	0
28	0
29	0
30	0
31	1
32	0
33	0
34	2
35	0
36	0
37	0
38	1
39	1
40	5
41	2
42	1
43	17
44	116
45	373
46	461
47	457
48	436
49	391
50	363
51	369
52	355
53	337
54	308
55	326
56	316
57	299
58	293
59	271
60	283
61	262
62	292
63	277
64	231
65	232
66	258
67	269
68	220
69	195
70	218
71	200
72	215
73	214
74	196
75	239
76	220
77	196
78	188
79	213
80	182
81	158
82	146
83	144
84	139
85	148
86	132
87	138
88	152
89	141
90	136
91	125
92	130
93	146
94	132
95	117
96	142
97	133
98	132
99	125
100	142
101	133
102	138
103	158
104	140
105	140
106	127
107	122
108	142
109	118
110	122
111	132
112	123
113	146
114	142
115	125
116	140
117	164
118	133
119	120
120	133
121	145
122	156
123	159
124	143
125	142
126	167
127	136
128	145
129	149
130	139
131	131
132	156
133	154
134	132
135	127
136	143
137	151
138	157
139	158
140	162
141	119
142	159
143	166
144	148
145	160
146	140
147	143
148	164
149	151
150	159
151	150
152	158
153	151
154	147
155	158
156	176
157	167
158	170
159	165
160	189
161	161
162	167
163	172
164	173
165	177
166	164
167	171
168	164
169	151
170	171
171	166
172	170
173	196
174	183
175	187
176	183
177	189
178	186
179	198
180	186
181	189
182	182
183	211
184	190
185	194
186	188
187	190
188	172
189	216
190	202
191	231
192	217
193	204
194	212
195	222
196	196
197	238
198	231
199	235
200	213
201	223
202	234
203	207
204	181
205	217
206	254
207	201
208	214
209	234
210	221
211	235
212	242
213	245
214	219
215	228
216	233
217	251
218	233
219	241
220	259
221	261
222	257
223	262
224	257
225	248
226	241
227	257
228	223
229	277
230	259
231	240
232	311
233	292
234	277
235	258
236	287
237	300
238	277
239	286
240	307
241	307
242	272
243	280
244	291
245	330
246	326
247	303
248	309
249	318
250	306
251	303
252	321
253	354
254	328
255	323
256	312
257	305
258	322
259	306
260	304
261	306
262	309
263	313
264	324
265	318
266	287
267	352
268	331
269	321
270	311
271	294
272	311
273	300
274	315
275	310
276	283
277	321
278	310
279	309
280	281
281	301
282	296
283	299
284	295
285	319
286	278
287	282
288	299
289	274
290	293
291	299
292	309
293	302
294	303
295	283
296	299
297	284
298	297
299	295
300	293
301	295
302	287
303	293
304	322
305	283
306	280
307	301
308	274
309	284
310	275
311	290
312	269
313	292
314	308
315	273
316	278
317	270
318	293
319	278
320	295
321	255
322	320
323	268
324	277
325	257
326	250
327	272
328	249
329	282
330	271
331	273
332	293
333	271
334	301
335	286
336	320
337	287
338	245
339	278
340	276
341	274
342	259
343	263
344	259
345	294
346	298
347	286
348	295
349	282
350	249
351	259
352	243
353	263
354	290
355	285
356	263
357	255
358	291
359	250
360	267
361	299
362	268
363	279
364	255
365	278
366	249
367	282
368	274
369	289
370	284
371	291
372	284
373	274
374	278
375	290
376	271
377	310
378	261
379	304
380	269
381	267
382	267
383	247
384	266
385	257
386	263
387	288
388	264
389	257
390	235
391	292
392	251
393	242
394	271
395	270
396	276
397	279
398	222
399	267
400	275
401	249
402	275
403	275
404	268
405	249
406	239
407	239
408	263
409	246
410	268
411	262
412	267
413	231
414	280
415	250
416	251
417	241
418	268
419	268
420	251
421	260
422	260
423	245
424	241
425	266
426	246
427	249
428	254
429	297
430	282
431	236
432	227
433	278
434	262
435	261
436	231
437	256
438	254
439	225
440	277
441	274
442	239
443	254
444	283
445	265
446	264
447	272
448	253
449	268
450	282
451	256
452	256
453	254
454	221
455	231
456	276
457	262
458	254
459	227
460	270
461	244
462	244
463	221
464	253
465	263
466	282
467	246
468	256
469	246
470	238
471	252
472	242
473	265
474	224
475	235
476	241
477	243
478	251
479	263
480	252
481	242
482	237
483	269
484	230
485	238
486	229
487	207
488	242
489	261
490	266
491	238
492	229
493	240
494	252
495	246
496	242
497	248
498	256
499	222
500	243
501	218
502	207
503	237
504	241
505	237
506	234
507	246
508	224
509	238
510	237
511	264
512	221
513	238
514	248
515	227
516	228
517	255
518	239
519	246
520	236
521	230
522	225
523	222
524	252
525	291
526	223
527	221
528	215
529	253
530	237
531	248
532	245
533	244
534	243
535	238
536	246
537	237
538	210
539	271
540	232
541	237
542	235
543	255
544	209
545	244
546	265
547	255
548	233
549	225
550	220
551	239
552	228
553	223
554	233
555	257
556	231
557	209
558	223
559	237
560	223
561	239
562	254
563	212
564	227
565	238
566	229
567	219
568	226
569	202
570	221
571	239
572	236
573	219
574	224
575	220
576	218
577	216
578	218
579	225
580	250
581	209
582	261
583	222
584	248
585	221
586	222
587	232
588	238
589	247
590	239
591	214
592	226
593	254
594	240
595	230
596	220
597	239
598	242
599	215
600	249
601	256
602	233
603	211
604	209
605	255
606	233
607	252
608	213
609	237
610	249
611	249
612	226
613	225
614	214
615	233
616	236
617	206
618	213
619	225
620	220
621	218
622	232
623	218
624	209
625	237
626	213
627	226
628	204
629	227
630	223
631	217
632	225
633	208
634	231
635	209
636	207
637	231
638	228
639	197
640	221
641	208
642	209
643	220
644	222
645	211
646	221
647	218
648	233
649	234
650	214
651	188
652	218
653	211
654	206
655	204
656	210
657	208
658	212
659	228
660	190
661	207
662	189
663	246
664	225
665	207
666	259
667	205
668	214
669	236
670	229
671	203
672	189
673	227
674	222
675	239
676	237
677	226
678	210
679	240
680	224
681	225
682	228
683	212
684	234
685	245
686	254
687	218
688	222
689	225
690	247
691	228
692	216
693	218
694	209
695	230
696	265
697	239
698	228
699	213
700	249
701	250
702	222
703	232
704	221
705	246
706	240
707	250
708	233
709	237
710	250
711	221
712	217
713	225
714	228
715	230
716	239
717	235
718	220
719	230
720	249
721	247
722	250
723	233
724	233
725	255
726	237
727	249
728	257
729	255
730	220
731	231
732	240
733	232
734	236
735	233
736	253
737	222
738	219
739	226
740	221
741	240
742	206
743	211
744	228
745	257
746	188
747	209
748	241
749	241
750	224
751	239
752	226
753	257
754	239
755	220
756	210
757	237
758	212
759	239
760	221
761	221
762	198
763	224
764	246
765	217
766	220
767	222
768	238
769	215
770	216
771	213
772	211
773	185
774	161
775	217
776	198
777	213
778	228
779	200
780	227
781	221
782	214
783	207
784	218
785	213
786	197
787	215
788	226
789	187
790	207
791	218
792	201
793	192
794	217
795	186
796	226
797	230
798	226
799	217
800	219
801	208
802	208
803	190
804	206
805	220
806	182
807	217
808	210
809	208
810	233
811	191
812	196
813	213
814	209
815	202
816	172
817	206
818	211
819	194
820	221
821	208
822	170
823	203
824	182
825	158
826	202
827	187
828	187
829	200
830	193
831	215
832	173
833	205
834	179
835	186
836	184
837	190
838	165
839	205
840	176
841	189
842	201
843	195
844	176
845	185
846	184
847	181
848	177
849	216
850	206
851	177
852	166
853	182
854	182
855	174
856	198
857	173
858	174
859	179
860	186
861	207
862	194
863	173
864	172
865	172
866	192
867	187
868	177
869	160
870	189
871	168
872	184
873	189
874	170
875	174
876	189
877	175
878	169
879	172
880	180
881	167
882	167
883	173
884	151
885	170
886	167
887	187
888	166
889	180
890	166
891	136
892	181
893	178
894	192
895	164
896	207
897	187
898	183
899	196
900	178
901	166
902	168
903	159
904	177
905	178
906	171
907	160
908	199
909	178
910	184
911	159
912	165
913	155
914	164
915	174
916	171
917	184
918	166
919	170
920	167
921	177
922	172
923	176
924	150
925	188
926	195
927	188
928	169
929	171
930	171
931	172
932	192
933	171
934	174
935	158
936	156
937	150
938	184
939	157
940	185
941	164
942	167
943	163
944	166
945	169
946	174
947	170
948	157
949	191
950	175
951	143
952	180
953	148
954	183
955	138
956	158
957	161
958	170
959	150
960	171
961	172
962	161
963	158
964	171
965	163
966	159
967	180
968	167
969	170
970	186
971	179
972	166
973	180
974	153
975	168
976	178
977	156
978	169
979	156
980	160
981	155
982	153
983	164
984	163
985	166
986	184
987	157
988	153
989	165
990	125
991	121
992	184
993	165
994	153
995	167
996	156
997	134
998	157
999	172
1000	156
1001	151
1002	167
1003	171
1004	170
1005	164
1006	156
1007	144
1008	164
1009	148
1010	168
1011	163
1012	152
1013	139
1014	155
1015	145
1016	165
1017	161
1018	155
1019	162
1020	134
1021	144
1022	160
1023	162
1024	126
1025	157
1026	152
1027	158
1028	144
1029	164
1030	163
1031	123
1032	156
1033	150
1034	162
1035	166
1036	153
1037	154
1038	133
1039	147
1040	148
1041	135
1042	163
1043	160
1044	163
1045	133
1046	138
1047	131
1048	149
1049	160
1050	149
1051	160
1052	159
1053	134
1054	163
1055	142
1056	148
1057	151
1058	125
1059	157
1060	144
1061	174
1062	148
1063	149
1064	160
1065	127
1066	155
1067	151
1068	161
1069	172
1070	144
1071	155
1072	136
1073	149
1074	148
1075	153
1076	150
1077	140
1078	159
1079	144
1080	161
1081	139
1082	155
1083	132
1084	147
1085	140
1086	139
1087	154
1088	143
1089	126
1090	151
1091	138
1092	142
1093	151
1094	155
1095	149
1096	169
1097	149
1098	142
1099	136
1100	121
1101	135
1102	143
1103	161
1104	138
1105	151
1106	138
1107	147
1108	150
1109	139
1110	145
1111	136
1112	164
1113	127
1114	126
1115	145
1116	146
1117	157
1118	153
1119	159
1120	138
1121	140
1122	154
1123	138
1124	146
1125	130
1126	144
1127	147
1128	134
1129	126
1130	156
1131	147
1132	144
1133	139
1134	137
1135	124
1136	131
1137	152
1138	137
1139	167
1140	132
1141	150
1142	148
1143	125
1144	153
1145	161
1146	146
1147	148
1148	136
1149	137
1150	112
1151	145
1152	146
1153	131
1154	146
1155	144
1156	142
1157	141
1158	144
1159	143
1160	135
1161	157
1162	170
1163	140
1164	152
1165	166
1166	133
1167	138
1168	151
1169	133
1170	148
1171	145
1172	138
1173	136
1174	160
1175	127
1176	133
1177	117
1178	145
1179	148
1180	130
1181	140
1182	143
1183	131
1184	138
1185	150
1186	124
1187	149
1188	154
1189	144
1190	148
1191	134
1192	143
1193	120
1194	133
1195	127
1196	133
1197	120
1198	127
1199	153
1200	142
1201	148
1202	127
1203	150
1204	131
1205	127
1206	139
1207	123
1208	171
1209	130
1210	127
1211	142
1212	145
1213	115
1214	137
1215	141
1216	138
1217	137
1218	125
1219	134
1220	128
1221	128
1222	144
1223	119
1224	114
1225	136
1226	128
1227	132
1228	135
1229	126
1230	128
1231	125
1232	158
1233	135
1234	124
1235	138
1236	134
1237	140
1238	122
1239	130
1240	129
1241	150
1242	138
1243	138
1244	131
1245	146
1246	123
1247	129
1248	127
1249	119
1250	112
1251	144
1252	128
1253	132
1254	133
1255	135
1256	125
1257	157
1258	108
1259	118
1260	120
1261	138
1262	128
1263	125
1264	145
1265	128
1266	147
1267	143
1268	147
1269	135
1270	126
1271	128
1272	120
1273	117
1274	125
1275	132
1276	128
1277	141
1278	137
1279	130
1280	118
1281	133
1282	116
1283	143
1284	136
1285	141
1286	126
1287	128
1288	145
1289	122
1290	124
1291	123
1292	136
1293	133
1294	115
1295	119
1296	134
1297	119
1298	127
1299	123
1300	129
1301	115
1302	134
1303	123
1304	127
1305	131
1306	142
1307	143
1308	126
1309	117
1310	124
1311	121
1312	132
1313	126
1314	132
1315	139
1316	135
1317	106
1318	122
1319	132
1320	129
1321	143
1322	122
1323	118
1324	119
1325	114
1326	146
1327	133
1328	118
1329	126
1330	106
1331	123
1332	113
1333	123
1334	140
1335	120
1336	113
1337	139
1338	129
1339	112
1340	141
1341	115
1342	104
1343	134
1344	137
1345	104
1346	121
1347	133
1348	129
1349	112
1350	123
1351	142
1352	115
1353	134
1354	110
1355	165
1356	138
1357	123
1358	121
1359	117
1360	115
1361	120
1362	110
1363	128
1364	117
1365	147
1366	134
1367	109
1368	136
1369	132
1370	142
1371	139
1372	146
1373	128
1374	134
1375	125
1376	147
1377	132
1378	117
1379	145
1380	116
1381	111
1382	125
1383	121
1384	104
1385	132
1386	127
1387	111
1388	126
1389	135
1390	121
1391	135
1392	119
1393	126
1394	139
1395	124
1396	136
1397	137
1398	116
1399	107
1400	125
1401	123
1402	114
1403	125
1404	118
1405	129
1406	126
1407	130
1408	120
1409	131
1410	136
1411	117
1412	130
1413	131
1414	141
1415	120
1416	132
1417	130
1418	105
1419	133
1420	142
1421	120
1422	104
1423	110
1424	142
1425	110
1426	140
1427	160
1428	119
1429	126
1430	139
1431	125
1432	121
1433	125
1434	121
1435	103
1436	116
1437	113
1438	141
1439	150
1440	132
1441	118
1442	129
1443	130
1444	107
1445	128
1446	120
1447	141
1448	119
1449	149
1450	135
1451	122
1452	126
1453	139
1454	147
1455	130
1456	115
1457	110
1458	119
1459	119
1460	127
1461	115
1462	119
1463	121
1464	95
1465	123
1466	129
1467	124
1468	126
1469	133
1470	124
1471	124
1472	124
1473	116
1474	116
1475	136
1476	136
1477	128
1478	113
1479	136
1480	140
1481	116
1482	99
1483	135
1484	117
1485	122
1486	138
1487	127
1488	120
1489	118
1490	127
1491	124
1492	108
1493	100
1494	134
1495	126
1496	130
1497	115
1498	134
1499	117
1500	137
1501	122
1502	135
1503	123
1504	114
1505	119
1506	152
1507	105
1508	129
1509	121
1510	118
1511	122
1512	125
1513	138
1514	132
1515	114
1516	127
1517	134
1518	121
1519	126
1520	129
1521	118
1522	135
1523	123
1524	120
1525	109
1526	136
1527	126
1528	123
1529	121
1530	125
1531	126
1532	112
1533	122
1534	118
1535	127
1536	123
1537	130
1538	134
1539	125
1540	122
1541	133
1542	133
1543	139
1544	124
1545	124
1546	106
1547	156
1548	135
1549	141
1550	120
1551	111
1552	135
1553	130
1554	142
1555	116
1556	134
1557	122
1558	122
1559	107
1560	135
1561	130
1562	116
1563	135
1564	120
1565	119
1566	130
1567	142
1568	135
1569	123
1570	119
1571	135
1572	125
1573	146
1574	112
1575	148
1576	120
1577	121
1578	112
1579	113
1580	142
1581	144
1582	128
1583	122
1584	123
1585	125
1586	127
1587	139
1588	128
1589	125
1590	134
1591	139
1592	146
1593	119
1594	144
1595	120
1596	114
1597	125
1598	134
1599	120
1600	163
1601	117
1602	123
1603	123
1604	150
1605	138
1606	133
1607	121
1608	130
1609	137
1610	136
1611	148
1612	146
1613	155
1614	129
1615	138
1616	145
1617	127
1618	130
1619	145
1620	135
1621	141
1622	141
1623	121
1624	124
1625	126
1626	144
1627	138
1628	129
1629	146
1630	118
1631	114
1632	133
1633	140
1634	122
1635	120
1636	130
1637	119
1638	145
1639	151
1640	137
1641	126
1642	133
1643	113
1644	138
1645	122
1646	129
1647	135
1648	143
1649	111
1650	122
1651	123
1652	132
1653	134
1654	126
1655	146
1656	115
1657	126
1658	152
1659	129
1660	139
1661	112
1662	131
1663	106
1664	139
1665	144
1666	126
1667	134
1668	121
1669	112
1670	124
1671	126
1672	131
1673	127
1674	111
1675	132
1676	126
1677	137
1678	115
1679	128
1680	124
1681	122
1682	141
1683	145
1684	104
1685	122
1686	114
1687	122
1688	130
1689	133
1690	129
1691	113
1692	129
1693	113
1694	135
1695	126
1696	131
1697	107
1698	141
1699	102
1700	132
1701	140
1702	130
1703	113
1704	119
1705	101
1706	124
1707	123
1708	140
1709	129
1710	108
1711	111
1712	134
1713	127
1714	119
1715	102
1716	104
1717	131
1718	117
1719	120
1720	112
1721	125
1722	119
1723	138
1724	123
1725	115
1726	116
1727	121
1728	120
1729	111
1730	132
1731	108
1732	125
1733	114
1734	125
1735	149
1736	114
1737	118
1738	121
1739	117
1740	130
1741	122
1742	130
1743	117
1744	104
1745	137
1746	138
1747	126
1748	133
1749	133
1750	109
1751	133
1752	114
1753	134
1754	106
1755	110
1756	109
1757	119
1758	117
1759	137
1760	115
1761	129
1762	123
1763	124
1764	97
1765	129
1766	136
1767	120
1768	108
1769	129
1770	117
1771	114
1772	119
1773	117
1774	122
1775	126
1776	150
1777	127
1778	129
1779	120
1780	121
1781	108
1782	114
1783	109
1784	114
1785	100
1786	116
1787	102
1788	129
1789	131
1790	127
1791	131
1792	126
1793	120
1794	112
1795	114
1796	147
1797	123
1798	110
1799	117
1800	111
1801	107
1802	120
1803	118
1804	119
1805	125
1806	127
1807	113
1808	126
1809	99
1810	112
1811	140
1812	123
1813	124
1814	108
1815	118
1816	118
1817	117
1818	120
1819	123
1820	132
1821	126
1822	119
1823	120
1824	123
1825	136
1826	134
1827	133
1828	135
1829	134
1830	114
1831	128
1832	111
1833	131
1834	124
1835	128
1836	115
1837	128
1838	124
1839	144
1840	121
1841	129
1842	134
1843	133
1844	126
1845	116
1846	106
1847	133
1848	138
1849	109
1850	118
1851	117
1852	134
1853	123
1854	123
1855	126
1856	126
1857	117
1858	122
1859	115
1860	137
1861	113
1862	111
1863	135
1864	119
1865	120
1866	111
1867	125
1868	119
1869	131
1870	115
1871	121
1872	119
1873	145
1874	125
1875	128
1876	127
1877	109
1878	122
1879	113
1880	119
1881	124
1882	129
1883	137
1884	127
1885	110
1886	125
1887	114
1888	104
1889	142
1890	114
1891	129
1892	143
1893	110
1894	106
1895	132
1896	108
1897	132
1898	111
1899	134
1900	102
1901	121
1902	115
1903	133
1904	136
1905	146
1906	123
1907	103
1908	109
1909	108
1910	115
1911	137
1912	124
1913	128
1914	107
1915	121
1916	123
1917	121
1918	109
1919	115
1920	130
1921	120
1922	119
1923	120
1924	113
1925	125
1926	122
1927	120
1928	112
1929	131
1930	111
1931	114
1932	117
1933	120
1934	108
1935	137
1936	123
1937	110
1938	129
1939	135
1940	130
1941	134
1942	119
1943	118
1944	104
1945	128
1946	123
1947	113
1948	110
1949	137
1950	143
1951	124
1952	120
1953	124
1954	115
1955	133
1956	127
1957	111
1958	118
1959	135
1960	132
1961	108
1962	144
1963	117
1964	112
1965	129
1966	104
1967	99
1968	111
1969	132
1970	133
1971	127
1972	137
1973	158
1974	117
1975	131
1976	118
1977	115
1978	105
1979	109
1980	123
1981	113
1982	120
1983	121
1984	121
1985	127
1986	118
1987	119
1988	139
1989	126
1990	111
1991	118
1992	103
1993	137
1994	124
1995	117
1996	111
1997	101
1998	121
1999	121
2000	102
2001	124
2002	129
2003	127
2004	121
2005	135
2006	127
2007	135
2008	113
2009	88
2010	120
2011	119
2012	113
2013	124
2014	99
2015	127
2016	125
2017	118
2018	135
2019	117
2020	139
2021	149
2022	123
2023	109
2024	121
2025	130
2026	139
2027	129
2028	117
2029	129
2030	129
2031	132
2032	116
2033	104
2034	118
2035	106
2036	109
2037	119
2038	106
2039	119
2040	116
2041	108
2042	112
2043	125
2044	147
2045	121
2046	130
2047	116
2048	122
2049	129
2050	108
2051	115
2052	112
2053	129
2054	114
2055	106
2056	127
2057	140
2058	143
2059	113
2060	119
2061	110
2062	123
2063	108
2064	104
2065	115
2066	117
2067	137
2068	126
2069	113
2070	112
2071	117
2072	103
2073	116
2074	116
2075	130
2076	101
2077	115
2078	105
2079	131
2080	114
2081	118
2082	109
2083	123
2084	126
2085	114
2086	121
2087	120
2088	110
2089	123
2090	125
2091	136
2092	135
2093	129
2094	130
2095	124
2096	122
2097	121
2098	118
2099	138
2100	115
2101	124
2102	118
2103	134
2104	120
2105	133
2106	117
2107	132
2108	130
2109	124
2110	113
2111	136
2112	133
2113	130
2114	129
2115	101
2116	115
2117	120
2118	130
2119	140
2120	122
2121	129
2122	125
2123	121
2124	109
2125	141
2126	120
2127	108
2128	134
2129	124
2130	115
2131	131
2132	116
2133	118
2134	140
2135	135
2136	117
2137	129
2138	143
2139	128
2140	122
2141	131
2142	130
2143	114
2144	126
2145	113
2146	120
2147	120
2148	116
2149	130
2150	136
2151	120
2152	149
2153	126
2154	120
2155	106
2156	120
2157	113
2158	110
2159	109
2160	110
2161	128
2162	114
2163	111
2164	115
2165	131
2166	118
2167	110
2168	123
2169	122
2170	127
2171	139
2172	136
2173	106
2174	124
2175	120
2176	124
2177	137
2178	123
2179	110
2180	130
2181	107
2182	129
2183	117
2184	126
2185	117
2186	130
2187	113
2188	115
2189	111
2190	123
2191	107
2192	122
2193	128
2194	111
2195	122
2196	128
2197	112
2198	116
2199	132
2200	129
2201	132
2202	121
2203	126
2204	100
2205	129
2206	103
2207	115
2208	123
2209	106
2210	108
2211	132
2212	110
2213	109
2214	118
2215	114
2216	125
2217	107
2218	103
2219	119
2220	123
2221	116
2222	119
2223	117
2224	129
2225	131
2226	125
2227	112
2228	114
2229	124
2230	128
2231	104
2232	134
2233	108
2234	130
2235	123
2236	118
2237	113
2238	120
2239	112
2240	123
2241	110
2242	99
2243	113
2244	113
2245	132
2246	115
2247	142
2248	125
2249	131
2250	122
2251	119
2252	115
2253	123
2254	106
2255	133
2256	104
2257	113
2258	112
2259	124
2260	114
2261	123
2262	128
2263	135
2264	133
2265	143
2266	81
2267	112
2268	113
2269	117
2270	103
2271	124
2272	115
2273	134
2274	122
2275	143
2276	129
2277	138
2278	111
2279	120
2280	116
2281	103
2282	124
2283	119
2284	114
2285	134
2286	133
2287	135
2288	108
2289	110
2290	140
2291	108
2292	132
2293	126
2294	121
2295	127
2296	116
2297	127
2298	132
2299	122
2300	111
2301	113
2302	119
2303	117
2304	116
2305	109
2306	119
2307	120
2308	114
2309	119
2310	127
2311	128
2312	121
2313	118
2314	131
2315	128
2316	120
2317	124
2318	116
2319	112
2320	110
2321	132
2322	103
2323	117
2324	105
2325	128
2326	118
2327	121
2328	111
2329	112
2330	128
2331	135
2332	122
2333	96
2334	116
2335	111
2336	112
2337	126
2338	119
2339	102
2340	128
2341	110
2342	127
2343	120
2344	111
2345	104
2346	121
2347	128
2348	130
2349	129
2350	109
2351	111
2352	138
2353	129
2354	101
2355	97
2356	114
2357	118
2358	129
2359	133
2360	112
2361	127
2362	112
2363	105
2364	130
2365	126
2366	114
2367	131
2368	130
2369	145
2370	106
2371	109
2372	126
2373	111
2374	119
2375	98
2376	143
2377	122
2378	128
2379	134
2380	126
2381	122
2382	125
2383	114
2384	134
2385	132
2386	122
2387	125
2388	137
2389	136
2390	134
2391	119
2392	128
2393	110
2394	115
2395	108
2396	134
2397	115
2398	113
2399	125
2400	118
2401	102
2402	122
2403	123
2404	135
2405	125
2406	123
2407	114
2408	126
2409	132
2410	111
2411	126
2412	120
2413	119
2414	123
2415	133
2416	104
2417	107
2418	109
2419	121
2420	133
2421	131
2422	122
2423	98
2424	115
2425	115
2426	113
2427	136
2428	112
2429	110
2430	112
2431	111
2432	106
2433	136
2434	152
2435	138
2436	123
2437	109
2438	112
2439	123
2440	130
2441	115
2442	126
2443	124
2444	130
2445	121
2446	131
2447	124
2448	116
2449	121
2450	118
2451	124
2452	101
2453	117
2454	127
2455	119
2456	123
2457	150
2458	121
2459	115
2460	130
2461	114
2462	124
2463	108
2464	137
2465	102
2466	143
2467	128
2468	132
2469	149
2470	124
2471	111
2472	119
2473	124
2474	117
2475	108
2476	124
2477	137
2478	122
2479	129
2480	115
2481	140
2482	106
2483	133
2484	134
2485	140
2486	105
2487	122
2488	123
2489	118
2490	118
2491	141
2492	121
2493	129
2494	132
2495	118
2496	110
2497	132
2498	126
2499	124
2500	129
2501	119
2502	110
2503	122
2504	131
2505	100
2506	111
2507	94
2508	148
2509	100
2510	123
2511	122
2512	122
2513	123
2514	134
2515	125
2516	125
2517	128
2518	131
2519	124
2520	122
2521	119
2522	124
2523	128
2524	126
2525	123
2526	111
2527	118
2528	138
2529	139
2530	115
2531	128
2532	152
2533	127
2534	143
2535	136
2536	129
2537	100
2538	112
2539	138
2540	110
2541	123
2542	125
2543	131
2544	130
2545	109
2546	108
2547	129
2548	131
2549	124
2550	125
2551	135
2552	124
2553	128
2554	137
2555	127
2556	115
2557	143
2558	114
2559	112
2560	125
2561	110
2562	158
2563	135
2564	117
2565	137
2566	126
2567	120
2568	142
2569	126
2570	137
2571	131
2572	111
2573	129
2574	102
2575	126
2576	138
2577	131
2578	160
2579	105
2580	134
2581	121
2582	122
2583	117
2584	154
2585	133
2586	121
2587	129
2588	120
2589	143
2590	114
2591	113
2592	129
2593	132
2594	127
2595	142
2596	130
2597	132
2598	141
2599	130
2600	132
2601	129
2602	131
2603	112
2604	125
2605	135
2606	115
2607	106
2608	107
2609	121
2610	125
2611	127
2612	141
2613	134
2614	145
2615	143
2616	126
2617	114
2618	142
2619	131
2620	137
2621	126
2622	137
2623	118
2624	133
2625	115
2626	149
2627	142
2628	142
2629	150
2630	130
2631	112
2632	143
2633	126
2634	121
2635	130
2636	131
2637	115
2638	125
2639	147
2640	120
2641	150
2642	131
2643	113
2644	134
2645	134
2646	142
2647	143
2648	121
2649	145
2650	143
2651	126
2652	109
2653	129
2654	154
2655	143
2656	130
2657	129
2658	134
2659	152
2660	122
2661	111
2662	118
2663	153
2664	117
2665	142
2666	132
2667	146
2668	138
2669	136
2670	137
2671	149
2672	133
2673	137
2674	138
2675	138
2676	116
2677	134
2678	129
2679	141
2680	153
2681	124
2682	118
2683	124
2684	126
2685	140
2686	131
2687	142
2688	108
2689	124
2690	137
2691	125
2692	151
2693	136
2694	138
2695	139
2696	127
2697	123
2698	124
2699	135
2700	146
2701	144
2702	136
2703	124
2704	134
2705	137
2706	144
2707	157
2708	113
2709	134
2710	151
2711	135
2712	144
2713	141
2714	122
2715	108
2716	153
2717	131
2718	135
2719	137
2720	132
2721	135
2722	147
2723	114
2724	132
2725	128
2726	130
2727	139
2728	125
2729	127
2730	161
2731	133
2732	124
2733	126
2734	129
2735	165
2736	130
2737	133
2738	159
2739	149
2740	119
2741	127
2742	138
2743	152
2744	135
2745	143
2746	144
2747	135
2748	131
2749	135
2750	125
2751	132
2752	134
2753	140
2754	139
2755	165
2756	154
2757	145
2758	151
2759	116
2760	147
2761	138
2762	136
2763	147
2764	134
2765	139
2766	131
2767	137
2768	117
2769	137
2770	165
2771	115
2772	131
2773	115
2774	126
2775	131
2776	149
2777	151
2778	124
2779	138
2780	115
2781	147
2782	115
2783	130
2784	149
2785	155
2786	146
2787	110
2788	123
2789	134
2790	104
2791	131
2792	136
2793	140
2794	137
2795	134
2796	145
2797	150
2798	128
2799	130
2800	121
2801	127
2802	134
2803	144
2804	137
2805	115
2806	130
2807	144
2808	131
2809	131
2810	105
2811	121
2812	121
2813	120
2814	124
2815	129
2816	115
2817	134
2818	142
2819	128
2820	125
2821	138
2822	144
2823	123
2824	130
2825	100
2826	156
2827	117
2828	129
2829	116
2830	117
2831	145
2832	139
2833	114
2834	127
2835	134
2836	117
2837	145
2838	112
2839	109
2840	117
2841	124
2842	120
2843	112
2844	133
2845	129
2846	127
2847	141
2848	120
2849	116
2850	104
2851	134
2852	140
2853	112
2854	127
2855	127
2856	139
2857	143
2858	130
2859	146
2860	135
2861	136
2862	148
2863	107
2864	127
2865	122
2866	125
2867	131
2868	125
2869	128
2870	142
2871	118
2872	131
2873	139
2874	126
2875	120
2876	139
2877	144
2878	129
2879	111
2880	115
2881	118
2882	118
2883	135
2884	125
2885	122
2886	110
2887	134
2888	118
2889	129
2890	120
2891	136
2892	136
2893	134
2894	132
2895	112
2896	134
2897	123
2898	96
2899	101
2900	107
2901	125
2902	117
2903	119
2904	113
2905	124
2906	126
2907	127
2908	129
2909	134
2910	121
2911	103
2912	143
2913	109
2914	111
2915	103
2916	112
2917	128
2918	113
2919	137
2920	128
2921	133
2922	109
2923	125
2924	140
2925	117
2926	115
2927	123
2928	116
2929	130
2930	110
2931	124
2932	115
2933	111
2934	118
2935	138
2936	129
2937	135
2938	125
2939	104
2940	110
2941	112
2942	95
2943	110
2944	117
2945	106
2946	111
2947	122
2948	121
2949	121
2950	105
2951	124
2952	109
2953	120
2954	98
2955	110
2956	97
2957	114
2958	118
2959	118
2960	92
2961	122
2962	103
2963	123
2964	113
2965	114
2966	112
2967	102
2968	101
2969	104
2970	89
2971	100
2972	116
2973	104
2974	101
2975	108
2976	103
2977	123
2978	113
2979	102
2980	108
2981	106
2982	119
2983	95
2984	113
2985	99
2986	104
2987	110
2988	102
2989	99
2990	115
2991	110
2992	105
2993	123
2994	114
2995	98
2996	107
2997	112
2998	104
2999	102
3000	89
3001	130
3002	102
3003	108
3004	93
3005	98
3006	92
3007	108
3008	111
3009	97
3010	93
3011	98
3012	117
3013	89
3014	104
3015	82
3016	87
3017	87
3018	91
3019	98
3020	79
3021	92
3022	90
3023	94
3024	99
3025	91
3026	105
3027	103
3028	91
3029	94
3030	90
3031	90
3032	91
3033	97
3034	76
3035	94
3036	103
3037	83
3038	79
3039	90
3040	95
3041	100
3042	95
3043	93
3044	100
3045	67
3046	86
3047	107
3048	101
3049	81
3050	88
3051	87
3052	80
3053	87
3054	104
3055	111
3056	85
3057	91
3058	90
3059	107
3060	113
3061	96
3062	85
3063	87
3064	79
3065	84
3066	105
3067	79
3068	103
3069	86
3070	104
3071	109
3072	101
3073	91
3074	73
3075	86
3076	88
3077	93
3078	88
3079	83
3080	91
3081	89
3082	89
3083	91
3084	80
3085	85
3086	95
3087	96
3088	97
3089	93
3090	75
3091	76
3092	87
3093	96
3094	103
3095	84
3096	87
3097	92
3098	99
3099	87
3100	67
3101	77
3102	86
3103	74
3104	92
3105	86
3106	89
3107	78
3108	74
3109	89
3110	89
3111	92
3112	104
3113	88
3114	78
3115	92
3116	84
3117	90
3118	73
3119	78
3120	96
3121	94
3122	99
3123	84
3124	103
3125	88
3126	78
3127	90
3128	96
3129	83
3130	75
3131	70
3132	92
3133	76
3134	100
3135	93
3136	86
3137	90
3138	98
3139	75
3140	59
3141	83
3142	86
3143	89
3144	66
3145	98
3146	62
3147	80
3148	95
3149	91
3150	80
3151	78
3152	87
3153	82
3154	75
3155	85
3156	76
3157	89
3158	84
3159	80
3160	89
3161	74
3162	79
3163	71
3164	68
3165	74
3166	75
3167	67
3168	81
3169	59
3170	72
3171	84
3172	76
3173	82
3174	95
3175	74
3176	80
3177	63
3178	91
3179	75
3180	89
3181	75
3182	79
3183	82
3184	79
3185	92
3186	88
3187	66
3188	74
3189	91
3190	80
3191	84
3192	86
3193	87
3194	70
3195	87
3196	81
3197	66
3198	84
3199	78
3200	86
3201	72
3202	64
3203	69
3204	75
3205	71
3206	78
3207	68
3208	70
3209	100
3210	72
3211	66
3212	97
3213	101
3214	66
3215	72
3216	73
3217	83
3218	82
3219	81
3220	64
3221	66
3222	77
3223	79
3224	78
3225	75
3226	79
3227	66
3228	68
3229	82
3230	70
3231	87
3232	81
3233	70
3234	67
3235	96
3236	71
3237	87
3238	69
3239	70
3240	75
3241	76
3242	64
3243	72
3244	71
3245	65
3246	86
3247	79
3248	72
3249	86
3250	83
3251	84
3252	87
3253	66
3254	78
3255	82
3256	74
3257	83
3258	71
3259	92
3260	90
3261	76
3262	83
3263	61
3264	83
3265	68
3266	67
3267	64
3268	85
3269	66
3270	74
3271	75
3272	77
3273	78
3274	55
3275	76
3276	82
3277	72
3278	71
3279	70
3280	79
3281	77
3282	79
3283	78
3284	77
3285	71
3286	70
3287	75
3288	65
3289	83
3290	77
3291	69
3292	67
3293	82
3294	71
3295	54
3296	78
3297	88
3298	80
3299	73
3300	70
3301	65
3302	84
3303	69
3304	62
3305	67
3306	58
3307	72
3308	70
3309	88
3310	68
3311	78
3312	60
3313	68
3314	68
3315	73
3316	73
3317	79
3318	66
3319	62
3320	60
3321	69
3322	74
3323	74
3324	72
3325	60
3326	71
3327	57
3328	72
3329	82
3330	63
3331	71
3332	62
3333	57
3334	89
3335	82
3336	69
3337	73
3338	63
3339	72
3340	80
3341	58
3342	77
3343	70
3344	81
3345	46
3346	71
3347	65
3348	65
3349	62
3350	59
3351	63
3352	69
3353	57
3354	63
3355	64
3356	65
3357	62
3358	61
3359	57
3360	80
3361	63
3362	58
3363	69
3364	68
3365	70
3366	65
3367	69
3368	65
3369	75
3370	67
3371	65
3372	60
3373	65
3374	77
3375	64
3376	66
3377	64
3378	66
3379	69
3380	62
3381	71
3382	73
3383	64
3384	52
3385	55
3386	63
3387	59
3388	54
3389	45
3390	66
3391	64
3392	66
3393	62
3394	57
3395	58
3396	67
3397	66
3398	67
3399	67
3400	73
3401	70
3402	70
3403	67
3404	60
3405	58
3406	68
3407	56
3408	69
3409	88
3410	81
3411	77
3412	56
3413	55
3414	73
3415	62
3416	68
3417	50
3418	61
3419	54
3420	69
3421	64
3422	68
3423	55
3424	75
3425	59
3426	74
3427	75
3428	69
3429	71
3430	70
3431	54
3432	79
3433	53
3434	79
3435	62
3436	77
3437	70
3438	67
3439	60
3440	85
3441	79
3442	68
3443	72
3444	75
3445	61
3446	65
3447	75
3448	98
3449	73
3450	70
3451	71
3452	73
3453	71
3454	74
3455	66
3456	74
3457	77
3458	89
3459	83
3460	77
3461	88
3462	71
3463	79
3464	88
3465	89
3466	84
3467	82
3468	108
3469	97
3470	103
3471	100
3472	102
3473	97
3474	100
3475	83
3476	96
3477	99
3478	84
3479	91
3480	114
3481	78
3482	104
3483	108
3484	101
3485	99
3486	107
3487	128
3488	104
3489	95
3490	88
3491	105
3492	116
3493	111
3494	108
3495	113
3496	124
3497	120
3498	115
3499	110
3500	120
3501	122
3502	131
3503	129
3504	131
3505	143
3506	129
3507	127
3508	124
3509	118
3510	121
3511	145
3512	123
3513	155
3514	123
3515	146
3516	172
3517	148
3518	151
3519	156
3520	158
3521	144
3522	142
3523	147
3524	155
3525	162
3526	172
3527	139
3528	185
3529	173
3530	168
3531	163
3532	167
3533	182
3534	167
3535	173
3536	182
3537	169
3538	173
3539	182
3540	187
3541	164
3542	181
3543	177
3544	196
3545	181
3546	203
3547	186
3548	172
3549	205
3550	172
3551	194
3552	205
3553	194
3554	228
3555	231
3556	205
3557	238
3558	223
3559	237
3560	265
3561	226
3562	253
3563	261
3564	235
3565	230
3566	235
3567	218
3568	247
3569	254
3570	248
3571	238
3572	258
3573	218
3574	243
3575	215
3576	273
3577	235
3578	281
3579	270
3580	251
3581	267
3582	232
3583	261
3584	271
3585	290
3586	287
3587	275
3588	254
3589	287
3590	275
3591	300
3592	295
3593	301
3594	307
3595	293
3596	247
3597	274
3598	268
3599	303
3600	317
3601	289
3602	319
3603	306
3604	293
3605	330
3606	319
3607	290
3608	293
3609	323
3610	321
3611	316
3612	307
3613	327
3614	320
3615	334
3616	335
3617	357
3618	319
3619	287
3620	358
3621	304
3622	334
3623	311
3624	313
3625	343
3626	333
3627	341
3628	324
3629	347
3630	328
3631	330
3632	329
3633	355
3634	356
3635	345
3636	319
3637	365
3638	330
3639	351
3640	358
3641	347
3642	345
3643	344
3644	369
3645	348
3646	372
3647	377
3648	344
3649	351
3650	346
3651	373
3652	350
3653	370
3654	404
3655	350
3656	353
3657	337
3658	357
3659	340
3660	341
3661	340
3662	338
3663	367
3664	337
3665	321
3666	335
3667	345
3668	354
3669	382
3670	320
3671	336
3672	355
3673	338
3674	350
3675	339
3676	343
3677	336
3678	351
3679	354
3680	337
3681	345
3682	326
3683	348
3684	372
3685	336
3686	337
3687	353
3688	353
3689	344
3690	340
3691	315
3692	355
3693	325
3694	355
3695	321
3696	337
3697	307
3698	299
3699	341
3700	304
3701	311
3702	331
3703	335
3704	326
3705	308
3706	327
3707	329
3708	314
3709	283
3710	343
3711	293
3712	323
3713	308
3714	286
3715	319
3716	281
3717	287
3718	296
3719	275
3720	282
3721	269
3722	266
3723	278
3724	242
3725	282
3726	283
3727	306
3728	281
3729	270
3730	260
3731	256
3732	274
3733	296
3734	236
3735	251
3736	280
3737	253
3738	247
3739	238
3740	252
3741	236
3742	219
3743	259
3744	241
3745	231
3746	235
3747	207
3748	259
3749	226
3750	229
3751	232
3752	213
3753	209
3754	214
3755	203
3756	215
3757	205
3758	220
3759	195
3760	203
3761	182
3762	215
3763	201
3764	193
3765	179
3766	174
3767	214
3768	190
3769	181
3770	189
3771	187
3772	164
3773	176
3774	154
3775	174
3776	180
3777	156
3778	159
3779	155
3780	167
3781	160
3782	157
3783	156
3784	159
3785	151
3786	153
3787	133
3788	165
3789	148
3790	120
3791	132
3792	129
3793	146
3794	131
3795	137
3796	110
3797	135
3798	114
3799	133
3800	108
3801	113
3802	112
3803	119
3804	134
3805	108
3806	123
3807	100
3808	99
3809	94
3810	111
3811	98
3812	95
3813	75
3814	105
3815	99
3816	103
3817	88
3818	86
3819	85
3820	76
3821	94
3822	90
3823	92
3824	89
3825	101
3826	92
3827	85
3828	88
3829	75
3830	72
3831	84
3832	79
3833	78
3834	66
3835	83
3836	61
3837	59
3838	70
3839	51
3840	69
3841	72
3842	68
3843	75
3844	59
3845	68
3846	68
3847	56
3848	49
3849	58
3850	56
3851	66
3852	56
3853	49
3854	57
3855	36
3856	50
3857	68
3858	49
3859	58
3860	53
3861	49
3862	40
3863	46
3864	55
3865	45
3866	46
3867	55
3868	49
3869	40
3870	50
3871	55
3872	42
3873	53
3874	43
3875	51
3876	50
3877	48
3878	40
3879	41
3880	48
3881	49
3882	41
3883	38
3884	46
3885	60
3886	54
3887	47
3888	44
3889	44
3890	44
3891	49
3892	45
3893	42
3894	44
3895	39
3896	39
3897	36
3898	48
3899	47
3900	45
3901	36
3902	40
3903	37
3904	37
3905	46
3906	47
3907	36
3908	46
3909	43
3910	44
3911	49
3912	41
3913	34
3914	46
3915	55
3916	33
3917	43
3918	40
3919	50
3920	43
3921	52
3922	53
3923	41
3924	51
3925	43
3926	43
3927	38
3928	53
3929	37
3930	44
3931	49
3932	47
3933	51
3934	48
3935	57
3936	42
3937	43
3938	49
3939	44
3940	58
3941	55
3942	59
3943	59
3944	63
3945	58
3946	62
3947	49
3948	53
3949	71
3950	66
3951	55
3952	74
3953	66
3954	55
3955	63
3956	65
3957	76
3958	66
3959	73
3960	65
3961	80
3962	64
3963	76
3964	70
3965	72
3966	79
3967	83
3968	71
3969	76
3970	82
3971	90
3972	96
3973	90
3974	95
3975	81
3976	91
3977	87
3978	98
3979	84
3980	78
3981	86
3982	114
3983	106
3984	89
3985	100
3986	101
3987	98
3988	95
3989	106
3990	117
3991	110
3992	112
3993	122
3994	116
3995	118
3996	125
3997	118
3998	105
3999	121
4000	131
4001	119
4002	113
4003	99
4004	116
4005	109
4006	149
4007	140
4008	154
4009	119
4010	118
4011	122
4012	119
4013	130
4014	141
4015	162
4016	152
4017	145
4018	120
4019	156
4020	158
4021	168
4022	127
4023	145
4024	164
4025	158
4026	149
4027	139
4028	180
4029	167
4030	162
4031	160
4032	175
4033	172
4034	168
4035	174
4036	177
4037	184
4038	174
4039	181
4040	187
4041	202
4042	178
4043	179
4044	191
4045	174
4046	200
4047	178
4048	203
4049	198
4050	176
4051	186
4052	209
4053	181
4054	188
4055	194
4056	191
4057	211
4058	194
4059	217
4060	217
4061	187
4062	235
4063	218
4064	196
4065	229
4066	233
4067	195
4068	219
4069	225
4070	222
4071	243
4072	201
4073	218
4074	236
4075	221
4076	224
4077	213
4078	229
4079	225
4080	237
4081	230
4082	239
4083	256
4084	220
4085	231
4086	253
4087	240
4088	242
4089	219
4090	263
4091	246
4092	249
4093	250
4094	274
4095	260
4096	258
4097	266
4098	257
4099	284
4100	291
4101	246
4102	270
4103	274
4104	295
4105	257
4106	252
4107	302
4108	297
4109	237
4110	311
4111	297
4112	250
4113	264
4114	282
4115	280
4116	275
4117	270
4118	276
4119	263
4120	303
4121	291
4122	276
4123	264
4124	267
4125	249
4126	271
4127	307
4128	268
4129	283
4130	268
4131	262
4132	272
4133	288
4134	300
4135	328
4136	291
4137	252
4138	288
4139	298
4140	315
4141	284
4142	241
4143	318
4144	299
4145	270
4146	282
4147	269
4148	273
4149	287
4150	247
4151	298
4152	290
4153	271
4154	278
4155	291
4156	277
4157	281
4158	263
4159	284
4160	304
4161	281
4162	291
4163	290
4164	292
4165	268
4166	313
4167	271
4168	285
4169	322
4170	257
4171	262
4172	263
4173	270
4174	233
4175	275
4176	284
4177	256
4178	253
4179	256
4180	274
4181	258
4182	275
4183	262
4184	247
4185	280
4186	264
4187	242
4188	256
4189	262
4190	224
4191	238
4192	257
4193	226
4194	252
4195	261
4196	255
4197	257
4198	236
4199	216
4200	248
4201	240
4202	249
4203	231
4204	256
4205	237
4206	252
4207	231
4208	230
4209	234
4210	252
4211	229
4212	232
4213	211
4214	248
4215	187
4216	222
4217	219
4218	225
4219	212
4220	213
4221	215
4222	202
4223	217
4224	222
4225	205
4226	244
4227	212
4228	185
4229	191
4230	206
4231	196
4232	223
4233	226
4234	186
4235	177
4236	191
4237	172
4238	178
4239	199
4240	176
4241	159
4242	173
4243	192
4244	161
4245	191
4246	162
4247	181
4248	164
4249	185
4250	155
4251	145
4252	142
4253	160
4254	164
4255	148
4256	149
4257	164
4258	136
4259	144
4260	150
4261	161
4262	138
4263	136
4264	125
4265	152
4266	139
4267	108
4268	141
4269	129
4270	145
4271	127
4272	119
4273	131
4274	127
4275	129
4276	99
4277	117
4278	123
4279	112
4280	126
4281	125
4282	119
4283	122
4284	96
4285	120
4286	106
4287	113
4288	98
4289	106
4290	109
4291	110
4292	89
4293	88
4294	98
4295	90
4296	94
4297	88
4298	90
4299	99
4300	90
4301	86
4302	72
4303	76
4304	84
4305	71
4306	67
4307	87
4308	67
4309	86
4310	80
4311	80
4312	80
4313	70
4314	78
4315	77
4316	59
4317	76
4318	72
4319	51
4320	68
4321	68
4322	66
4323	65
4324	55
4325	77
4326	63
4327	63
4328	56
4329	48
4330	58
4331	60
4332	53
4333	39
4334	54
4335	50
4336	49
4337	57
4338	48
4339	50
4340	48
4341	46
4342	43
4343	43
4344	47
4345	47
4346	39
4347	46
4348	46
4349	45
4350	35
4351	31
4352	45
4353	28
4354	39
4355	29
4356	40
4357	39
4358	37
4359	34
4360	31
4361	33
4362	30
4363	29
4364	43
4365	30
4366	30
4367	26
4368	25
4369	22
4370	29
4371	27
4372	36
4373	33
4374	18
4375	19
4376	27
4377	22
4378	20
4379	28
4380	29
4381	20
4382	25
4383	29
4384	24
4385	18
4386	16
4387	22
4388	11
4389	21
4390	23
4391	19
4392	13
4393	20
4394	14
4395	25
4396	11
4397	20
4398	23
4399	16
4400	17
4401	16
4402	16
4403	21
4404	14
4405	24
4406	9
4407	10
4408	10
4409	17
4410	16
4411	15
4412	21
4413	14
4414	16
4415	14
4416	16
4417	13
4418	17
4419	13
4420	7
4421	11
4422	14
4423	10
4424	16
4425	12
4426	12
4427	12
4428	13
4429	10
4430	17
4431	6
4432	11
4433	23
4434	7
4435	12
4436	17
4437	4
4438	11
4439	10
4440	10
4441	11
4442	6
4443	15
4444	10
4445	6
4446	15
4447	5
4448	8
4449	8
4450	8
4451	9
4452	10
4453	4
4454	11
4455	6
4456	9
4457	9
4458	4
4459	12
4460	6
4461	7
4462	12
4463	8
4464	4
4465	8
4466	9
4467	12
4468	7
4469	8
4470	5
4471	10
4472	7
4473	9
4474	5
4475	9
4476	5
4477	11
4478	8
4479	9
4480	4
4481	7
4482	2
4483	4
4484	4
4485	10
4486	14
4487	10
4488	4
4489	11
4490	7
4491	5
4492	9
4493	7
4494	6
4495	6
4496	2
4497	11
4498	9
4499	10
4500	3
4501	6
4502	8
4503	6
4504	8
4505	8
4506	7
4507	4
4508	9
4509	10
4510	5
4511	6
4512	2
4513	4
4514	8
4515	4
4516	6
4517	8
4518	9
4519	9
4520	3
4521	8
4522	3
4523	8
4524	3
4525	8
4526	12
4527	6
4528	6
4529	7
4530	6
4531	7
4532	3
4533	5
4534	3
4535	6
4536	3
4537	5
4538	7
4539	5
4540	4
4541	11
4542	2
4543	9
4544	10
4545	6
4546	10
4547	5
4548	11
4549	6
4550	5
4551	3
4552	7
4553	3
4554	6
4555	5
4556	11
4557	7
4558	5
4559	5
4560	4
4561	6
4562	4
4563	8
4564	3
4565	6
4566	8
4567	8
4568	6
4569	3
4570	0
4571	0
4572	3
4573	2
4574	8
4575	2
4576	4
4577	5
4578	4
4579	6
4580	4
4581	4
4582	7
4583	5
4584	3
4585	5
4586	5
4587	3
4588	4
4589	5
4590	2
4591	5
4592	6
4593	4
4594	3
4595	4
4596	2
4597	7
4598	6
4599	9
4600	8
4601	5
4602	4
4603	7
4604	6
4605	8
4606	7
4607	9
4608	4
4609	6
4610	3
4611	5
4612	6
4613	6
4614	6
4615	2
4616	2
4617	8
4618	4
4619	0
4620	2
4621	7
4622	6
4623	5
4624	9
4625	5
4626	5
4627	3
4628	5
4629	2
4630	0
4631	6
4632	5
4633	3
4634	3
4635	4
4636	3
4637	4
4638	3
4639	5
4640	4
4641	4
4642	7
4643	0
4644	2
4645	8
4646	4
4647	3
4648	5
4649	3
4650	4
4651	4
4652	2
4653	6
4654	4
4655	3
4656	2
4657	3
4658	2
4659	4
4660	4
4661	1
4662	4
4663	6
4664	1
4665	4
4666	5
4667	4
4668	9
4669	1
4670	3
4671	0
4672	0
4673	2
4674	1
4675	3
4676	2
4677	2
4678	2
4679	2
4680	7
4681	7
4682	1
4683	7
4684	3
4685	3
4686	2
4687	5
4688	3
4689	4
4690	3
4691	6
4692	5
4693	3
4694	4
4695	3
4696	1
4697	1
4698	2
4699	4
4700	4
4701	3
4702	2
4703	1
4704	4
4705	4
4706	1
4707	5
4708	1
4709	3
4710	0
4711	3
4712	1
4713	2
4714	2
4715	5
4716	1
4717	2
4718	1
4719	3
4720	2
4721	0
4722	3
4723	4
4724	0
4725	3
4726	0
4727	3
4728	3
4729	6
4730	2
4731	1
4732	3
4733	0
4734	1
4735	2
4736	4
4737	3
4738	2
4739	1
4740	1
4741	0
4742	2
4743	2
4744	1
4745	2
4746	1
4747	2
4748	0
4749	0
4750	3
4751	1
4752	2
4753	4
4754	0
4755	2
4756	1
4757	2
4758	2
4759	1
4760	5
4761	2
4762	2
4763	6
4764	0
4765	0
4766	1
4767	3
4768	0
4769	0
4770	1
4771	1
4772	3
4773	1
4774	1
4775	1
4776	1
4777	1
4778	1
4779	3
4780	3
4781	1
4782	3
4783	0
4784	0
4785	3
4786	2
4787	4
4788	0
4789	3
4790	2
4791	2
4792	0
4793	2
4794	3
4795	3
4796	2
4797	0
4798	2
4799	3
4800	4
4801	0
4802	2
4803	1
4804	1
4805	2
4806	1
4807	1
4808	1
4809	2
4810	1
4811	3
4812	1
4813	0
4814	1
4815	0
4816	3
4817	2
4818	1
4819	3
4820	0
4821	1
4822	1
4823	0
4824	2
4825	2
4826	1
4827	1
4828	4
4829	3
4830	2
4831	2
4832	1
4833	3
4834	3
4835	3
4836	1
4837	2
4838	2
4839	3
4840	2
4841	0
4842	4
4843	2
4844	3
4845	2
4846	0
4847	1
4848	1
4849	4
4850	4
4851	2
4852	0
4853	2
4854	2
4855	2
4856	0
4857	3
4858	3
4859	1
4860	2
4861	2
4862	2
4863	0
4864	1
4865	1
4866	3
4867	3
4868	2
4869	3
4870	2
4871	1
4872	0
4873	1
4874	0
4875	2
4876	2
4877	1
4878	1
4879	2
4880	1
4881	4
4882	1
4883	2
4884	1
4885	3
4886	1
4887	2
4888	2
4889	1
4890	1
4891	1
4892	3
4893	3
4894	4
4895	0
4896	5
4897	0
4898	1
4899	1
4900	1
4901	6
4902	2
4903	0
4904	2
4905	0
4906	2
4907	4
4908	1
4909	1
4910	1
4911	2
4912	2
4913	1
4914	0
4915	1
4916	2
4917	0
4918	1
4919	0
4920	2
4921	1
4922	1
4923	4
4924	0
4925	5
4926	2
4927	1
4928	1
4929	3
4930	2
4931	2
4932	2
4933	5
4934	0
4935	1
4936	3
4937	2
4938	1
4939	3
4940	2
4941	1
4942	0
4943	0
4944	2
4945	0
4946	1
4947	2
4948	2
4949	1
4950	1
4951	1
4952	0
4953	1
4954	4
4955	5
4956	2
4957	1
4958	3
4959	2
4960	0
4961	2
4962	1
4963	1
4964	1
4965	0
4966	0
4967	1
4968	0
4969	1
4970	0
4971	2
4972	0
4973	2
4974	1
4975	3
4976	2
4977	1
4978	1
4979	4
4980	3
4981	3
4982	0
4983	0
4984	0
4985	3
4986	2
4987	2
4988	1
4989	1
4990	2
4991	1
4992	2
4993	1
4994	0
4995	3
4996	2
4997	1
4998	0
4999	3
5000	2
5001	1
5002	1
5003	0
5004	2
5005	2
5006	0
5007	1
5008	2
5009	2
5010	2
5011	1
5012	2
5013	2
5014	0
5015	1
5016	2
5017	1
5018	0
5019	1
5020	1
5021	0
5022	1
5023	3
5024	1
5025	2
5026	3
5027	0
5028	1
5029	3
5030	2
5031	3
5032	1
5033	2
5034	0
5035	3
5036	3
5037	0
5038	1
5039	3
5040	1
5041	2
5042	0
5043	1
5044	2
5045	2
5046	2
5047	6
5048	3
5049	0
5050	2
5051	3
5052	1
5053	2
5054	2
5055	1
5056	2
5057	1
5058	2
5059	0
5060	3
5061	1
5062	3
5063	1
5064	1
5065	3
5066	0
5067	1
5068	0
5069	2
5070	1
5071	0
5072	0
5073	0
5074	2
5075	1
5076	2
5077	0
5078	2
5079	0
5080	2
5081	1
5082	1
5083	1
5084	1
5085	1
5086	2
5087	2
5088	2
5089	5
5090	2
5091	0
5092	2
5093	2
5094	1
5095	0
5096	3
5097	0
5098	1
5099	1
5100	2
5101	0
5102	0
5103	1
5104	2
5105	3
5106	2
5107	4
5108	2
5109	1
5110	2
5111	0
5112	0
5113	1
5114	1
5115	1
5116	2
5117	1
5118	1
5119	3
5120	0
5121	4
5122	2
5123	1
5124	0
5125	1
5126	2
5127	1
5128	0
5129	1
5130	3
5131	2
5132	2
5133	0
5134	0
5135	0
5136	3
5137	2
5138	1
5139	0
5140	1
5141	1
5142	2
5143	2
5144	5
5145	0
5146	2
5147	1
5148	2
5149	0
5150	3
5151	1
5152	0
5153	3
5154	2
5155	1
5156	1
5157	2
5158	2
5159	1
5160	1
5161	2
5162	2
5163	2
5164	0
5165	2
5166	2
5167	2
5168	1
5169	1
5170	0
5171	0
5172	1
5173	0
5174	3
5175	0
5176	1
5177	1
5178	0
5179	1
5180	2
5181	1
5182	0
5183	2
5184	2
5185	1
5186	1
5187	5
5188	1
5189	0
5190	1
5191	3
5192	0
5193	1
5194	0
5195	0
5196	1
5197	1
5198	2
5199	2
5200	1
5201	0
5202	2
5203	3
5204	3
5205	1
5206	1
5207	0
5208	0
5209	0
5210	1
5211	2
5212	0
5213	0
5214	1
5215	3
5216	2
5217	3
5218	3
5219	2
5220	0
5221	0
5222	0
5223	1
5224	0
5225	5
5226	4
5227	3
5228	2
5229	0
5230	1
5231	0
5232	3
5233	2
5234	1
5235	2
5236	2
5237	1
5238	2
5239	2
5240	0
5241	1
5242	2
5243	0
5244	2
5245	1
5246	4
5247	1
5248	2
5249	1
5250	2
5251	1
5252	2
5253	4
5254	0
5255	1
5256	0
5257	2
5258	0
5259	1
5260	0
5261	2
5262	3
5263	1
5264	3
5265	4
5266	3
5267	1
5268	2
5269	3
5270	3
5271	0
5272	4
5273	1
5274	1
5275	2
5276	2
5277	0
5278	3
5279	2
5280	0
5281	2
5282	0
5283	2
5284	4
5285	1
5286	2
5287	2
5288	0
5289	1
5290	2
5291	1
5292	0
5293	1
5294	2
5295	2
5296	1
5297	1
5298	1
5299	0
5300	0
5301	2
5302	1
5303	2
5304	0
5305	1
5306	1
5307	3
5308	0
5309	2
5310	4
5311	1
5312	2
5313	0
5314	3
5315	0
5316	1
5317	1
5318	0
5319	3
5320	3
5321	0
5322	0
5323	1
5324	2
5325	1
5326	2
5327	1
5328	1
5329	0
5330	1
5331	0
5332	1
5333	2
5334	1
5335	1
5336	3
5337	0
5338	2
5339	2
5340	0
5341	1
5342	1
5343	1
5344	0
5345	1
5346	1
5347	1
5348	0
5349	1
5350	3
5351	2
5352	0
5353	5
5354	0
5355	0
5356	5
5357	2
5358	3
5359	0
5360	0
5361	1
5362	2
5363	1
5364	0
5365	2
5366	0
5367	1
5368	2
5369	5
5370	2
5371	0
5372	2
5373	0
5374	2
5375	1
5376	0
5377	1
5378	4
5379	1
5380	1
5381	2
5382	0
5383	3
5384	2
5385	1
5386	4
5387	2
5388	1
5389	2
5390	1
5391	1
5392	0
5393	2
5394	2
5395	1
5396	1
5397	2
5398	2
5399	2
5400	3
5401	2
5402	0
5403	3
5404	0
5405	2
5406	3
5407	0
5408	1
5409	2
5410	2
5411	2
5412	1
5413	2
5414	1
5415	1
5416	4
5417	2
5418	3
5419	3
5420	2
5421	0
5422	2
5423	2
5424	1
5425	2
5426	1
5427	0
5428	1
5429	0
5430	0
5431	1
5432	1
5433	1
5434	1
5435	4
5436	1
5437	0
5438	2
5439	0
5440	3
5441	0
5442	3
5443	3
5444	0
5445	0
5446	2
5447	2
5448	3
5449	1
5450	3
5451	0
5452	1
5453	3
5454	0
5455	0
5456	0
5457	0
5458	3
5459	3
5460	2
5461	0
5462	1
5463	1
5464	0
5465	0
5466	2
5467	0
5468	2
5469	2
5470	3
5471	1
5472	0
5473	1
5474	2
5475	3
5476	1
5477	1
5478	0
5479	1
5480	1
5481	3
5482	0
5483	3
5484	0
5485	2
5486	3
5487	0
5488	2
5489	0
5490	1
5491	1
5492	3
5493	0
5494	1
5495	0
5496	4
5497	2
5498	3
5499	0
5500	2
5501	3
5502	1
5503	2
5504	2
5505	1
5506	1
5507	2
5508	2
5509	0
5510	1
5511	0
5512	1
5513	2
5514	2
5515	2
5516	2
5517	3
5518	1
5519	2
5520	1
5521	0
5522	2
5523	3
5524	1
5525	0
5526	2
5527	5
5528	1
5529	0
5530	1
5531	2
5532	2
5533	0
5534	1
5535	1
5536	0
5537	3
5538	1
5539	3
5540	2
5541	1
5542	2
5543	2
5544	0
5545	1
5546	1
5547	1
5548	2
5549	1
5550	0
5551	0
5552	1
5553	2
5554	3
5555	1
5556	1
5557	4
5558	0
5559	1
5560	2
5561	0
5562	1
5563	1
5564	1
5565	0
5566	1
5567	2
5568	0
5569	2
5570	0
5571	1
5572	2
5573	2
5574	0
5575	0
5576	1
5577	0
5578	2
5579	1
5580	2
5581	3
5582	1
5583	0
5584	2
5585	2
5586	0
5587	1
5588	0
5589	1
5590	0
5591	1
5592	0
5593	0
5594	0
5595	4
5596	0
5597	0
5598	0
5599	1
5600	1
5601	2
5602	0
5603	1
5604	1
5605	1
5606	2
5607	1
5608	2
5609	1
5610	2
5611	1
5612	1
5613	0
5614	1
5615	0
5616	1
5617	3
5618	4
5619	1
5620	1
5621	1
5622	4
5623	1
5624	1
5625	0
5626	0
5627	0
5628	2
5629	2
5630	2
5631	1
5632	0
5633	1
5634	1
5635	2
5636	2
5637	2
5638	1
5639	2
5640	2
5641	1
5642	3
5643	2
5644	0
5645	1
5646	1
5647	1
5648	1
5649	1
5650	0
5651	0
5652	1
5653	1
5654	1
5655	1
5656	0
5657	2
5658	0
5659	1
5660	1
5661	0
5662	1
5663	1
5664	0
5665	0
5666	0
5667	2
5668	0
5669	1
5670	0
5671	1
5672	1
5673	1
5674	1
5675	0
5676	1
5677	1
5678	0
5679	2
5680	2
5681	0
5682	2
5683	1
5684	3
5685	3
5686	1
5687	1
5688	1
5689	1
5690	1
5691	0
5692	2
5693	1
5694	2
5695	1
5696	3
5697	2
5698	2
5699	0
5700	1
5701	1
5702	0
5703	1
5704	0
5705	2
5706	0
5707	1
5708	0
5709	2
5710	1
5711	1
5712	2
5713	0
5714	0
5715	0
5716	0
5717	1
5718	2
5719	2
5720	0
5721	1
5722	1
5723	0
5724	2
5725	0
5726	3
5727	1
5728	1
5729	2
5730	1
5731	1
5732	4
5733	0
5734	0
5735	0
5736	0
5737	3
5738	1
5739	2
5740	0
5741	3
5742	1
5743	1
5744	0
5745	1
5746	1
5747	0
5748	1
5749	1
5750	0
5751	1
5752	1
5753	3
5754	0
5755	3
5756	0
5757	1
5758	0
5759	4
5760	0
5761	1
5762	1
5763	2
5764	0
5765	0
5766	2
5767	0
5768	1
5769	1
5770	1
5771	0
5772	1
5773	1
5774	1
5775	0
5776	0
5777	1
5778	1
5779	1
5780	0
5781	0
5782	1
5783	1
5784	1
5785	1
5786	0
5787	1
5788	0
5789	1
5790	2
5791	2
5792	1
5793	1
5794	1
5795	1
5796	0
5797	0
5798	1
5799	1
5800	4
5801	0
5802	0
5803	1
5804	2
5805	1
5806	2
5807	4
5808	1
5809	0
5810	1
5811	0
5812	1
5813	0
5814	3
5815	1
5816	0
5817	0
5818	1
5819	3
5820	0
5821	0
5822	1
5823	1
5824	0
5825	2
5826	1
5827	0
5828	1
5829	0
5830	2
5831	0
5832	0
5833	2
5834	1
5835	1
5836	1
5837	1
5838	0
5839	1
5840	1
5841	0
5842	0
5843	2
5844	1
5845	1
5846	0
5847	1
5848	2
5849	1
5850	0
5851	0
5852	1
5853	1
5854	1
5855	1
5856	0
5857	0
5858	2
5859	2
5860	0
5861	0
5862	1
5863	1
5864	2
5865	1
5866	4
5867	0
5868	2
5869	1
5870	1
5871	1
5872	0
5873	0
5874	1
5875	1
5876	1
5877	0
5878	2
5879	3
5880	2
5881	1
5882	1
5883	1
5884	1
5885	1
5886	0
5887	1
5888	0
5889	1
5890	0
5891	0
5892	0
5893	1
5894	3
5895	2
5896	3
5897	0
5898	1
5899	0
5900	2
5901	0
5902	0
5903	1
5904	0
5905	0
5906	2
5907	0
5908	0
5909	0
5910	0
5911	1
5912	1
5913	1
5914	1
5915	2
5916	0
5917	2
5918	0
5919	1
5920	0
5921	4
5922	0
5923	0
5924	1
5925	1
5926	0
5927	0
5928	0
5929	0
5930	2
5931	3
5932	1
5933	1
5934	1
5935	0
5936	0
5937	1
5938	1
5939	2
5940	0
5941	1
5942	1
5943	4
5944	1
5945	0
5946	1
5947	1
5948	0
5949	0
5950	0
5951	0
5952	2
5953	0
5954	0
5955	2
5956	1
5957	0
5958	3
5959	0
5960	2
5961	0
5962	1
5963	2
5964	1
5965	1
5966	0
5967	0
5968	0
5969	5
5970	0
5971	1
5972	2
5973	2
5974	0
5975	2
5976	1
5977	0
5978	0
5979	3
5980	1
5981	1
5982	1
5983	0
5984	0
5985	0
5986	1
5987	2
5988	0
5989	3
5990	1
5991	0
5992	1
5993	0
5994	0
5995	1
5996	2
5997	0
5998	0
5999	1
6000	0
6001	0
6002	2
6003	2
6004	0
6005	2
6006	0
6007	1
6008	0
6009	1
6010	0
6011	0
6012	1
6013	2
6014	1
6015	1
6016	2
6017	1
6018	0
6019	0
6020	0
6021	1
6022	1
6023	0
6024	2
6025	0
6026	1
6027	1
6028	1
6029	1
6030	1
6031	2
6032	0
6033	0
6034	2
6035	0
6036	2
6037	0
6038	0
6039	1
6040	0
6041	1
6042	0
6043	0
6044	0
6045	0
6046	1
6047	0
6048	1
6049	0
6050	1
6051	0
6052	2
6053	2
6054	0
6055	1
6056	0
6057	0
6058	1
6059	0
6060	0
6061	0
6062	3
6063	1
6064	2
6065	0
6066	1
6067	2
6068	1
6069	0
6070	0
6071	0
6072	0
6073	1
6074	0
6075	1
6076	1
6077	0
6078	0
6079	1
6080	0
6081	0
6082	0
6083	0
6084	1
6085	2
6086	0
6087	1
6088	1
6089	2
6090	1
6091	0
6092	1
6093	0
6094	0
6095	3
6096	0
6097	1
6098	1
6099	1
6100	2
6101	0
6102	0
6103	1
6104	1
6105	0
6106	1
6107	0
6108	0
6109	0
6110	2
6111	0
6112	1
6113	1
6114	0
6115	0
6116	2
6117	2
6118	1
6119	0
6120	1
6121	0
6122	0
6123	1
6124	1
6125	2
6126	2
6127	0
6128	1
6129	2
6130	0
6131	3
6132	1
6133	0
6134	2
6135	1
6136	0
6137	0
6138	1
6139	0
6140	0
6141	0
6142	1
6143	1
6144	5
6145	0
6146	0
6147	1
6148	0
6149	0
6150	1
6151	0
6152	0
6153	1
6154	0
6155	1
6156	0
6157	1
6158	2
6159	1
6160	0
6161	0
6162	0
6163	2
6164	0
6165	0
6166	0
6167	1
6168	1
6169	1
6170	3
6171	2
6172	1
6173	1
6174	0
6175	0
6176	4
6177	0
6178	1
6179	0
6180	0
6181	1
6182	1
6183	2
6184	1
6185	2
6186	2
6187	0
6188	0
6189	0
6190	0
6191	1
6192	0
6193	1
6194	1
6195	0
6196	0
6197	1
6198	1
6199	0
6200	0
6201	0
6202	2
6203	2
6204	1
6205	0
6206	1
6207	3
6208	0
6209	2
6210	0
6211	1
6212	0
6213	1
6214	3
6215	1
6216	1
6217	2
6218	1
6219	1
6220	1
6221	0
6222	1
6223	1
6224	1
6225	0
6226	1
6227	1
6228	1
6229	0
6230	0
6231	2
6232	0
6233	1
6234	1
6235	0
6236	1
6237	2
6238	2
6239	0
6240	2
6241	0
6242	0
6243	0
6244	1
6245	1
6246	3
6247	1
6248	0
6249	2
6250	0
6251	1
6252	2
6253	0
6254	0
6255	1
6256	1
6257	0
6258	0
6259	2
6260	0
6261	0
6262	2
6263	2
6264	0
6265	0
6266	0
6267	1
6268	1
6269	1
6270	0
6271	0
6272	0
6273	2
6274	0
6275	1
6276	1
6277	0
6278	2
6279	0
6280	1
6281	2
6282	3
6283	0
6284	1
6285	0
6286	1
6287	0
6288	2
6289	1
6290	2
6291	0
6292	1
6293	0
6294	1
6295	1
6296	2
6297	0
6298	2
6299	1
6300	0
6301	2
6302	0
6303	2
6304	0
6305	1
6306	0
6307	1
6308	1
6309	0
6310	2
6311	0
6312	1
6313	0
6314	2
6315	0
6316	0
6317	0
6318	0
6319	2
6320	0
6321	0
6322	1
6323	1
6324	1
6325	1
6326	2
6327	0
6328	1
6329	2
6330	1
6331	0
6332	1
6333	0
6334	1
6335	2
6336	0
6337	0
6338	0
6339	0
6340	0
6341	2
6342	1
6343	1
6344	2
6345	1
6346	0
6347	2
6348	1
6349	2
6350	0
6351	0
6352	1
6353	1
6354	1
6355	0
6356	1
6357	0
6358	1
6359	0
6360	1
6361	2
6362	2
6363	0
6364	1
6365	0
6366	1
6367	0
6368	0
6369	1
6370	0
6371	1
6372	0
6373	2
6374	1
6375	0
6376	2
6377	3
6378	0
6379	3
6380	2
6381	1
6382	0
6383	1
6384	0
6385	1
6386	1
6387	2
6388	0
6389	3
6390	1
6391	2
6392	4
6393	1
6394	1
6395	3
6396	2
6397	0
6398	0
6399	1
6400	1
6401	0
6402	1
6403	3
6404	1
6405	1
6406	0
6407	0
6408	0
6409	1
6410	1
6411	4
6412	1
6413	2
6414	0
6415	1
6416	0
6417	1
6418	0
6419	4
6420	1
6421	0
6422	1
6423	0
6424	1
6425	2
6426	0
6427	0
6428	1
6429	1
6430	2
6431	1
6432	0
6433	0
6434	0
6435	0
6436	1
6437	1
6438	1
6439	2
6440	0
6441	1
6442	1
6443	1
6444	1
6445	1
6446	1
6447	4
6448	1
6449	1
6450	1
6451	0
6452	0
6453	2
6454	1
6455	1
6456	2
6457	0
6458	0
6459	0
6460	2
6461	1
6462	1
6463	0
6464	1
6465	0
6466	3
6467	1
6468	0
6469	1
6470	0
6471	0
6472	2
6473	2
6474	1
6475	1
6476	2
6477	0
6478	1
6479	0
6480	1
6481	1
6482	0
6483	0
6484	0
6485	0
6486	1
6487	0
6488	2
6489	0
6490	2
6491	2
6492	1
6493	0
6494	1
6495	1
6496	0
6497	0
6498	1
6499	1
6500	0
6501	0
6502	1
6503	2
6504	0
6505	1
6506	1
6507	1
6508	0
6509	0
6510	1
6511	0
6512	1
6513	0
6514	2
6515	0
6516	1
6517	0
6518	0
6519	1
6520	1
6521	0
6522	0
6523	0
6524	0
6525	1
6526	2
6527	0
6528	1
6529	0
6530	0
6531	0
6532	0
6533	0
6534	0
6535	3
6536	1
6537	0
6538	0
6539	0
6540	0
6541	2
6542	0
6543	0
6544	3
6545	1
6546	0
6547	1
6548	1
6549	2
6550	1
6551	2
6552	0
6553	3
6554	0
6555	0
6556	1
6557	0
6558	1
6559	0
6560	0
6561	1
6562	0
6563	0
6564	3
6565	0
6566	0
6567	0
6568	1
6569	1
6570	1
6571	0
6572	1
6573	3
6574	1
6575	3
6576	4
6577	1
6578	1
6579	0
6580	0
6581	1
6582	1
6583	2
6584	0
6585	2
6586	0
6587	1
6588	2
6589	0
6590	2
6591	1
6592	1
6593	1
6594	0
6595	1
6596	1
6597	0
6598	0
6599	1
6600	1
6601	2
6602	0
6603	1
6604	1
6605	0
6606	1
6607	1
6608	2
6609	0
6610	2
6611	0
6612	2
6613	1
6614	0
6615	4
6616	0
6617	0
6618	1
6619	3
6620	0
6621	0
6622	1
6623	0
6624	1
6625	3
6626	1
6627	1
6628	1
6629	0
6630	0
6631	0
6632	0
6633	2
6634	1
6635	1
6636	2
6637	0
6638	0
6639	0
6640	1
6641	0
6642	0
6643	0
6644	1
6645	0
6646	3
6647	1
6648	0
6649	1
6650	1
6651	0
6652	3
6653	1
6654	1
6655	0
6656	1
6657	1
6658	0
6659	0
6660	0
6661	1
6662	1
6663	0
6664	4
6665	1
6666	1
6667	0
6668	1
6669	1
6670	1
6671	0
6672	4
6673	1
6674	1
6675	2
6676	1
6677	0
6678	0
6679	1
6680	0
6681	0
6682	0
6683	3
6684	1
6685	2
6686	2
6687	1
6688	1
6689	2
6690	2
6691	2
6692	0
6693	0
6694	1
6695	0
6696	0
6697	1
6698	0
6699	0
6700	1
6701	1
6702	4
6703	0
6704	2
6705	0
6706	1
6707	1
6708	2
6709	3
6710	0
6711	0
6712	1
6713	2
6714	0
6715	3
6716	0
6717	0
6718	2
6719	0
6720	0
6721	2
6722	1
6723	1
6724	1
6725	1
6726	1
6727	1
6728	1
6729	1
6730	3
6731	0
6732	3
6733	0
6734	1
6735	2
6736	1
6737	1
6738	1
6739	0
6740	1
6741	2
6742	1
6743	1
6744	0
6745	1
6746	2
6747	1
6748	0
6749	1
6750	0
6751	1
6752	1
6753	2
6754	1
6755	1
6756	0
6757	1
6758	1
6759	0
6760	2
6761	1
6762	0
6763	0
6764	1
6765	1
6766	1
6767	1
6768	0
6769	1
6770	1
6771	0
6772	1
6773	1
6774	0
6775	3
6776	2
6777	1
6778	2
6779	1
6780	2
6781	0
6782	1
6783	1
6784	1
6785	1
6786	1
6787	1
6788	2
6789	0
6790	0
6791	1
6792	1
6793	4
6794	1
6795	0
6796	2
6797	1
6798	0
6799	2
6800	3
6801	0
6802	2
6803	1
6804	0
6805	1
6806	0
6807	0
6808	0
6809	3
6810	0
6811	1
6812	1
6813	1
6814	0
6815	1
6816	0
6817	0
6818	1
6819	2
6820	2
6821	0
6822	0
6823	0
6824	1
6825	0
6826	2
6827	2
6828	1
6829	2
6830	2
6831	0
6832	2
6833	1
6834	2
6835	1
6836	1
6837	2
6838	0
6839	1
6840	3
6841	0
6842	2
6843	0
6844	0
6845	1
6846	0
6847	0
6848	0
6849	0
6850	0
6851	0
6852	0
6853	0
6854	2
6855	1
6856	1
6857	0
6858	1
6859	1
6860	0
6861	0
6862	0
6863	0
6864	0
6865	0
6866	1
6867	1
6868	0
6869	1
6870	0
6871	1
6872	0
6873	1
6874	2
6875	1
6876	1
6877	0
6878	0
6879	0
6880	1
6881	0
6882	0
6883	1
6884	1
6885	2
6886	3
6887	1
6888	0
6889	0
6890	1
6891	2
6892	0
6893	0
6894	1
6895	2
6896	2
6897	1
6898	1
6899	1
6900	0
6901	2
6902	0
6903	1
6904	3
6905	0
6906	0
6907	3
6908	2
6909	0
6910	2
6911	2
6912	0
6913	1
6914	0
6915	1
6916	0
6917	1
6918	0
6919	0
6920	2
6921	1
6922	1
6923	2
6924	0
6925	1
6926	0
6927	1
6928	1
6929	0
6930	0
6931	0
6932	0
6933	0
6934	1
6935	0
6936	1
6937	0
6938	2
6939	1
6940	1
6941	1
6942	0
6943	1
6944	1
6945	1
6946	0
6947	1
6948	2
6949	1
6950	0
6951	0
6952	1
6953	1
6954	2
6955	2
6956	1
6957	1
6958	1
6959	0
6960	0
6961	1
6962	0
6963	1
6964	1
6965	0
6966	0
6967	0
6968	1
6969	2
6970	2
6971	0
6972	0
6973	1
6974	3
6975	2
6976	0
6977	2
6978	2
6979	2
6980	2
6981	2
6982	0
6983	0
6984	1
6985	1
6986	1
6987	1
6988	0
6989	1
6990	3
6991	0
6992	0
6993	0
6994	2
6995	2
6996	0
6997	0
6998	0
6999	0
7000	0
7001	2
7002	1
7003	2
7004	0
7005	0
7006	2
7007	4
7008	1
7009	1
7010	0
7011	1
7012	0
7013	2
7014	3
7015	0
7016	2
7017	1
7018	0
7019	0
7020	1
7021	0
7022	1
7023	1
7024	0
7025	0
7026	1
7027	0
7028	1
7029	0
7030	1
7031	0
7032	1
7033	1
7034	1
7035	0
7036	0
7037	1
7038	2
7039	1
7040	1
7041	2
7042	1
7043	1
7044	2
7045	0
7046	1
7047	1
7048	0
7049	0
7050	1
7051	0
7052	1
7053	2
7054	1
7055	0
7056	0
7057	1
7058	0
7059	0
7060	0
7061	1
7062	0
7063	1
7064	1
7065	0
7066	1
7067	2
7068	1
7069	0
7070	0
7071	0
7072	1
7073	0
7074	0
7075	1
7076	0
7077	0
7078	0
7079	2
7080	0
7081	0
7082	1
7083	0
7084	0
7085	0
7086	0
7087	0
7088	1
7089	2
7090	1
7091	0
7092	2
7093	0
7094	0
7095	3
7096	1
7097	1
7098	0
7099	0
7100	0
7101	0
7102	0
7103	1
7104	0
7105	2
7106	1
7107	4
7108	0
7109	0
7110	0
7111	0
7112	0
7113	0
7114	1
7115	1
7116	1
7117	0
7118	1
7119	1
7120	0
7121	0
7122	0
7123	1
7124	0
7125	3
7126	0
7127	1
7128	0
7129	1
7130	1
7131	1
7132	0
7133	1
7134	0
7135	1
7136	0
7137	0
7138	0
7139	0
7140	1
7141	0
7142	0
7143	0
7144	0
7145	0
7146	0
7147	1
7148	0
7149	1
7150	0
7151	0
7152	1
7153	1
7154	0
7155	1
7156	0
7157	2
7158	0
7159	0
7160	0
7161	2
7162	1
7163	0
7164	1
7165	0
7166	0
7167	0
7168	1
7169	0
7170	3
7171	1
7172	0
7173	1
7174	1
7175	0
7176	1
7177	1
7178	2
7179	0
7180	2
7181	0
7182	0
7183	0
7184	2
7185	4
7186	1
7187	1
7188	0
7189	0
7190	1
7191	1
7192	0
7193	0
7194	0
7195	2
7196	0
7197	0
7198	1
7199	1
7200	1
7201	0
7202	0
7203	1
7204	2
7205	0
7206	0
7207	0
7208	0
7209	1
7210	1
7211	1
7212	0
7213	1
7214	1
7215	1
7216	0
7217	0
7218	0
7219	2
7220	0
7221	0
7222	0
7223	0
7224	0
7225	0
7226	1
7227	1
7228	0
7229	0
7230	0
7231	2
7232	1
7233	0
7234	0
7235	0
7236	0
7237	0
7238	0
7239	1
7240	2
7241	1
7242	0
7243	0
7244	0
7245	1
7246	2
7247	0
7248	2
7249	0
7250	1
7251	1
7252	0
7253	0
7254	1
7255	0
7256	0
7257	0
7258	1
7259	1
7260	0
7261	0
7262	1
7263	0
7264	0
7265	0
7266	1
7267	0
7268	0
7269	1
7270	0
7271	0
7272	0
7273	0
7274	0
7275	1
7276	1
7277	0
7278	0
7279	0
7280	2
7281	2
7282	1
7283	0
7284	0
7285	0
7286	0
7287	0
7288	1
7289	0
7290	0
7291	1
7292	0
7293	0
7294	1
7295	0
7296	0
7297	0
7298	0
7299	0
7300	2
7301	0
7302	0
7303	1
7304	0
7305	0
7306	0
7307	0
7308	1
7309	0
7310	1
7311	0
7312	0
7313	0
7314	0
7315	0
7316	1
7317	0
7318	1
7319	0
7320	1
7321	0
7322	0
7323	0
7324	2
7325	1
7326	0
7327	1
7328	1
7329	0
7330	0
7331	0
7332	0
7333	0
7334	0
7335	0
7336	0
7337	0
7338	0
7339	1
7340	0
7341	0
7342	1
7343	0
7344	1
7345	0
7346	0
7347	0
7348	0
7349	0
7350	0
7351	1
7352	0
7353	1
7354	0
7355	2
7356	1
7357	2
7358	1
7359	1
7360	0
7361	0
7362	0
7363	0
7364	0
7365	1
7366	1
7367	1
7368	0
7369	1
7370	0
7371	0
7372	0
7373	0
7374	0
7375	0
7376	1
7377	0
7378	0
7379	0
7380	0
7381	2
7382	0
7383	0
7384	0
7385	1
7386	1
7387	0
7388	1
7389	0
7390	0
7391	1
7392	0
7393	0
7394	0
7395	0
7396	3
7397	0
7398	0
7399	0
7400	0
7401	0
7402	0
7403	2
7404	0
7405	1
7406	0
7407	0
7408	0
7409	0
7410	0
7411	0
7412	1
7413	0
7414	0
7415	1
7416	0
7417	1
7418	0
7419	0
7420	0
7421	0
7422	1
7423	1
7424	0
7425	0
7426	2
7427	1
7428	0
7429	0
7430	1
7431	0
7432	0
7433	0
7434	1
7435	0
7436	0
7437	0
7438	1
7439	0
7440	0
7441	1
7442	0
7443	0
7444	0
7445	1
7446	0
7447	1
7448	1
7449	0
7450	0
7451	0
7452	0
7453	0
7454	0
7455	1
7456	0
7457	2
7458	0
7459	1
7460	0
7461	0
7462	0
7463	1
7464	0
7465	1
7466	0
7467	0
7468	0
7469	0
7470	0
7471	0
7472	0
7473	0
7474	0
7475	0
7476	0
7477	0
7478	1
7479	1
7480	0
7481	0
7482	2
7483	0
7484	0
7485	0
7486	0
7487	1
7488	0
7489	0
7490	1
7491	0
7492	0
7493	1
7494	0
7495	0
7496	0
7497	0
7498	0
7499	0
7500	0
7501	0
7502	0
7503	0
7504	1
7505	0
7506	0
7507	0
7508	0
7509	0
7510	1
7511	0
7512	0
7513	1
7514	0
7515	0
7516	0
7517	0
7518	0
7519	1
7520	1
7521	0
7522	1
7523	0
7524	0
7525	0
7526	1
7527	0
7528	0
7529	1
7530	0
7531	1
7532	1
7533	0
7534	0
7535	0
7536	0
7537	0
7538	1
7539	1
7540	1
7541	1
7542	0
7543	0
7544	0
7545	0
7546	0
7547	0
7548	0
7549	0
7550	0
7551	0
7552	0
7553	0
7554	0
7555	1
7556	0
7557	0
7558	0
7559	0
7560	1
7561	0
7562	0
7563	0
7564	0
7565	2
7566	1
7567	0
7568	0
7569	0
7570	0
7571	0
7572	0
7573	0
7574	0
7575	0
7576	1
7577	0
7578	0
7579	0
7580	1
7581	0
7582	0
7583	0
7584	0
7585	0
7586	0
7587	0
7588	0
7589	1
7590	1
7591	0
7592	0
7593	0
7594	0
7595	1
7596	0
7597	0
7598	1
7599	1
7600	0
7601	0
7602	0
7603	0
7604	2
7605	0
7606	0
7607	0
7608	1
7609	1
7610	1
7611	0
7612	0
7613	0
7614	0
7615	1
7616	0
7617	1
7618	1
7619	0
7620	0
7621	0
7622	0
7623	1
7624	0
7625	1
7626	0
7627	1
7628	0
7629	0
7630	0
7631	0
7632	3
7633	0
7634	0
7635	0
7636	0
7637	0
7638	0
7639	0
7640	0
7641	1
7642	0
7643	1
7644	2
7645	0
7646	0
7647	0
7648	1
7649	0
7650	0
7651	0
7652	0
7653	0
7654	1
7655	0
7656	0
7657	1
7658	0
7659	4
7660	0
7661	0
7662	0
7663	0
7664	0
7665	1
7666	0
7667	1
7668	0
7669	2
7670	0
7671	1
7672	0
7673	0
7674	0
7675	0
7676	2
7677	0
7678	1
7679	1
7680	1
7681	0
7682	0
7683	2
7684	1
7685	0
7686	0
7687	2
7688	0
7689	0
7690	0
7691	1
7692	0
7693	0
7694	1
7695	0
7696	1
7697	0
7698	2
7699	0
7700	1
7701	1
7702	0
7703	3
7704	0
7705	2
7706	1
7707	0
7708	0
7709	1
7710	1
7711	0
7712	1
7713	0
7714	1
7715	1
7716	0
7717	0
7718	0
7719	1
7720	0
7721	0
7722	1
7723	0
7724	1
7725	2
7726	1
7727	0
7728	0
7729	1
7730	1
7731	1
7732	0
7733	1
7734	0
7735	1
7736	0
7737	0
7738	3
7739	0
7740	2
7741	1
7742	0
7743	2
7744	1
7745	0
7746	0
7747	0
7748	0
7749	0
7750	0
7751	0
7752	0
7753	2
7754	0
7755	1
7756	1
7757	2
7758	1
7759	0
7760	0
7761	2
7762	1
7763	0
7764	1
7765	2
7766	2
7767	1
7768	1
7769	3
7770	1
7771	1
7772	1
7773	0
7774	1
7775	2
7776	0
7777	1
7778	1
7779	3
7780	2
7781	0
7782	2
7783	2
7784	2
7785	0
7786	0
7787	0
7788	1
7789	1
7790	1
7791	1
7792	2
7793	0
7794	2
7795	2
7796	1
7797	0
7798	2
7799	0
7800	2
7801	0
7802	1
7803	1
7804	0
7805	1
7806	1
7807	1
7808	1
7809	3
7810	0
7811	2
7812	2
7813	1
7814	1
7815	3
7816	0
7817	0
7818	0
7819	0
7820	6
7821	1
7822	1
7823	1
7824	0
7825	1
7826	1
7827	2
7828	1
7829	3
7830	0
7831	3
7832	1
7833	2
7834	1
7835	1
7836	1
7837	2
7838	1
7839	0
7840	2
7841	1
7842	2
7843	2
7844	2
7845	1
7846	1
7847	2
7848	3
7849	1
7850	1
7851	1
7852	0
7853	1
7854	1
7855	1
7856	1
7857	0
7858	0
7859	1
7860	0
7861	1
7862	1
7863	1
7864	2
7865	2
7866	2
7867	0
7868	1
7869	3
7870	0
7871	0
7872	0
7873	2
7874	0
7875	0
7876	1
7877	1
7878	1
7879	2
7880	0
7881	1
7882	1
7883	2
7884	0
7885	1
7886	0
7887	0
7888	0
7889	1
7890	2
7891	3
7892	0
7893	2
7894	1
7895	1
7896	1
7897	2
7898	2
7899	2
7900	0
7901	1
7902	1
7903	1
7904	0
7905	0
7906	0
7907	0
7908	0
7909	2
7910	1
7911	1
7912	0
7913	4
7914	1
7915	1
7916	0
7917	3
7918	1
7919	3
7920	2
7921	0
7922	0
7923	0
7924	0
7925	1
7926	1
7927	0
7928	3
7929	2
7930	1
7931	1
7932	0
7933	0
7934	0
7935	0
7936	1
7937	1
7938	1
7939	1
7940	2
7941	0
7942	3
7943	1
7944	1
7945	3
7946	1
7947	0
7948	2
7949	1
7950	1
7951	1
7952	1
7953	0
7954	0
7955	1
7956	0
7957	0
7958	0
7959	2
7960	1
7961	0
7962	2
7963	0
7964	1
7965	0
7966	4
7967	2
7968	1
7969	2
7970	0
7971	1
7972	1
7973	2
7974	0
7975	2
7976	3
7977	0
7978	2
7979	1
7980	1
7981	1
7982	1
7983	1
7984	2
7985	0
7986	0
7987	0
7988	0
7989	3
7990	0
7991	2
7992	3
7993	1
7994	0
7995	1
7996	2
7997	0
7998	0
7999	0
8000	1
8001	0
8002	1
8003	1
8004	2
8005	2
8006	1
8007	0
8008	2
8009	2
8010	0
8011	3
8012	0
8013	0
8014	0
8015	3
8016	0
8017	0
8018	0
8019	0
8020	0
8021	0
8022	0
8023	0
8024	0
8025	0
8026	0
8027	0
8028	0
8029	0
8030	0
8031	0
8032	0
8033	0
8034	0
8035	0
8036	0
8037	0
8038	0
8039	0
8040	0
8041	0
8042	0
8043	0
8044	0
8045	0
8046	0
8047	0
8048	0
8049	0
8050	0
8051	0
8052	0
8053	0
8054	0
8055	0
8056	0
8057	0
8058	0
8059	0
8060	0
8061	0
8062	0
8063	0
8064	0
8065	0
8066	0
8067	0
8068	0
8069	0
8070	0
8071	0
8072	0
8073	0
8074	0
8075	0
8076	0
8077	0
8078	0
8079	0
8080	0
8081	0
8082	0
8083	0
8084	0
8085	0
8086	0
8087	0
8088	0
8089	0
8090	0
8091	0
8092	0
8093	0
8094	0
8095	0
8096	0
8097	0
8098	0
8099	0
8100	0
8101	0
8102	0
8103	0
8104	0
8105	0
8106	0
8107	0
8108	0
8109	0
8110	0
8111	0
8112	0
8113	0
8114	0
8115	0
8116	0
8117	0
8118	0
8119	0
8120	0
8121	0
8122	0
8123	0
8124	0
8125	0
8126	0
8127	0
8128	0
8129	0
8130	0
8131	0
8132	0
8133	0
8134	0
8135	0
8136	0
8137	0
8138	0
8139	0
8140	0
8141	0
8142	0
8143	0
8144	0
8145	0
8146	0
8147	0
8148	0
8149	0
8150	0
8151	0
8152	0
8153	0
8154	0
8155	0
8156	0
8157	0
8158	0
8159	0
8160	0
8161	0
8162	0
8163	0
8164	0
8165	0
8166	0
8167	0
8168	0
8169	0
8170	0
8171	0
8172	0
8173	0
8174	0
8175	0
8176	0
8177	0
8178	0
8179	0
8180	0
8181	0
8182	0
8183	0
8184	0
8185	0
8186	0
8187	0
8188	0
8189	0
8190	0
8191	0
