0	0
1	0
2	0
3	0
4	0
5	0
6	0
7	0
8	0
9	0
10	0
11	0
12	0
13	0
14	0
15	0
16	0
17	0
18	0
19	0
20	0
21	0
22	0
23	0
24	0
25	0
26	0
27	0
28	1
29	0
30	0
31	0
32	0
33	0
34	0
35	0
36	0
37	0
38	0
39	0
40	0
41	0
42	0
43	5
44	30
45	95
46	85
47	97
48	100
49	95
50	121
51	80
52	102
53	95
54	88
55	81
56	81
57	71
58	90
59	102
60	95
61	93
62	91
63	76
64	95
65	90
66	85
67	92
68	85
69	111
70	90
71	80
72	100
73	83
74	80
75	79
76	95
77	89
78	84
79	88
80	102
81	95
82	96
83	93
84	93
85	85
86	103
87	98
88	91
89	118
90	97
91	87
92	92
93	101
94	93
95	85
96	110
97	85
98	100
99	100
100	88
101	78
102	93
103	108
104	94
105	87
106	78
107	105
108	92
109	75
110	94
111	100
112	84
113	88
114	114
115	97
116	98
117	93
118	114
119	89
120	87
121	98
122	104
123	84
124	90
125	103
126	90
127	102
128	109
129	117
130	130
131	88
132	101
133	101
134	115
135	106
136	123
137	124
138	121
139	99
140	108
141	100
142	111
143	100
144	125
145	111
146	106
147	88
148	104
149	110
150	105
151	103
152	112
153	117
154	143
155	122
156	117
157	124
158	116
159	116
160	125
161	122
162	130
163	121
164	118
165	138
166	114
167	130
168	129
169	130
170	135
171	124
172	111
173	125
174	146
175	110
176	142
177	146
178	123
179	116
180	150
181	148
182	133
183	130
184	138
185	127
186	133
187	133
188	153
189	140
190	131
191	121
192	133
193	136
194	143
195	150
196	146
197	154
198	161
199	153
200	156
201	156
202	125
203	148
204	153
205	165
206	172
207	153
208	178
209	163
210	161
211	175
212	173
213	169
214	191
215	179
216	187
217	207
218	193
219	199
220	204
221	207
222	209
223	223
224	188
225	195
226	174
227	206
228	175
229	222
230	183
231	178
232	189
233	184
234	187
235	176
236	209
237	180
238	154
239	173
240	185
241	165
242	169
243	184
244	173
245	180
246	193
247	184
248	161
249	192
250	166
251	180
252	167
253	171
254	177
255	170
256	168
257	173
258	192
259	165
260	165
261	178
262	185
263	161
264	160
265	148
266	164
267	172
268	177
269	162
270	153
271	167
272	165
273	167
274	147
275	181
276	153
277	164
278	169
279	128
280	169
281	159
282	156
283	152
284	169
285	142
286	163
287	161
288	163
289	137
290	144
291	159
292	163
293	159
294	179
295	160
296	163
297	174
298	178
299	157
300	150
301	151
302	131
303	177
304	167
305	165
306	162
307	154
308	130
309	170
310	165
311	135
312	135
313	164
314	160
315	155
316	149
317	159
318	185
319	153
320	156
321	136
322	165
323	164
324	148
325	184
326	158
327	160
328	184
329	132
330	154
331	175
332	172
333	135
334	148
335	164
336	138
337	157
338	170
339	160
340	155
341	159
342	144
343	148
344	139
345	146
346	161
347	189
348	144
349	154
350	142
351	148
352	152
353	164
354	148
355	159
356	164
357	132
358	147
359	140
360	143
361	155
362	151
363	125
364	165
365	158
366	163
367	143
368	145
369	144
370	152
371	157
372	170
373	183
374	164
375	160
376	154
377	146
378	154
379	164
380	131
381	146
382	144
383	137
384	175
385	139
386	162
387	158
388	178
389	146
390	170
391	136
392	148
393	153
394	162
395	160
396	153
397	160
398	148
399	131
400	142
401	156
402	133
403	173
404	148
405	153
406	129
407	164
408	137
409	130
410	156
411	158
412	145
413	157
414	148
415	154
416	134
417	146
418	145
419	155
420	157
421	132
422	157
423	150
424	144
425	143
426	176
427	137
428	135
429	147
430	158
431	148
432	142
433	123
434	151
435	140
436	137
437	161
438	135
439	162
440	121
441	148
442	147
443	141
444	135
445	157
446	137
447	147
448	110
449	138
450	119
451	128
452	147
453	131
454	150
455	135
456	138
457	155
458	140
459	132
460	136
461	137
462	147
463	121
464	122
465	161
466	128
467	123
468	124
469	144
470	141
471	146
472	139
473	147
474	146
475	134
476	140
477	145
478	145
479	136
480	154
481	127
482	147
483	126
484	140
485	117
486	139
487	126
488	143
489	126
490	141
491	139
492	145
493	152
494	133
495	150
496	143
497	135
498	136
499	112
500	124
501	139
502	129
503	124
504	139
505	158
506	136
507	141
508	120
509	136
510	135
511	131
512	141
513	141
514	147
515	161
516	129
517	148
518	148
519	131
520	125
521	135
522	157
523	140
524	126
525	122
526	123
527	135
528	131
529	113
530	128
531	127
532	146
533	152
534	104
535	154
536	145
537	145
538	135
539	126
540	136
541	131
542	131
543	130
544	119
545	151
546	128
547	117
548	136
549	156
550	146
551	136
552	108
553	142
554	126
555	137
556	138
557	116
558	149
559	134
560	158
561	141
562	148
563	146
564	141
565	123
566	132
567	123
568	125
569	137
570	136
571	150
572	141
573	138
574	139
575	136
576	134
577	138
578	137
579	138
580	144
581	124
582	153
583	150
584	145
585	143
586	143
587	171
588	130
589	159
590	159
591	156
592	148
593	145
594	131
595	130
596	144
597	120
598	157
599	162
600	122
601	160
602	145
603	150
604	138
605	138
606	152
607	140
608	159
609	138
610	168
611	132
612	153
613	156
614	143
615	135
616	167
617	167
618	156
619	143
620	156
621	163
622	157
623	159
624	137
625	138
626	121
627	147
628	140
629	146
630	152
631	163
632	150
633	139
634	144
635	150
636	163
637	165
638	160
639	131
640	146
641	180
642	164
643	173
644	166
645	162
646	146
647	140
648	161
649	145
650	154
651	147
652	128
653	134
654	130
655	146
656	162
657	139
658	150
659	153
660	154
661	147
662	129
663	133
664	130
665	149
666	126
667	141
668	153
669	157
670	161
671	158
672	136
673	128
674	150
675	148
676	149
677	150
678	152
679	134
680	130
681	170
682	142
683	129
684	147
685	122
686	157
687	146
688	150
689	138
690	127
691	131
692	113
693	154
694	164
695	133
696	144
697	155
698	139
699	158
700	133
701	122
702	126
703	144
704	125
705	129
706	135
707	119
708	127
709	145
710	126
711	127
712	132
713	162
714	126
715	109
716	127
717	128
718	139
719	125
720	110
721	131
722	125
723	125
724	124
725	98
726	120
727	121
728	109
729	118
730	134
731	114
732	104
733	124
734	123
735	130
736	116
737	129
738	122
739	133
740	104
741	129
742	134
743	117
744	119
745	132
746	123
747	123
748	121
749	106
750	119
751	106
752	125
753	90
754	152
755	101
756	103
757	132
758	128
759	98
760	116
761	113
762	121
763	103
764	106
765	101
766	111
767	123
768	105
769	122
770	121
771	112
772	130
773	113
774	123
775	108
776	107
777	111
778	108
779	115
780	106
781	102
782	108
783	115
784	88
785	95
786	94
787	111
788	115
789	117
790	119
791	95
792	94
793	99
794	102
795	86
796	102
797	115
798	99
799	106
800	123
801	95
802	92
803	101
804	102
805	106
806	112
807	118
808	111
809	108
810	100
811	100
812	115
813	115
814	125
815	106
816	100
817	80
818	110
819	112
820	112
821	111
822	115
823	91
824	92
825	97
826	87
827	90
828	115
829	97
830	79
831	92
832	98
833	84
834	97
835	103
836	97
837	94
838	102
839	122
840	87
841	99
842	99
843	105
844	73
845	102
846	101
847	96
848	92
849	107
850	78
851	112
852	97
853	112
854	114
855	119
856	101
857	98
858	95
859	83
860	101
861	93
862	98
863	96
864	99
865	81
866	111
867	104
868	89
869	95
870	96
871	90
872	93
873	91
874	88
875	94
876	95
877	99
878	116
879	82
880	90
881	87
882	111
883	86
884	103
885	99
886	108
887	96
888	111
889	87
890	76
891	100
892	97
893	89
894	87
895	98
896	79
897	95
898	88
899	83
900	87
901	90
902	86
903	85
904	104
905	91
906	79
907	92
908	108
909	77
910	90
911	88
912	92
913	83
914	98
915	93
916	84
917	79
918	75
919	91
920	87
921	103
922	76
923	86
924	82
925	90
926	80
927	106
928	96
929	103
930	88
931	97
932	64
933	98
934	82
935	105
936	86
937	101
938	103
939	78
940	77
941	89
942	87
943	80
944	74
945	84
946	96
947	93
948	89
949	86
950	79
951	90
952	103
953	113
954	95
955	79
956	76
957	76
958	91
959	77
960	83
961	80
962	63
963	73
964	96
965	90
966	98
967	80
968	101
969	89
970	89
971	85
972	70
973	89
974	90
975	78
976	91
977	95
978	77
979	85
980	91
981	69
982	105
983	79
984	103
985	97
986	81
987	85
988	102
989	90
990	77
991	62
992	93
993	93
994	79
995	85
996	79
997	95
998	95
999	94
1000	93
1001	84
1002	72
1003	86
1004	69
1005	84
1006	94
1007	102
1008	91
1009	81
1010	91
1011	89
1012	71
1013	83
1014	85
1015	83
1016	94
1017	60
1018	97
1019	97
1020	73
1021	92
1022	71
1023	91
1024	78
1025	77
1026	87
1027	92
1028	77
1029	80
1030	79
1031	77
1032	76
1033	96
1034	76
1035	86
1036	80
1037	92
1038	79
1039	80
1040	89
1041	96
1042	66
1043	81
1044	78
1045	62
1046	90
1047	88
1048	89
1049	70
1050	83
1051	76
1052	78
1053	96
1054	72
1055	66
1056	76
1057	76
1058	79
1059	80
1060	77
1061	87
1062	78
1063	81
1064	73
1065	75
1066	84
1067	80
1068	76
1069	87
1070	80
1071	72
1072	87
1073	80
1074	82
1075	69
1076	89
1077	84
1078	93
1079	82
1080	86
1081	73
1082	71
1083	85
1084	85
1085	85
1086	90
1087	71
1088	76
1089	85
1090	72
1091	91
1092	90
1093	94
1094	72
1095	70
1096	77
1097	68
1098	74
1099	72
1100	81
1101	68
1102	77
1103	73
1104	86
1105	78
1106	70
1107	63
1108	71
1109	82
1110	62
1111	72
1112	67
1113	67
1114	74
1115	97
1116	80
1117	89
1118	64
1119	70
1120	78
1121	81
1122	72
1123	92
1124	82
1125	66
1126	82
1127	76
1128	94
1129	70
1130	82
1131	78
1132	78
1133	65
1134	81
1135	62
1136	79
1137	77
1138	79
1139	94
1140	83
1141	69
1142	77
1143	90
1144	78
1145	79
1146	87
1147	90
1148	66
1149	71
1150	69
1151	74
1152	86
1153	76
1154	77
1155	77
1156	75
1157	94
1158	88
1159	76
1160	81
1161	74
1162	70
1163	64
1164	71
1165	71
1166	81
1167	57
1168	86
1169	83
1170	85
1171	58
1172	84
1173	65
1174	76
1175	67
1176	81
1177	71
1178	84
1179	76
1180	77
1181	65
1182	72
1183	67
1184	76
1185	73
1186	84
1187	77
1188	77
1189	77
1190	73
1191	74
1192	70
1193	76
1194	76
1195	60
1196	75
1197	71
1198	79
1199	71
1200	87
1201	79
1202	84
1203	64
1204	72
1205	81
1206	71
1207	87
1208	70
1209	62
1210	78
1211	69
1212	88
1213	88
1214	66
1215	81
1216	72
1217	77
1218	81
1219	87
1220	76
1221	74
1222	81
1223	80
1224	75
1225	62
1226	61
1227	76
1228	88
1229	54
1230	65
1231	74
1232	66
1233	72
1234	89
1235	69
1236	72
1237	69
1238	63
1239	73
1240	75
1241	77
1242	68
1243	77
1244	80
1245	82
1246	74
1247	60
1248	70
1249	75
1250	78
1251	73
1252	72
1253	74
1254	74
1255	72
1256	65
1257	83
1258	86
1259	75
1260	79
1261	76
1262	78
1263	77
1264	87
1265	66
1266	77
1267	62
1268	79
1269	65
1270	79
1271	85
1272	72
1273	68
1274	60
1275	78
1276	73
1277	84
1278	85
1279	73
1280	81
1281	74
1282	59
1283	81
1284	86
1285	63
1286	76
1287	63
1288	83
1289	72
1290	81
1291	78
1292	71
1293	83
1294	69
1295	66
1296	70
1297	86
1298	69
1299	72
1300	59
1301	75
1302	76
1303	74
1304	73
1305	64
1306	80
1307	69
1308	73
1309	72
1310	74
1311	87
1312	72
1313	68
1314	67
1315	77
1316	68
1317	73
1318	65
1319	80
1320	76
1321	89
1322	78
1323	60
1324	63
1325	82
1326	77
1327	76
1328	79
1329	69
1330	66
1331	68
1332	78
1333	79
1334	62
1335	70
1336	83
1337	54
1338	85
1339	98
1340	83
1341	61
1342	93
1343	76
1344	80
1345	92
1346	72
1347	83
1348	74
1349	65
1350	70
1351	78
1352	76
1353	81
1354	73
1355	68
1356	72
1357	74
1358	89
1359	77
1360	65
1361	89
1362	92
1363	72
1364	74
1365	78
1366	77
1367	69
1368	60
1369	71
1370	71
1371	79
1372	73
1373	68
1374	69
1375	73
1376	72
1377	69
1378	76
1379	77
1380	89
1381	84
1382	71
1383	70
1384	92
1385	68
1386	67
1387	85
1388	71
1389	70
1390	76
1391	87
1392	73
1393	93
1394	75
1395	64
1396	82
1397	71
1398	65
1399	73
1400	72
1401	71
1402	70
1403	71
1404	75
1405	71
1406	86
1407	65
1408	62
1409	78
1410	77
1411	69
1412	83
1413	78
1414	72
1415	70
1416	73
1417	84
1418	82
1419	61
1420	58
1421	87
1422	74
1423	71
1424	72
1425	88
1426	92
1427	90
1428	70
1429	57
1430	73
1431	75
1432	69
1433	83
1434	75
1435	72
1436	70
1437	78
1438	74
1439	76
1440	75
1441	81
1442	60
1443	89
1444	73
1445	59
1446	64
1447	79
1448	66
1449	66
1450	77
1451	63
1452	90
1453	77
1454	55
1455	87
1456	82
1457	69
1458	61
1459	76
1460	79
1461	83
1462	74
1463	65
1464	78
1465	52
1466	75
1467	72
1468	76
1469	71
1470	73
1471	67
1472	80
1473	83
1474	73
1475	64
1476	75
1477	69
1478	64
1479	81
1480	63
1481	74
1482	64
1483	77
1484	62
1485	68
1486	89
1487	72
1488	64
1489	87
1490	67
1491	67
1492	94
1493	75
1494	54
1495	70
1496	63
1497	81
1498	68
1499	54
1500	77
1501	78
1502	69
1503	72
1504	84
1505	64
1506	61
1507	66
1508	71
1509	85
1510	71
1511	84
1512	73
1513	70
1514	74
1515	80
1516	59
1517	78
1518	54
1519	70
1520	80
1521	76
1522	70
1523	69
1524	76
1525	71
1526	64
1527	61
1528	67
1529	81
1530	71
1531	77
1532	62
1533	85
1534	86
1535	70
1536	54
1537	71
1538	64
1539	66
1540	78
1541	72
1542	61
1543	81
1544	70
1545	62
1546	73
1547	59
1548	65
1549	69
1550	68
1551	77
1552	73
1553	70
1554	70
1555	77
1556	79
1557	73
1558	74
1559	65
1560	62
1561	74
1562	63
1563	78
1564	68
1565	62
1566	68
1567	65
1568	60
1569	60
1570	62
1571	58
1572	61
1573	56
1574	71
1575	48
1576	75
1577	82
1578	73
1579	69
1580	58
1581	68
1582	55
1583	81
1584	74
1585	67
1586	66
1587	59
1588	71
1589	64
1590	82
1591	57
1592	80
1593	69
1594	81
1595	81
1596	61
1597	60
1598	64
1599	69
1600	73
1601	73
1602	70
1603	73
1604	75
1605	78
1606	69
1607	77
1608	70
1609	65
1610	64
1611	60
1612	80
1613	70
1614	64
1615	63
1616	63
1617	64
1618	56
1619	70
1620	75
1621	67
1622	69
1623	63
1624	54
1625	69
1626	85
1627	58
1628	67
1629	70
1630	68
1631	62
1632	78
1633	70
1634	67
1635	72
1636	71
1637	79
1638	70
1639	79
1640	75
1641	62
1642	73
1643	63
1644	83
1645	53
1646	75
1647	65
1648	72
1649	68
1650	77
1651	77
1652	75
1653	65
1654	76
1655	60
1656	69
1657	74
1658	83
1659	73
1660	58
1661	76
1662	69
1663	65
1664	61
1665	75
1666	57
1667	76
1668	75
1669	68
1670	83
1671	74
1672	68
1673	69
1674	72
1675	89
1676	81
1677	70
1678	82
1679	55
1680	83
1681	91
1682	78
1683	67
1684	64
1685	59
1686	73
1687	73
1688	63
1689	62
1690	60
1691	73
1692	66
1693	68
1694	70
1695	60
1696	85
1697	76
1698	69
1699	61
1700	77
1701	66
1702	66
1703	71
1704	71
1705	66
1706	61
1707	71
1708	72
1709	69
1710	68
1711	60
1712	72
1713	66
1714	69
1715	74
1716	68
1717	67
1718	72
1719	77
1720	72
1721	69
1722	70
1723	68
1724	76
1725	69
1726	71
1727	67
1728	79
1729	75
1730	75
1731	63
1732	67
1733	66
1734	63
1735	65
1736	70
1737	57
1738	72
1739	59
1740	80
1741	78
1742	71
1743	66
1744	74
1745	60
1746	65
1747	65
1748	57
1749	59
1750	71
1751	76
1752	65
1753	72
1754	75
1755	61
1756	55
1757	75
1758	73
1759	76
1760	70
1761	60
1762	66
1763	67
1764	69
1765	60
1766	71
1767	68
1768	56
1769	89
1770	74
1771	56
1772	62
1773	66
1774	72
1775	60
1776	72
1777	68
1778	74
1779	76
1780	67
1781	74
1782	69
1783	65
1784	57
1785	72
1786	58
1787	62
1788	76
1789	85
1790	61
1791	42
1792	70
1793	75
1794	50
1795	55
1796	87
1797	62
1798	63
1799	65
1800	72
1801	85
1802	66
1803	72
1804	82
1805	52
1806	62
1807	58
1808	58
1809	61
1810	61
1811	73
1812	64
1813	72
1814	67
1815	68
1816	79
1817	72
1818	67
1819	75
1820	71
1821	69
1822	75
1823	81
1824	61
1825	68
1826	70
1827	56
1828	68
1829	69
1830	65
1831	64
1832	68
1833	59
1834	62
1835	72
1836	63
1837	57
1838	78
1839	67
1840	62
1841	109
1842	65
1843	59
1844	73
1845	64
1846	69
1847	82
1848	76
1849	76
1850	53
1851	78
1852	69
1853	74
1854	73
1855	65
1856	59
1857	67
1858	73
1859	68
1860	60
1861	66
1862	72
1863	68
1864	80
1865	68
1866	74
1867	68
1868	86
1869	57
1870	65
1871	66
1872	75
1873	63
1874	76
1875	66
1876	65
1877	62
1878	46
1879	84
1880	57
1881	73
1882	59
1883	71
1884	65
1885	61
1886	76
1887	74
1888	67
1889	72
1890	62
1891	77
1892	75
1893	60
1894	59
1895	70
1896	69
1897	74
1898	70
1899	50
1900	72
1901	73
1902	71
1903	77
1904	76
1905	71
1906	61
1907	63
1908	69
1909	76
1910	80
1911	84
1912	71
1913	71
1914	66
1915	86
1916	61
1917	69
1918	66
1919	73
1920	62
1921	63
1922	73
1923	83
1924	76
1925	72
1926	60
1927	73
1928	68
1929	67
1930	84
1931	58
1932	63
1933	86
1934	73
1935	68
1936	63
1937	67
1938	67
1939	59
1940	80
1941	87
1942	69
1943	76
1944	62
1945	53
1946	65
1947	65
1948	63
1949	81
1950	63
1951	70
1952	72
1953	61
1954	67
1955	65
1956	57
1957	81
1958	60
1959	63
1960	57
1961	66
1962	63
1963	70
1964	65
1965	70
1966	78
1967	83
1968	67
1969	85
1970	58
1971	87
1972	56
1973	76
1974	77
1975	65
1976	72
1977	56
1978	54
1979	55
1980	74
1981	75
1982	71
1983	79
1984	69
1985	77
1986	85
1987	64
1988	67
1989	76
1990	71
1991	66
1992	70
1993	74
1994	56
1995	65
1996	69
1997	65
1998	64
1999	65
2000	69
2001	67
2002	66
2003	67
2004	70
2005	69
2006	61
2007	62
2008	67
2009	71
2010	83
2011	64
2012	85
2013	67
2014	66
2015	65
2016	63
2017	73
2018	56
2019	69
2020	58
2021	68
2022	72
2023	73
2024	52
2025	63
2026	70
2027	72
2028	68
2029	54
2030	68
2031	89
2032	66
2033	60
2034	75
2035	72
2036	70
2037	76
2038	69
2039	82
2040	68
2041	61
2042	70
2043	66
2044	80
2045	80
2046	61
2047	64
2048	56
2049	68
2050	80
2051	87
2052	73
2053	61
2054	68
2055	88
2056	76
2057	68
2058	65
2059	65
2060	60
2061	56
2062	77
2063	63
2064	59
2065	69
2066	99
2067	53
2068	66
2069	68
2070	60
2071	78
2072	67
2073	66
2074	75
2075	71
2076	75
2077	58
2078	74
2079	82
2080	77
2081	63
2082	59
2083	55
2084	77
2085	66
2086	75
2087	56
2088	66
2089	72
2090	65
2091	74
2092	77
2093	68
2094	70
2095	71
2096	64
2097	79
2098	65
2099	61
2100	63
2101	75
2102	47
2103	77
2104	54
2105	73
2106	70
2107	76
2108	79
2109	86
2110	70
2111	86
2112	68
2113	73
2114	58
2115	73
2116	68
2117	74
2118	66
2119	67
2120	73
2121	66
2122	71
2123	76
2124	76
2125	60
2126	77
2127	66
2128	59
2129	79
2130	74
2131	57
2132	80
2133	73
2134	74
2135	74
2136	65
2137	60
2138	63
2139	62
2140	64
2141	69
2142	78
2143	56
2144	72
2145	70
2146	70
2147	68
2148	81
2149	66
2150	74
2151	78
2152	77
2153	60
2154	65
2155	72
2156	75
2157	70
2158	76
2159	71
2160	68
2161	93
2162	75
2163	55
2164	76
2165	73
2166	77
2167	65
2168	54
2169	71
2170	70
2171	75
2172	64
2173	77
2174	64
2175	54
2176	81
2177	67
2178	67
2179	65
2180	76
2181	60
2182	67
2183	68
2184	55
2185	54
2186	71
2187	66
2188	70
2189	69
2190	75
2191	76
2192	72
2193	60
2194	77
2195	68
2196	74
2197	54
2198	68
2199	87
2200	83
2201	56
2202	76
2203	69
2204	61
2205	75
2206	79
2207	69
2208	86
2209	75
2210	70
2211	73
2212	63
2213	82
2214	68
2215	59
2216	77
2217	69
2218	63
2219	74
2220	70
2221	73
2222	80
2223	78
2224	84
2225	72
2226	77
2227	71
2228	64
2229	66
2230	71
2231	68
2232	61
2233	77
2234	61
2235	71
2236	74
2237	81
2238	72
2239	72
2240	73
2241	74
2242	77
2243	75
2244	52
2245	89
2246	71
2247	71
2248	77
2249	76
2250	69
2251	73
2252	68
2253	69
2254	78
2255	67
2256	56
2257	59
2258	78
2259	80
2260	85
2261	71
2262	57
2263	78
2264	66
2265	81
2266	70
2267	84
2268	63
2269	73
2270	86
2271	71
2272	68
2273	70
2274	59
2275	85
2276	71
2277	84
2278	73
2279	62
2280	64
2281	70
2282	75
2283	69
2284	72
2285	69
2286	74
2287	70
2288	75
2289	77
2290	76
2291	71
2292	92
2293	72
2294	85
2295	67
2296	78
2297	66
2298	80
2299	71
2300	78
2301	76
2302	86
2303	77
2304	63
2305	78
2306	77
2307	85
2308	95
2309	66
2310	84
2311	77
2312	81
2313	70
2314	62
2315	71
2316	74
2317	69
2318	85
2319	50
2320	71
2321	63
2322	72
2323	76
2324	72
2325	82
2326	71
2327	83
2328	80
2329	67
2330	74
2331	74
2332	77
2333	74
2334	82
2335	77
2336	63
2337	69
2338	80
2339	81
2340	69
2341	73
2342	57
2343	71
2344	80
2345	72
2346	47
2347	87
2348	69
2349	79
2350	66
2351	85
2352	68
2353	76
2354	60
2355	77
2356	81
2357	79
2358	81
2359	88
2360	77
2361	71
2362	71
2363	72
2364	63
2365	72
2366	83
2367	85
2368	66
2369	59
2370	89
2371	75
2372	76
2373	77
2374	81
2375	93
2376	84
2377	66
2378	75
2379	75
2380	74
2381	73
2382	76
2383	74
2384	84
2385	77
2386	88
2387	75
2388	71
2389	87
2390	78
2391	82
2392	72
2393	89
2394	62
2395	83
2396	74
2397	79
2398	67
2399	82
2400	92
2401	82
2402	87
2403	73
2404	69
2405	85
2406	72
2407	87
2408	62
2409	88
2410	67
2411	65
2412	93
2413	70
2414	69
2415	69
2416	75
2417	54
2418	82
2419	79
2420	86
2421	75
2422	91
2423	77
2424	53
2425	74
2426	81
2427	91
2428	86
2429	80
2430	86
2431	75
2432	83
2433	89
2434	72
2435	79
2436	76
2437	59
2438	75
2439	84
2440	91
2441	71
2442	90
2443	84
2444	69
2445	85
2446	61
2447	70
2448	73
2449	83
2450	74
2451	73
2452	78
2453	88
2454	70
2455	79
2456	64
2457	82
2458	81
2459	63
2460	77
2461	77
2462	93
2463	82
2464	86
2465	65
2466	70
2467	74
2468	84
2469	79
2470	79
2471	68
2472	93
2473	77
2474	71
2475	84
2476	82
2477	77
2478	70
2479	85
2480	76
2481	66
2482	63
2483	84
2484	66
2485	75
2486	92
2487	68
2488	69
2489	74
2490	76
2491	67
2492	69
2493	87
2494	70
2495	72
2496	81
2497	72
2498	81
2499	56
2500	93
2501	81
2502	78
2503	91
2504	81
2505	73
2506	77
2507	57
2508	82
2509	78
2510	81
2511	84
2512	84
2513	80
2514	77
2515	71
2516	74
2517	72
2518	77
2519	87
2520	80
2521	73
2522	81
2523	87
2524	62
2525	79
2526	73
2527	64
2528	90
2529	81
2530	74
2531	75
2532	79
2533	87
2534	73
2535	80
2536	77
2537	92
2538	69
2539	79
2540	74
2541	82
2542	77
2543	72
2544	82
2545	74
2546	81
2547	97
2548	85
2549	68
2550	74
2551	72
2552	86
2553	80
2554	88
2555	77
2556	91
2557	79
2558	75
2559	65
2560	67
2561	79
2562	79
2563	76
2564	79
2565	91
2566	75
2567	69
2568	73
2569	87
2570	89
2571	82
2572	68
2573	70
2574	69
2575	71
2576	62
2577	65
2578	60
2579	62
2580	67
2581	85
2582	66
2583	70
2584	70
2585	74
2586	79
2587	76
2588	64
2589	66
2590	69
2591	74
2592	67
2593	73
2594	74
2595	59
2596	67
2597	59
2598	66
2599	77
2600	80
2601	80
2602	78
2603	69
2604	68
2605	82
2606	56
2607	64
2608	71
2609	69
2610	67
2611	67
2612	58
2613	90
2614	80
2615	48
2616	55
2617	57
2618	64
2619	61
2620	71
2621	57
2622	66
2623	56
2624	57
2625	62
2626	59
2627	64
2628	67
2629	67
2630	56
2631	66
2632	66
2633	69
2634	66
2635	88
2636	51
2637	57
2638	71
2639	61
2640	64
2641	59
2642	61
2643	57
2644	53
2645	72
2646	66
2647	52
2648	62
2649	65
2650	63
2651	71
2652	65
2653	65
2654	71
2655	63
2656	63
2657	51
2658	69
2659	64
2660	68
2661	55
2662	52
2663	51
2664	47
2665	57
2666	49
2667	45
2668	68
2669	63
2670	64
2671	57
2672	60
2673	60
2674	44
2675	72
2676	59
2677	53
2678	58
2679	58
2680	56
2681	55
2682	58
2683	62
2684	54
2685	53
2686	61
2687	45
2688	44
2689	48
2690	47
2691	60
2692	64
2693	58
2694	51
2695	50
2696	58
2697	52
2698	68
2699	42
2700	49
2701	54
2702	67
2703	43
2704	49
2705	51
2706	51
2707	50
2708	46
2709	51
2710	55
2711	60
2712	54
2713	44
2714	47
2715	56
2716	47
2717	66
2718	57
2719	47
2720	45
2721	66
2722	41
2723	43
2724	43
2725	51
2726	57
2727	51
2728	54
2729	48
2730	52
2731	52
2732	47
2733	52
2734	55
2735	48
2736	51
2737	49
2738	48
2739	66
2740	59
2741	57
2742	59
2743	46
2744	36
2745	54
2746	41
2747	46
2748	48
2749	47
2750	45
2751	44
2752	46
2753	39
2754	42
2755	52
2756	48
2757	36
2758	46
2759	50
2760	51
2761	50
2762	36
2763	55
2764	44
2765	47
2766	41
2767	51
2768	46
2769	48
2770	49
2771	51
2772	53
2773	44
2774	50
2775	41
2776	56
2777	40
2778	49
2779	41
2780	41
2781	49
2782	54
2783	53
2784	46
2785	34
2786	45
2787	55
2788	52
2789	47
2790	41
2791	55
2792	60
2793	46
2794	41
2795	44
2796	53
2797	44
2798	47
2799	33
2800	52
2801	52
2802	43
2803	56
2804	38
2805	50
2806	41
2807	44
2808	44
2809	49
2810	49
2811	48
2812	53
2813	44
2814	53
2815	50
2816	44
2817	36
2818	61
2819	59
2820	50
2821	52
2822	42
2823	58
2824	42
2825	53
2826	41
2827	57
2828	54
2829	51
2830	39
2831	45
2832	49
2833	35
2834	47
2835	45
2836	44
2837	55
2838	60
2839	44
2840	47
2841	42
2842	51
2843	46
2844	41
2845	44
2846	38
2847	53
2848	42
2849	54
2850	52
2851	56
2852	44
2853	57
2854	53
2855	48
2856	39
2857	47
2858	49
2859	32
2860	57
2861	38
2862	42
2863	54
2864	49
2865	30
2866	45
2867	52
2868	54
2869	47
2870	36
2871	45
2872	46
2873	38
2874	35
2875	37
2876	43
2877	53
2878	46
2879	34
2880	47
2881	40
2882	42
2883	50
2884	34
2885	33
2886	47
2887	37
2888	40
2889	45
2890	49
2891	38
2892	35
2893	41
2894	42
2895	44
2896	38
2897	47
2898	44
2899	47
2900	57
2901	35
2902	49
2903	43
2904	42
2905	47
2906	40
2907	41
2908	56
2909	46
2910	40
2911	42
2912	53
2913	49
2914	36
2915	40
2916	46
2917	43
2918	51
2919	42
2920	46
2921	49
2922	52
2923	46
2924	44
2925	39
2926	44
2927	46
2928	48
2929	47
2930	30
2931	43
2932	49
2933	40
2934	51
2935	45
2936	41
2937	41
2938	36
2939	45
2940	50
2941	37
2942	43
2943	25
2944	33
2945	48
2946	39
2947	32
2948	30
2949	40
2950	34
2951	38
2952	51
2953	48
2954	45
2955	35
2956	35
2957	38
2958	38
2959	47
2960	46
2961	42
2962	41
2963	44
2964	30
2965	40
2966	47
2967	37
2968	49
2969	44
2970	46
2971	34
2972	45
2973	34
2974	39
2975	36
2976	42
2977	51
2978	36
2979	35
2980	36
2981	52
2982	34
2983	43
2984	40
2985	32
2986	41
2987	46
2988	26
2989	31
2990	40
2991	43
2992	41
2993	36
2994	38
2995	26
2996	37
2997	34
2998	30
2999	41
3000	34
3001	30
3002	36
3003	31
3004	42
3005	32
3006	39
3007	24
3008	40
3009	35
3010	30
3011	35
3012	27
3013	31
3014	45
3015	17
3016	36
3017	30
3018	32
3019	44
3020	34
3021	27
3022	36
3023	34
3024	29
3025	36
3026	33
3027	38
3028	32
3029	44
3030	37
3031	19
3032	27
3033	37
3034	34
3035	28
3036	19
3037	23
3038	37
3039	36
3040	30
3041	34
3042	33
3043	36
3044	32
3045	36
3046	30
3047	28
3048	33
3049	33
3050	32
3051	26
3052	29
3053	34
3054	20
3055	22
3056	28
3057	27
3058	37
3059	31
3060	25
3061	23
3062	28
3063	36
3064	35
3065	17
3066	28
3067	37
3068	23
3069	19
3070	37
3071	25
3072	32
3073	23
3074	28
3075	29
3076	24
3077	36
3078	31
3079	41
3080	23
3081	26
3082	43
3083	30
3084	29
3085	31
3086	28
3087	35
3088	24
3089	32
3090	27
3091	31
3092	36
3093	33
3094	33
3095	30
3096	32
3097	33
3098	41
3099	44
3100	31
3101	32
3102	34
3103	21
3104	35
3105	33
3106	29
3107	33
3108	24
3109	34
3110	28
3111	32
3112	37
3113	29
3114	35
3115	37
3116	49
3117	31
3118	41
3119	31
3120	39
3121	46
3122	44
3123	46
3124	42
3125	43
3126	46
3127	42
3128	49
3129	43
3130	43
3131	34
3132	49
3133	49
3134	52
3135	43
3136	36
3137	47
3138	46
3139	53
3140	45
3141	43
3142	50
3143	53
3144	60
3145	57
3146	55
3147	67
3148	61
3149	52
3150	61
3151	58
3152	56
3153	55
3154	72
3155	59
3156	60
3157	64
3158	69
3159	68
3160	64
3161	72
3162	81
3163	88
3164	70
3165	66
3166	91
3167	65
3168	75
3169	75
3170	86
3171	92
3172	68
3173	95
3174	75
3175	82
3176	84
3177	86
3178	84
3179	68
3180	103
3181	98
3182	83
3183	96
3184	94
3185	100
3186	90
3187	90
3188	103
3189	103
3190	118
3191	110
3192	106
3193	117
3194	118
3195	126
3196	109
3197	95
3198	109
3199	118
3200	106
3201	125
3202	133
3203	139
3204	140
3205	118
3206	121
3207	121
3208	141
3209	149
3210	123
3211	135
3212	146
3213	134
3214	134
3215	127
3216	138
3217	141
3218	148
3219	148
3220	140
3221	139
3222	149
3223	130
3224	141
3225	146
3226	154
3227	159
3228	163
3229	143
3230	181
3231	158
3232	151
3233	146
3234	159
3235	174
3236	149
3237	180
3238	175
3239	166
3240	180
3241	150
3242	169
3243	157
3244	165
3245	164
3246	173
3247	151
3248	179
3249	177
3250	179
3251	180
3252	155
3253	188
3254	178
3255	184
3256	163
3257	170
3258	151
3259	180
3260	190
3261	170
3262	161
3263	174
3264	200
3265	158
3266	164
3267	217
3268	182
3269	164
3270	163
3271	175
3272	182
3273	169
3274	163
3275	161
3276	170
3277	187
3278	176
3279	179
3280	170
3281	178
3282	168
3283	168
3284	159
3285	163
3286	177
3287	161
3288	164
3289	188
3290	195
3291	188
3292	176
3293	170
3294	169
3295	160
3296	146
3297	168
3298	168
3299	150
3300	157
3301	139
3302	149
3303	142
3304	146
3305	175
3306	145
3307	144
3308	158
3309	126
3310	144
3311	149
3312	148
3313	154
3314	137
3315	129
3316	132
3317	147
3318	134
3319	161
3320	127
3321	137
3322	151
3323	118
3324	107
3325	141
3326	123
3327	121
3328	113
3329	113
3330	126
3331	95
3332	125
3333	131
3334	123
3335	114
3336	104
3337	95
3338	89
3339	120
3340	97
3341	94
3342	101
3343	96
3344	91
3345	108
3346	82
3347	96
3348	105
3349	88
3350	102
3351	82
3352	102
3353	83
3354	81
3355	69
3356	97
3357	62
3358	76
3359	72
3360	87
3361	79
3362	82
3363	85
3364	57
3365	78
3366	75
3367	72
3368	76
3369	74
3370	64
3371	64
3372	50
3373	62
3374	65
3375	54
3376	50
3377	54
3378	62
3379	61
3380	55
3381	53
3382	64
3383	44
3384	50
3385	64
3386	40
3387	43
3388	45
3389	46
3390	54
3391	39
3392	41
3393	35
3394	43
3395	27
3396	45
3397	28
3398	46
3399	29
3400	36
3401	35
3402	31
3403	31
3404	23
3405	34
3406	25
3407	31
3408	28
3409	26
3410	22
3411	19
3412	27
3413	16
3414	24
3415	26
3416	26
3417	26
3418	18
3419	18
3420	16
3421	17
3422	15
3423	14
3424	19
3425	23
3426	22
3427	16
3428	23
3429	19
3430	15
3431	11
3432	14
3433	11
3434	18
3435	14
3436	12
3437	12
3438	9
3439	14
3440	11
3441	9
3442	6
3443	9
3444	9
3445	11
3446	7
3447	12
3448	10
3449	10
3450	11
3451	15
3452	8
3453	7
3454	12
3455	10
3456	11
3457	3
3458	7
3459	11
3460	11
3461	9
3462	9
3463	4
3464	8
3465	13
3466	5
3467	10
3468	11
3469	10
3470	6
3471	8
3472	8
3473	6
3474	6
3475	11
3476	5
3477	2
3478	3
3479	10
3480	11
3481	6
3482	6
3483	7
3484	6
3485	5
3486	10
3487	4
3488	6
3489	7
3490	6
3491	7
3492	11
3493	10
3494	9
3495	7
3496	7
3497	7
3498	10
3499	9
3500	6
3501	5
3502	7
3503	8
3504	7
3505	11
3506	7
3507	5
3508	6
3509	5
3510	9
3511	8
3512	15
3513	12
3514	13
3515	14
3516	13
3517	9
3518	8
3519	15
3520	12
3521	17
3522	4
3523	12
3524	5
3525	10
3526	14
3527	14
3528	17
3529	20
3530	10
3531	15
3532	12
3533	23
3534	12
3535	15
3536	17
3537	17
3538	18
3539	34
3540	12
3541	21
3542	18
3543	20
3544	19
3545	16
3546	14
3547	16
3548	19
3549	21
3550	24
3551	26
3552	24
3553	25
3554	22
3555	21
3556	32
3557	24
3558	19
3559	25
3560	14
3561	33
3562	26
3563	29
3564	26
3565	29
3566	30
3567	33
3568	35
3569	32
3570	28
3571	39
3572	37
3573	33
3574	32
3575	28
3576	30
3577	26
3578	39
3579	35
3580	50
3581	50
3582	39
3583	54
3584	35
3585	39
3586	62
3587	54
3588	41
3589	51
3590	39
3591	60
3592	47
3593	41
3594	50
3595	58
3596	59
3597	68
3598	68
3599	50
3600	67
3601	77
3602	60
3603	64
3604	60
3605	60
3606	62
3607	68
3608	67
3609	73
3610	88
3611	71
3612	59
3613	63
3614	80
3615	70
3616	87
3617	82
3618	85
3619	68
3620	71
3621	79
3622	85
3623	89
3624	88
3625	72
3626	76
3627	90
3628	81
3629	89
3630	70
3631	76
3632	102
3633	75
3634	87
3635	88
3636	90
3637	94
3638	81
3639	104
3640	90
3641	114
3642	94
3643	105
3644	95
3645	109
3646	108
3647	120
3648	105
3649	92
3650	92
3651	109
3652	107
3653	100
3654	112
3655	103
3656	129
3657	111
3658	110
3659	114
3660	124
3661	101
3662	123
3663	105
3664	129
3665	126
3666	148
3667	134
3668	129
3669	137
3670	131
3671	110
3672	120
3673	134
3674	130
3675	152
3676	128
3677	152
3678	137
3679	136
3680	137
3681	134
3682	150
3683	130
3684	127
3685	130
3686	131
3687	123
3688	142
3689	146
3690	144
3691	127
3692	126
3693	128
3694	149
3695	134
3696	125
3697	142
3698	155
3699	131
3700	127
3701	133
3702	140
3703	145
3704	141
3705	130
3706	132
3707	115
3708	123
3709	144
3710	136
3711	130
3712	144
3713	144
3714	111
3715	139
3716	147
3717	147
3718	128
3719	153
3720	129
3721	114
3722	142
3723	128
3724	126
3725	105
3726	127
3727	126
3728	144
3729	136
3730	132
3731	125
3732	142
3733	102
3734	119
3735	120
3736	119
3737	131
3738	120
3739	137
3740	128
3741	126
3742	131
3743	119
3744	136
3745	117
3746	135
3747	124
3748	125
3749	109
3750	122
3751	105
3752	115
3753	117
3754	91
3755	110
3756	139
3757	107
3758	138
3759	97
3760	102
3761	98
3762	119
3763	96
3764	109
3765	101
3766	94
3767	95
3768	88
3769	107
3770	98
3771	96
3772	78
3773	90
3774	101
3775	80
3776	90
3777	76
3778	72
3779	91
3780	68
3781	82
3782	99
3783	79
3784	80
3785	90
3786	102
3787	83
3788	72
3789	70
3790	61
3791	63
3792	74
3793	75
3794	71
3795	64
3796	50
3797	63
3798	73
3799	71
3800	67
3801	65
3802	69
3803	56
3804	49
3805	46
3806	68
3807	58
3808	52
3809	55
3810	48
3811	54
3812	47
3813	51
3814	40
3815	42
3816	54
3817	49
3818	37
3819	50
3820	36
3821	35
3822	38
3823	48
3824	35
3825	41
3826	34
3827	34
3828	45
3829	46
3830	37
3831	33
3832	25
3833	36
3834	21
3835	43
3836	29
3837	30
3838	28
3839	33
3840	27
3841	31
3842	31
3843	28
3844	20
3845	18
3846	25
3847	34
3848	20
3849	21
3850	19
3851	25
3852	17
3853	24
3854	24
3855	24
3856	22
3857	23
3858	18
3859	21
3860	18
3861	20
3862	20
3863	9
3864	19
3865	19
3866	22
3867	9
3868	11
3869	19
3870	20
3871	12
3872	10
3873	9
3874	14
3875	14
3876	9
3877	11
3878	13
3879	7
3880	9
3881	13
3882	8
3883	16
3884	8
3885	11
3886	9
3887	7
3888	9
3889	13
3890	13
3891	15
3892	5
3893	4
3894	1
3895	5
3896	13
3897	3
3898	7
3899	8
3900	7
3901	3
3902	2
3903	2
3904	2
3905	14
3906	5
3907	6
3908	3
3909	4
3910	2
3911	5
3912	7
3913	6
3914	7
3915	4
3916	2
3917	1
3918	4
3919	5
3920	4
3921	4
3922	3
3923	1
3924	3
3925	5
3926	4
3927	11
3928	3
3929	1
3930	2
3931	2
3932	2
3933	4
3934	4
3935	2
3936	1
3937	5
3938	2
3939	1
3940	1
3941	7
3942	0
3943	1
3944	2
3945	1
3946	2
3947	3
3948	2
3949	2
3950	3
3951	0
3952	2
3953	2
3954	0
3955	1
3956	3
3957	3
3958	1
3959	2
3960	3
3961	2
3962	2
3963	1
3964	4
3965	2
3966	1
3967	0
3968	3
3969	1
3970	3
3971	1
3972	2
3973	0
3974	0
3975	1
3976	1
3977	0
3978	4
3979	3
3980	0
3981	3
3982	5
3983	1
3984	1
3985	1
3986	2
3987	1
3988	3
3989	0
3990	0
3991	2
3992	0
3993	1
3994	1
3995	4
3996	1
3997	1
3998	0
3999	3
4000	5
4001	2
4002	3
4003	3
4004	2
4005	0
4006	2
4007	0
4008	6
4009	2
4010	5
4011	1
4012	5
4013	2
4014	1
4015	2
4016	1
4017	3
4018	1
4019	0
4020	2
4021	4
4022	1
4023	4
4024	2
4025	7
4026	0
4027	4
4028	2
4029	1
4030	2
4031	2
4032	2
4033	2
4034	1
4035	3
4036	1
4037	2
4038	1
4039	2
4040	1
4041	2
4042	0
4043	0
4044	4
4045	2
4046	2
4047	2
4048	1
4049	4
4050	2
4051	4
4052	1
4053	4
4054	0
4055	3
4056	4
4057	0
4058	0
4059	6
4060	1
4061	2
4062	2
4063	1
4064	1
4065	0
4066	2
4067	0
4068	3
4069	2
4070	3
4071	1
4072	2
4073	3
4074	1
4075	2
4076	1
4077	3
4078	3
4079	3
4080	1
4081	2
4082	3
4083	1
4084	1
4085	1
4086	0
4087	1
4088	0
4089	1
4090	0
4091	5
4092	1
4093	0
4094	3
4095	1
4096	0
4097	3
4098	2
4099	1
4100	0
4101	1
4102	2
4103	6
4104	3
4105	1
4106	1
4107	3
4108	3
4109	0
4110	1
4111	0
4112	0
4113	1
4114	1
4115	3
4116	1
4117	0
4118	0
4119	1
4120	2
4121	2
4122	1
4123	1
4124	1
4125	1
4126	1
4127	2
4128	1
4129	1
4130	1
4131	2
4132	2
4133	0
4134	2
4135	1
4136	2
4137	4
4138	2
4139	0
4140	1
4141	1
4142	0
4143	0
4144	1
4145	2
4146	0
4147	0
4148	1
4149	1
4150	2
4151	1
4152	1
4153	2
4154	0
4155	0
4156	1
4157	2
4158	2
4159	2
4160	1
4161	1
4162	3
4163	2
4164	0
4165	2
4166	1
4167	1
4168	0
4169	0
4170	0
4171	2
4172	1
4173	1
4174	1
4175	0
4176	1
4177	1
4178	2
4179	1
4180	2
4181	1
4182	1
4183	0
4184	3
4185	2
4186	0
4187	1
4188	1
4189	1
4190	0
4191	0
4192	0
4193	0
4194	1
4195	0
4196	1
4197	1
4198	1
4199	1
4200	0
4201	1
4202	1
4203	0
4204	4
4205	0
4206	0
4207	1
4208	2
4209	1
4210	0
4211	1
4212	0
4213	1
4214	0
4215	0
4216	1
4217	0
4218	0
4219	1
4220	0
4221	1
4222	0
4223	1
4224	1
4225	1
4226	0
4227	1
4228	0
4229	0
4230	0
4231	1
4232	1
4233	1
4234	1
4235	0
4236	1
4237	0
4238	0
4239	2
4240	0
4241	0
4242	0
4243	1
4244	0
4245	0
4246	1
4247	0
4248	0
4249	1
4250	0
4251	0
4252	1
4253	0
4254	0
4255	0
4256	0
4257	0
4258	0
4259	0
4260	1
4261	0
4262	0
4263	0
4264	0
4265	0
4266	0
4267	0
4268	2
4269	0
4270	0
4271	0
4272	0
4273	0
4274	1
4275	2
4276	0
4277	0
4278	0
4279	0
4280	0
4281	0
4282	0
4283	0
4284	0
4285	2
4286	1
4287	0
4288	0
4289	1
4290	2
4291	0
4292	0
4293	1
4294	1
4295	0
4296	1
4297	1
4298	0
4299	2
4300	0
4301	1
4302	0
4303	1
4304	2
4305	0
4306	0
4307	0
4308	1
4309	0
4310	0
4311	1
4312	0
4313	0
4314	0
4315	0
4316	0
4317	2
4318	1
4319	0
4320	0
4321	0
4322	0
4323	0
4324	1
4325	1
4326	0
4327	1
4328	1
4329	0
4330	0
4331	1
4332	1
4333	0
4334	0
4335	0
4336	0
4337	0
4338	0
4339	0
4340	3
4341	0
4342	1
4343	3
4344	0
4345	0
4346	0
4347	2
4348	0
4349	0
4350	0
4351	0
4352	1
4353	1
4354	1
4355	0
4356	0
4357	2
4358	0
4359	0
4360	1
4361	0
4362	0
4363	1
4364	0
4365	1
4366	0
4367	0
4368	1
4369	0
4370	0
4371	0
4372	2
4373	2
4374	0
4375	0
4376	0
4377	0
4378	0
4379	0
4380	0
4381	0
4382	0
4383	0
4384	3
4385	1
4386	1
4387	1
4388	0
4389	1
4390	1
4391	1
4392	0
4393	0
4394	0
4395	0
4396	0
4397	1
4398	0
4399	1
4400	0
4401	1
4402	0
4403	0
4404	0
4405	0
4406	2
4407	0
4408	0
4409	0
4410	0
4411	2
4412	0
4413	0
4414	0
4415	1
4416	0
4417	0
4418	0
4419	0
4420	1
4421	0
4422	0
4423	1
4424	1
4425	1
4426	1
4427	0
4428	0
4429	0
4430	0
4431	0
4432	2
4433	1
4434	3
4435	1
4436	1
4437	0
4438	0
4439	0
4440	0
4441	1
4442	1
4443	0
4444	2
4445	0
4446	1
4447	0
4448	0
4449	0
4450	0
4451	0
4452	1
4453	2
4454	0
4455	0
4456	0
4457	1
4458	0
4459	0
4460	0
4461	0
4462	0
4463	2
4464	0
4465	1
4466	1
4467	1
4468	0
4469	0
4470	1
4471	0
4472	0
4473	1
4474	0
4475	0
4476	1
4477	1
4478	0
4479	0
4480	0
4481	1
4482	0
4483	0
4484	0
4485	0
4486	0
4487	0
4488	0
4489	0
4490	0
4491	0
4492	0
4493	0
4494	1
4495	0
4496	0
4497	0
4498	0
4499	3
4500	0
4501	0
4502	0
4503	0
4504	2
4505	1
4506	0
4507	0
4508	0
4509	2
4510	0
4511	0
4512	0
4513	1
4514	0
4515	0
4516	0
4517	0
4518	0
4519	0
4520	0
4521	0
4522	1
4523	0
4524	1
4525	0
4526	0
4527	1
4528	0
4529	0
4530	1
4531	0
4532	0
4533	1
4534	0
4535	0
4536	0
4537	0
4538	0
4539	0
4540	0
4541	0
4542	1
4543	2
4544	0
4545	0
4546	0
4547	0
4548	0
4549	0
4550	0
4551	1
4552	0
4553	0
4554	0
4555	0
4556	0
4557	1
4558	0
4559	0
4560	1
4561	0
4562	0
4563	0
4564	0
4565	0
4566	0
4567	1
4568	0
4569	2
4570	3
4571	0
4572	0
4573	0
4574	0
4575	1
4576	0
4577	0
4578	1
4579	0
4580	1
4581	1
4582	1
4583	0
4584	2
4585	1
4586	1
4587	0
4588	0
4589	0
4590	1
4591	0
4592	0
4593	0
4594	0
4595	0
4596	2
4597	1
4598	0
4599	3
4600	0
4601	0
4602	0
4603	2
4604	0
4605	0
4606	0
4607	0
4608	0
4609	0
4610	1
4611	1
4612	1
4613	1
4614	1
4615	0
4616	0
4617	2
4618	0
4619	0
4620	0
4621	0
4622	0
4623	0
4624	0
4625	0
4626	1
4627	0
4628	0
4629	0
4630	0
4631	0
4632	1
4633	0
4634	0
4635	0
4636	0
4637	1
4638	0
4639	1
4640	0
4641	0
4642	0
4643	1
4644	0
4645	1
4646	0
4647	0
4648	0
4649	1
4650	0
4651	0
4652	0
4653	1
4654	1
4655	0
4656	1
4657	0
4658	0
4659	0
4660	0
4661	1
4662	0
4663	0
4664	0
4665	0
4666	0
4667	0
4668	1
4669	1
4670	0
4671	0
4672	0
4673	0
4674	0
4675	0
4676	1
4677	0
4678	1
4679	0
4680	0
4681	0
4682	0
4683	0
4684	0
4685	1
4686	0
4687	0
4688	1
4689	0
4690	0
4691	0
4692	0
4693	0
4694	0
4695	2
4696	1
4697	0
4698	0
4699	1
4700	0
4701	0
4702	1
4703	0
4704	0
4705	0
4706	1
4707	0
4708	0
4709	0
4710	0
4711	1
4712	0
4713	0
4714	0
4715	0
4716	1
4717	1
4718	1
4719	0
4720	0
4721	0
4722	1
4723	0
4724	0
4725	0
4726	0
4727	1
4728	0
4729	1
4730	0
4731	0
4732	0
4733	0
4734	1
4735	0
4736	0
4737	0
4738	0
4739	0
4740	0
4741	2
4742	0
4743	0
4744	1
4745	1
4746	0
4747	1
4748	1
4749	0
4750	0
4751	0
4752	0
4753	0
4754	0
4755	0
4756	0
4757	0
4758	0
4759	1
4760	0
4761	0
4762	1
4763	0
4764	0
4765	0
4766	0
4767	0
4768	0
4769	0
4770	1
4771	0
4772	0
4773	1
4774	1
4775	0
4776	1
4777	0
4778	0
4779	0
4780	0
4781	1
4782	1
4783	0
4784	1
4785	0
4786	0
4787	1
4788	0
4789	0
4790	0
4791	2
4792	0
4793	0
4794	0
4795	0
4796	0
4797	1
4798	0
4799	0
4800	0
4801	0
4802	0
4803	1
4804	1
4805	0
4806	0
4807	0
4808	0
4809	0
4810	1
4811	0
4812	0
4813	0
4814	0
4815	0
4816	0
4817	0
4818	0
4819	0
4820	0
4821	0
4822	1
4823	0
4824	0
4825	0
4826	0
4827	2
4828	0
4829	1
4830	0
4831	0
4832	1
4833	3
4834	0
4835	0
4836	1
4837	0
4838	0
4839	2
4840	0
4841	1
4842	0
4843	1
4844	0
4845	0
4846	0
4847	1
4848	0
4849	0
4850	0
4851	0
4852	0
4853	0
4854	0
4855	0
4856	1
4857	0
4858	1
4859	0
4860	0
4861	0
4862	1
4863	0
4864	0
4865	2
4866	1
4867	0
4868	0
4869	1
4870	0
4871	1
4872	0
4873	0
4874	1
4875	0
4876	0
4877	0
4878	0
4879	0
4880	0
4881	0
4882	2
4883	0
4884	0
4885	0
4886	1
4887	1
4888	1
4889	0
4890	0
4891	2
4892	0
4893	1
4894	1
4895	0
4896	0
4897	1
4898	0
4899	0
4900	0
4901	1
4902	0
4903	0
4904	0
4905	1
4906	1
4907	1
4908	0
4909	1
4910	0
4911	2
4912	0
4913	0
4914	1
4915	0
4916	0
4917	0
4918	1
4919	0
4920	0
4921	0
4922	0
4923	0
4924	0
4925	1
4926	0
4927	1
4928	0
4929	1
4930	0
4931	0
4932	0
4933	1
4934	0
4935	0
4936	0
4937	0
4938	0
4939	0
4940	0
4941	1
4942	0
4943	0
4944	1
4945	0
4946	1
4947	0
4948	0
4949	0
4950	0
4951	0
4952	2
4953	0
4954	1
4955	0
4956	0
4957	1
4958	0
4959	0
4960	0
4961	0
4962	0
4963	1
4964	0
4965	0
4966	0
4967	1
4968	0
4969	0
4970	0
4971	0
4972	0
4973	0
4974	0
4975	1
4976	1
4977	0
4978	0
4979	0
4980	0
4981	0
4982	0
4983	1
4984	0
4985	1
4986	0
4987	0
4988	1
4989	0
4990	0
4991	0
4992	0
4993	0
4994	0
4995	0
4996	1
4997	1
4998	0
4999	2
5000	0
5001	1
5002	0
5003	0
5004	0
5005	0
5006	0
5007	0
5008	0
5009	1
5010	0
5011	0
5012	0
5013	0
5014	0
5015	1
5016	0
5017	2
5018	0
5019	0
5020	0
5021	0
5022	0
5023	0
5024	0
5025	0
5026	1
5027	0
5028	0
5029	0
5030	1
5031	0
5032	2
5033	0
5034	1
5035	1
5036	0
5037	1
5038	1
5039	0
5040	1
5041	0
5042	0
5043	0
5044	1
5045	1
5046	0
5047	2
5048	0
5049	0
5050	0
5051	1
5052	0
5053	0
5054	0
5055	0
5056	0
5057	0
5058	1
5059	0
5060	0
5061	1
5062	0
5063	0
5064	1
5065	0
5066	0
5067	0
5068	0
5069	0
5070	0
5071	1
5072	0
5073	0
5074	0
5075	0
5076	2
5077	0
5078	0
5079	0
5080	1
5081	0
5082	1
5083	0
5084	1
5085	1
5086	2
5087	0
5088	0
5089	1
5090	2
5091	1
5092	0
5093	2
5094	1
5095	1
5096	0
5097	0
5098	0
5099	0
5100	0
5101	0
5102	0
5103	0
5104	0
5105	0
5106	0
5107	0
5108	0
5109	0
5110	0
5111	0
5112	0
5113	0
5114	1
5115	0
5116	1
5117	0
5118	0
5119	2
5120	0
5121	0
5122	0
5123	1
5124	0
5125	0
5126	1
5127	0
5128	0
5129	0
5130	0
5131	1
5132	0
5133	0
5134	0
5135	0
5136	1
5137	0
5138	0
5139	1
5140	1
5141	0
5142	0
5143	0
5144	1
5145	0
5146	0
5147	0
5148	1
5149	0
5150	0
5151	0
5152	0
5153	0
5154	2
5155	1
5156	0
5157	0
5158	0
5159	1
5160	0
5161	0
5162	0
5163	0
5164	0
5165	0
5166	0
5167	0
5168	0
5169	0
5170	0
5171	0
5172	1
5173	0
5174	0
5175	0
5176	0
5177	0
5178	0
5179	0
5180	1
5181	0
5182	0
5183	1
5184	0
5185	0
5186	1
5187	0
5188	0
5189	0
5190	1
5191	1
5192	0
5193	1
5194	0
5195	0
5196	1
5197	0
5198	0
5199	0
5200	0
5201	0
5202	0
5203	0
5204	0
5205	0
5206	0
5207	0
5208	0
5209	0
5210	0
5211	2
5212	0
5213	0
5214	0
5215	1
5216	0
5217	1
5218	0
5219	0
5220	1
5221	0
5222	1
5223	0
5224	0
5225	0
5226	0
5227	1
5228	2
5229	0
5230	0
5231	0
5232	0
5233	0
5234	0
5235	0
5236	0
5237	0
5238	0
5239	0
5240	0
5241	0
5242	1
5243	0
5244	1
5245	0
5246	1
5247	0
5248	0
5249	0
5250	0
5251	1
5252	0
5253	1
5254	0
5255	1
5256	1
5257	0
5258	0
5259	0
5260	0
5261	2
5262	0
5263	1
5264	0
5265	0
5266	1
5267	0
5268	0
5269	1
5270	0
5271	0
5272	0
5273	0
5274	0
5275	0
5276	1
5277	0
5278	0
5279	2
5280	0
5281	0
5282	0
5283	0
5284	0
5285	0
5286	0
5287	1
5288	1
5289	0
5290	1
5291	0
5292	1
5293	0
5294	1
5295	0
5296	0
5297	0
5298	0
5299	0
5300	1
5301	0
5302	0
5303	1
5304	0
5305	0
5306	0
5307	0
5308	0
5309	0
5310	0
5311	0
5312	0
5313	1
5314	0
5315	0
5316	0
5317	0
5318	2
5319	0
5320	0
5321	0
5322	0
5323	0
5324	0
5325	1
5326	1
5327	0
5328	0
5329	2
5330	0
5331	0
5332	0
5333	0
5334	0
5335	0
5336	1
5337	0
5338	0
5339	0
5340	1
5341	0
5342	1
5343	0
5344	0
5345	0
5346	1
5347	0
5348	0
5349	0
5350	1
5351	1
5352	1
5353	1
5354	0
5355	1
5356	0
5357	1
5358	0
5359	1
5360	0
5361	2
5362	0
5363	0
5364	0
5365	1
5366	0
5367	0
5368	1
5369	0
5370	1
5371	0
5372	0
5373	0
5374	0
5375	0
5376	0
5377	0
5378	0
5379	0
5380	0
5381	0
5382	0
5383	0
5384	0
5385	0
5386	0
5387	1
5388	0
5389	0
5390	1
5391	0
5392	0
5393	1
5394	0
5395	1
5396	0
5397	0
5398	0
5399	0
5400	1
5401	2
5402	0
5403	0
5404	0
5405	0
5406	0
5407	0
5408	0
5409	0
5410	0
5411	0
5412	1
5413	0
5414	0
5415	0
5416	0
5417	0
5418	0
5419	0
5420	0
5421	0
5422	0
5423	0
5424	0
5425	0
5426	0
5427	0
5428	1
5429	0
5430	0
5431	0
5432	1
5433	0
5434	0
5435	0
5436	1
5437	0
5438	0
5439	1
5440	0
5441	0
5442	0
5443	0
5444	0
5445	0
5446	0
5447	0
5448	0
5449	0
5450	1
5451	0
5452	0
5453	0
5454	0
5455	0
5456	0
5457	1
5458	0
5459	0
5460	0
5461	0
5462	0
5463	0
5464	0
5465	0
5466	1
5467	0
5468	0
5469	0
5470	1
5471	0
5472	0
5473	1
5474	0
5475	0
5476	0
5477	0
5478	0
5479	0
5480	0
5481	0
5482	0
5483	1
5484	0
5485	0
5486	0
5487	0
5488	1
5489	0
5490	0
5491	1
5492	0
5493	1
5494	0
5495	0
5496	0
5497	0
5498	0
5499	0
5500	0
5501	0
5502	0
5503	0
5504	0
5505	0
5506	1
5507	0
5508	0
5509	1
5510	1
5511	0
5512	0
5513	0
5514	2
5515	0
5516	0
5517	0
5518	0
5519	0
5520	2
5521	0
5522	1
5523	0
5524	0
5525	0
5526	0
5527	0
5528	0
5529	0
5530	0
5531	1
5532	1
5533	0
5534	0
5535	1
5536	0
5537	0
5538	1
5539	0
5540	0
5541	0
5542	1
5543	0
5544	0
5545	0
5546	0
5547	0
5548	0
5549	0
5550	0
5551	0
5552	1
5553	1
5554	1
5555	0
5556	0
5557	0
5558	0
5559	0
5560	0
5561	1
5562	0
5563	0
5564	0
5565	1
5566	0
5567	0
5568	0
5569	0
5570	0
5571	0
5572	0
5573	0
5574	0
5575	0
5576	0
5577	0
5578	0
5579	0
5580	0
5581	0
5582	0
5583	0
5584	0
5585	0
5586	0
5587	3
5588	0
5589	0
5590	0
5591	0
5592	1
5593	0
5594	2
5595	0
5596	1
5597	0
5598	0
5599	0
5600	0
5601	0
5602	0
5603	0
5604	0
5605	0
5606	0
5607	0
5608	0
5609	1
5610	1
5611	0
5612	0
5613	0
5614	1
5615	0
5616	1
5617	1
5618	1
5619	1
5620	0
5621	0
5622	0
5623	0
5624	0
5625	0
5626	0
5627	0
5628	0
5629	1
5630	0
5631	0
5632	0
5633	1
5634	1
5635	0
5636	1
5637	0
5638	1
5639	1
5640	2
5641	0
5642	0
5643	0
5644	0
5645	1
5646	0
5647	1
5648	0
5649	0
5650	1
5651	1
5652	0
5653	0
5654	0
5655	1
5656	0
5657	0
5658	1
5659	0
5660	0
5661	0
5662	0
5663	0
5664	0
5665	0
5666	0
5667	0
5668	0
5669	0
5670	0
5671	0
5672	0
5673	0
5674	1
5675	0
5676	0
5677	1
5678	0
5679	0
5680	0
5681	0
5682	0
5683	0
5684	1
5685	1
5686	0
5687	0
5688	0
5689	1
5690	0
5691	0
5692	0
5693	1
5694	0
5695	2
5696	1
5697	0
5698	0
5699	0
5700	0
5701	1
5702	1
5703	0
5704	1
5705	1
5706	0
5707	0
5708	0
5709	0
5710	0
5711	1
5712	0
5713	0
5714	0
5715	0
5716	0
5717	0
5718	0
5719	0
5720	0
5721	0
5722	0
5723	0
5724	1
5725	1
5726	0
5727	2
5728	1
5729	0
5730	0
5731	0
5732	0
5733	0
5734	0
5735	1
5736	1
5737	0
5738	0
5739	0
5740	0
5741	0
5742	0
5743	1
5744	0
5745	0
5746	1
5747	0
5748	0
5749	0
5750	0
5751	0
5752	0
5753	0
5754	0
5755	0
5756	0
5757	1
5758	0
5759	0
5760	0
5761	1
5762	1
5763	0
5764	0
5765	0
5766	0
5767	0
5768	0
5769	0
5770	0
5771	0
5772	0
5773	0
5774	1
5775	1
5776	0
5777	0
5778	1
5779	0
5780	0
5781	0
5782	0
5783	0
5784	0
5785	0
5786	0
5787	1
5788	0
5789	0
5790	0
5791	0
5792	0
5793	0
5794	0
5795	0
5796	0
5797	0
5798	0
5799	0
5800	0
5801	0
5802	0
5803	1
5804	0
5805	0
5806	0
5807	0
5808	0
5809	0
5810	0
5811	0
5812	1
5813	0
5814	0
5815	2
5816	0
5817	1
5818	0
5819	0
5820	0
5821	0
5822	0
5823	0
5824	2
5825	0
5826	0
5827	0
5828	0
5829	0
5830	0
5831	0
5832	0
5833	0
5834	0
5835	0
5836	1
5837	0
5838	0
5839	0
5840	0
5841	1
5842	0
5843	0
5844	1
5845	0
5846	0
5847	0
5848	0
5849	0
5850	0
5851	0
5852	1
5853	1
5854	0
5855	0
5856	0
5857	0
5858	0
5859	0
5860	0
5861	0
5862	0
5863	0
5864	1
5865	0
5866	0
5867	1
5868	1
5869	0
5870	0
5871	0
5872	0
5873	0
5874	0
5875	1
5876	0
5877	0
5878	0
5879	0
5880	0
5881	0
5882	0
5883	1
5884	1
5885	0
5886	0
5887	0
5888	0
5889	0
5890	0
5891	0
5892	0
5893	0
5894	0
5895	0
5896	0
5897	0
5898	0
5899	0
5900	0
5901	0
5902	0
5903	2
5904	1
5905	1
5906	0
5907	0
5908	1
5909	0
5910	0
5911	1
5912	0
5913	1
5914	1
5915	1
5916	1
5917	0
5918	0
5919	0
5920	1
5921	0
5922	0
5923	0
5924	0
5925	1
5926	0
5927	0
5928	0
5929	1
5930	0
5931	0
5932	0
5933	0
5934	0
5935	0
5936	0
5937	0
5938	1
5939	0
5940	0
5941	0
5942	1
5943	0
5944	1
5945	0
5946	0
5947	0
5948	0
5949	0
5950	0
5951	0
5952	0
5953	0
5954	0
5955	0
5956	0
5957	2
5958	0
5959	2
5960	0
5961	2
5962	0
5963	0
5964	1
5965	0
5966	1
5967	0
5968	0
5969	1
5970	0
5971	0
5972	0
5973	1
5974	0
5975	1
5976	1
5977	1
5978	0
5979	0
5980	1
5981	0
5982	1
5983	0
5984	0
5985	0
5986	0
5987	2
5988	0
5989	1
5990	0
5991	4
5992	0
5993	0
5994	0
5995	0
5996	0
5997	0
5998	0
5999	0
6000	0
6001	0
6002	1
6003	0
6004	0
6005	0
6006	0
6007	0
6008	0
6009	0
6010	0
6011	1
6012	0
6013	0
6014	0
6015	0
6016	0
6017	0
6018	0
6019	1
6020	0
6021	0
6022	0
6023	1
6024	0
6025	0
6026	0
6027	0
6028	0
6029	0
6030	1
6031	0
6032	0
6033	0
6034	0
6035	0
6036	0
6037	0
6038	0
6039	1
6040	0
6041	0
6042	0
6043	1
6044	0
6045	0
6046	0
6047	0
6048	0
6049	1
6050	1
6051	0
6052	0
6053	0
6054	1
6055	0
6056	0
6057	0
6058	1
6059	0
6060	0
6061	1
6062	0
6063	0
6064	0
6065	0
6066	0
6067	0
6068	0
6069	0
6070	0
6071	1
6072	2
6073	0
6074	0
6075	0
6076	0
6077	1
6078	0
6079	0
6080	0
6081	0
6082	0
6083	1
6084	1
6085	0
6086	1
6087	1
6088	1
6089	0
6090	0
6091	0
6092	0
6093	0
6094	0
6095	0
6096	1
6097	0
6098	0
6099	0
6100	0
6101	1
6102	0
6103	0
6104	1
6105	0
6106	0
6107	0
6108	0
6109	1
6110	0
6111	0
6112	0
6113	0
6114	0
6115	3
6116	0
6117	0
6118	0
6119	0
6120	0
6121	0
6122	0
6123	0
6124	0
6125	0
6126	0
6127	0
6128	0
6129	0
6130	0
6131	0
6132	0
6133	0
6134	1
6135	0
6136	0
6137	0
6138	0
6139	0
6140	0
6141	0
6142	0
6143	0
6144	0
6145	1
6146	0
6147	0
6148	0
6149	0
6150	1
6151	0
6152	0
6153	0
6154	0
6155	0
6156	0
6157	0
6158	1
6159	0
6160	0
6161	0
6162	1
6163	0
6164	0
6165	0
6166	0
6167	0
6168	0
6169	0
6170	0
6171	1
6172	0
6173	0
6174	1
6175	0
6176	0
6177	0
6178	0
6179	0
6180	0
6181	0
6182	0
6183	1
6184	0
6185	0
6186	0
6187	0
6188	0
6189	0
6190	0
6191	0
6192	1
6193	0
6194	0
6195	2
6196	2
6197	0
6198	0
6199	0
6200	0
6201	0
6202	1
6203	0
6204	0
6205	1
6206	0
6207	2
6208	0
6209	0
6210	0
6211	1
6212	0
6213	1
6214	0
6215	0
6216	0
6217	0
6218	0
6219	0
6220	0
6221	1
6222	0
6223	0
6224	0
6225	0
6226	1
6227	0
6228	0
6229	0
6230	0
6231	0
6232	0
6233	1
6234	0
6235	0
6236	1
6237	0
6238	0
6239	0
6240	0
6241	0
6242	0
6243	1
6244	0
6245	0
6246	0
6247	0
6248	0
6249	0
6250	0
6251	1
6252	0
6253	0
6254	0
6255	0
6256	0
6257	1
6258	0
6259	0
6260	0
6261	0
6262	0
6263	0
6264	0
6265	0
6266	0
6267	2
6268	0
6269	0
6270	2
6271	0
6272	0
6273	0
6274	0
6275	0
6276	0
6277	1
6278	0
6279	0
6280	0
6281	1
6282	1
6283	0
6284	0
6285	0
6286	1
6287	1
6288	0
6289	1
6290	0
6291	0
6292	1
6293	0
6294	1
6295	0
6296	1
6297	0
6298	0
6299	0
6300	0
6301	0
6302	0
6303	0
6304	0
6305	0
6306	0
6307	1
6308	0
6309	1
6310	0
6311	0
6312	0
6313	0
6314	0
6315	0
6316	1
6317	0
6318	1
6319	1
6320	0
6321	0
6322	0
6323	0
6324	0
6325	0
6326	0
6327	0
6328	0
6329	0
6330	0
6331	0
6332	0
6333	0
6334	1
6335	0
6336	1
6337	1
6338	0
6339	0
6340	0
6341	0
6342	0
6343	0
6344	1
6345	1
6346	1
6347	0
6348	0
6349	2
6350	2
6351	0
6352	0
6353	0
6354	0
6355	0
6356	0
6357	2
6358	0
6359	0
6360	0
6361	1
6362	0
6363	0
6364	0
6365	2
6366	0
6367	0
6368	0
6369	0
6370	1
6371	1
6372	1
6373	0
6374	0
6375	0
6376	0
6377	1
6378	0
6379	0
6380	0
6381	0
6382	0
6383	0
6384	0
6385	0
6386	0
6387	0
6388	0
6389	0
6390	2
6391	0
6392	0
6393	1
6394	0
6395	1
6396	0
6397	0
6398	1
6399	0
6400	1
6401	0
6402	1
6403	0
6404	0
6405	0
6406	0
6407	0
6408	0
6409	0
6410	0
6411	0
6412	0
6413	0
6414	0
6415	0
6416	0
6417	0
6418	1
6419	0
6420	0
6421	1
6422	0
6423	0
6424	0
6425	0
6426	1
6427	0
6428	1
6429	0
6430	0
6431	0
6432	0
6433	0
6434	0
6435	0
6436	1
6437	2
6438	0
6439	1
6440	0
6441	0
6442	0
6443	0
6444	0
6445	0
6446	0
6447	0
6448	0
6449	0
6450	0
6451	0
6452	0
6453	0
6454	0
6455	0
6456	0
6457	0
6458	0
6459	0
6460	1
6461	0
6462	0
6463	1
6464	0
6465	0
6466	0
6467	0
6468	0
6469	0
6470	0
6471	0
6472	0
6473	0
6474	1
6475	0
6476	0
6477	0
6478	0
6479	0
6480	0
6481	1
6482	0
6483	0
6484	0
6485	1
6486	0
6487	1
6488	0
6489	0
6490	0
6491	0
6492	0
6493	0
6494	0
6495	1
6496	0
6497	0
6498	0
6499	0
6500	0
6501	0
6502	0
6503	1
6504	0
6505	1
6506	0
6507	0
6508	0
6509	0
6510	0
6511	0
6512	0
6513	0
6514	0
6515	1
6516	0
6517	0
6518	0
6519	0
6520	0
6521	1
6522	0
6523	0
6524	1
6525	0
6526	0
6527	0
6528	1
6529	1
6530	1
6531	0
6532	0
6533	0
6534	0
6535	0
6536	0
6537	0
6538	0
6539	0
6540	0
6541	0
6542	1
6543	0
6544	0
6545	0
6546	0
6547	0
6548	0
6549	0
6550	0
6551	0
6552	0
6553	0
6554	0
6555	0
6556	0
6557	1
6558	0
6559	1
6560	0
6561	0
6562	0
6563	0
6564	0
6565	0
6566	0
6567	0
6568	0
6569	0
6570	0
6571	0
6572	0
6573	1
6574	0
6575	0
6576	0
6577	0
6578	0
6579	0
6580	0
6581	0
6582	0
6583	0
6584	0
6585	0
6586	0
6587	0
6588	0
6589	0
6590	0
6591	0
6592	0
6593	0
6594	0
6595	0
6596	0
6597	0
6598	0
6599	0
6600	0
6601	0
6602	0
6603	0
6604	0
6605	1
6606	0
6607	0
6608	1
6609	0
6610	0
6611	0
6612	0
6613	0
6614	1
6615	0
6616	0
6617	0
6618	0
6619	0
6620	0
6621	0
6622	0
6623	0
6624	0
6625	0
6626	0
6627	0
6628	0
6629	0
6630	0
6631	0
6632	0
6633	0
6634	0
6635	0
6636	0
6637	0
6638	0
6639	0
6640	0
6641	0
6642	0
6643	1
6644	0
6645	0
6646	0
6647	1
6648	0
6649	0
6650	0
6651	0
6652	0
6653	0
6654	0
6655	1
6656	0
6657	0
6658	0
6659	0
6660	0
6661	0
6662	0
6663	0
6664	0
6665	0
6666	0
6667	0
6668	0
6669	0
6670	0
6671	0
6672	0
6673	0
6674	0
6675	1
6676	0
6677	0
6678	0
6679	0
6680	0
6681	0
6682	0
6683	1
6684	0
6685	0
6686	0
6687	0
6688	0
6689	0
6690	0
6691	1
6692	0
6693	0
6694	0
6695	0
6696	0
6697	0
6698	0
6699	0
6700	0
6701	0
6702	0
6703	0
6704	0
6705	0
6706	0
6707	0
6708	0
6709	0
6710	0
6711	0
6712	0
6713	0
6714	0
6715	0
6716	1
6717	0
6718	0
6719	0
6720	0
6721	0
6722	0
6723	0
6724	1
6725	0
6726	0
6727	0
6728	0
6729	0
6730	0
6731	0
6732	0
6733	0
6734	0
6735	0
6736	0
6737	1
6738	0
6739	0
6740	0
6741	0
6742	0
6743	0
6744	0
6745	0
6746	0
6747	0
6748	0
6749	0
6750	0
6751	0
6752	0
6753	0
6754	0
6755	0
6756	0
6757	0
6758	0
6759	1
6760	0
6761	0
6762	0
6763	0
6764	0
6765	0
6766	0
6767	1
6768	0
6769	1
6770	0
6771	0
6772	0
6773	0
6774	0
6775	0
6776	0
6777	0
6778	0
6779	0
6780	0
6781	0
6782	0
6783	0
6784	0
6785	0
6786	0
6787	0
6788	0
6789	0
6790	0
6791	0
6792	0
6793	0
6794	1
6795	0
6796	0
6797	0
6798	0
6799	0
6800	0
6801	0
6802	0
6803	0
6804	0
6805	0
6806	0
6807	0
6808	0
6809	1
6810	0
6811	0
6812	0
6813	0
6814	0
6815	0
6816	0
6817	0
6818	0
6819	1
6820	0
6821	0
6822	0
6823	0
6824	0
6825	0
6826	0
6827	0
6828	0
6829	0
6830	0
6831	0
6832	0
6833	0
6834	0
6835	0
6836	0
6837	0
6838	0
6839	0
6840	0
6841	0
6842	0
6843	0
6844	0
6845	0
6846	0
6847	0
6848	0
6849	0
6850	1
6851	0
6852	0
6853	1
6854	0
6855	0
6856	0
6857	0
6858	0
6859	0
6860	0
6861	0
6862	0
6863	0
6864	0
6865	1
6866	0
6867	0
6868	0
6869	0
6870	0
6871	0
6872	0
6873	0
6874	0
6875	0
6876	0
6877	0
6878	0
6879	0
6880	0
6881	0
6882	0
6883	0
6884	0
6885	0
6886	0
6887	0
6888	0
6889	0
6890	0
6891	0
6892	0
6893	1
6894	0
6895	0
6896	0
6897	0
6898	0
6899	0
6900	0
6901	0
6902	0
6903	0
6904	0
6905	0
6906	0
6907	1
6908	0
6909	0
6910	0
6911	0
6912	0
6913	1
6914	1
6915	0
6916	0
6917	0
6918	0
6919	0
6920	0
6921	0
6922	1
6923	0
6924	0
6925	1
6926	1
6927	1
6928	0
6929	1
6930	0
6931	0
6932	0
6933	0
6934	1
6935	0
6936	1
6937	0
6938	0
6939	0
6940	0
6941	0
6942	0
6943	1
6944	0
6945	0
6946	0
6947	1
6948	0
6949	0
6950	0
6951	1
6952	0
6953	0
6954	0
6955	0
6956	0
6957	0
6958	0
6959	0
6960	0
6961	0
6962	0
6963	0
6964	0
6965	0
6966	0
6967	0
6968	0
6969	0
6970	0
6971	0
6972	0
6973	0
6974	0
6975	0
6976	0
6977	0
6978	0
6979	0
6980	0
6981	0
6982	0
6983	0
6984	0
6985	2
6986	0
6987	0
6988	0
6989	0
6990	0
6991	0
6992	1
6993	0
6994	0
6995	0
6996	0
6997	0
6998	0
6999	0
7000	0
7001	1
7002	0
7003	0
7004	0
7005	0
7006	0
7007	0
7008	0
7009	0
7010	0
7011	2
7012	0
7013	0
7014	0
7015	0
7016	0
7017	0
7018	0
7019	0
7020	0
7021	0
7022	1
7023	0
7024	0
7025	0
7026	0
7027	1
7028	0
7029	0
7030	0
7031	2
7032	0
7033	0
7034	0
7035	0
7036	0
7037	0
7038	0
7039	0
7040	0
7041	0
7042	1
7043	0
7044	1
7045	0
7046	0
7047	0
7048	0
7049	0
7050	0
7051	0
7052	0
7053	1
7054	0
7055	0
7056	0
7057	0
7058	0
7059	0
7060	0
7061	0
7062	0
7063	0
7064	0
7065	0
7066	1
7067	0
7068	1
7069	0
7070	1
7071	0
7072	0
7073	0
7074	1
7075	0
7076	0
7077	0
7078	1
7079	0
7080	0
7081	2
7082	0
7083	0
7084	0
7085	0
7086	0
7087	0
7088	0
7089	3
7090	0
7091	0
7092	0
7093	0
7094	0
7095	0
7096	1
7097	0
7098	0
7099	0
7100	0
7101	0
7102	0
7103	0
7104	1
7105	0
7106	0
7107	1
7108	0
7109	1
7110	0
7111	0
7112	0
7113	0
7114	0
7115	0
7116	0
7117	1
7118	0
7119	1
7120	0
7121	1
7122	0
7123	1
7124	1
7125	0
7126	1
7127	0
7128	0
7129	0
7130	0
7131	0
7132	0
7133	1
7134	1
7135	0
7136	0
7137	0
7138	1
7139	0
7140	0
7141	0
7142	0
7143	0
7144	1
7145	2
7146	0
7147	0
7148	0
7149	0
7150	0
7151	0
7152	0
7153	1
7154	0
7155	0
7156	0
7157	1
7158	0
7159	0
7160	0
7161	0
7162	0
7163	0
7164	0
7165	0
7166	1
7167	0
7168	0
7169	0
7170	0
7171	1
7172	0
7173	0
7174	0
7175	0
7176	1
7177	1
7178	0
7179	0
7180	0
7181	0
7182	0
7183	0
7184	0
7185	0
7186	0
7187	1
7188	0
7189	0
7190	0
7191	0
7192	0
7193	0
7194	0
7195	1
7196	0
7197	0
7198	0
7199	1
7200	0
7201	0
7202	0
7203	0
7204	0
7205	0
7206	0
7207	1
7208	2
7209	0
7210	0
7211	0
7212	0
7213	0
7214	0
7215	0
7216	0
7217	0
7218	0
7219	1
7220	0
7221	0
7222	0
7223	0
7224	0
7225	2
7226	0
7227	0
7228	0
7229	1
7230	0
7231	0
7232	0
7233	0
7234	0
7235	0
7236	0
7237	0
7238	0
7239	0
7240	0
7241	0
7242	0
7243	0
7244	0
7245	0
7246	1
7247	0
7248	1
7249	1
7250	0
7251	1
7252	0
7253	0
7254	0
7255	0
7256	0
7257	0
7258	0
7259	0
7260	1
7261	1
7262	0
7263	0
7264	0
7265	0
7266	0
7267	0
7268	0
7269	0
7270	0
7271	0
7272	0
7273	0
7274	0
7275	0
7276	0
7277	0
7278	0
7279	0
7280	0
7281	0
7282	0
7283	0
7284	0
7285	0
7286	0
7287	0
7288	0
7289	0
7290	0
7291	0
7292	0
7293	0
7294	0
7295	0
7296	1
7297	0
7298	0
7299	0
7300	1
7301	0
7302	0
7303	0
7304	0
7305	1
7306	0
7307	0
7308	1
7309	0
7310	1
7311	0
7312	0
7313	0
7314	0
7315	2
7316	1
7317	0
7318	2
7319	0
7320	0
7321	0
7322	1
7323	0
7324	0
7325	1
7326	0
7327	0
7328	0
7329	1
7330	0
7331	0
7332	0
7333	0
7334	0
7335	0
7336	0
7337	0
7338	0
7339	0
7340	0
7341	0
7342	0
7343	1
7344	1
7345	0
7346	0
7347	0
7348	0
7349	0
7350	0
7351	0
7352	0
7353	1
7354	0
7355	0
7356	0
7357	0
7358	0
7359	0
7360	0
7361	0
7362	0
7363	0
7364	1
7365	0
7366	0
7367	0
7368	0
7369	0
7370	1
7371	0
7372	0
7373	0
7374	0
7375	0
7376	0
7377	1
7378	0
7379	0
7380	0
7381	0
7382	0
7383	0
7384	0
7385	0
7386	1
7387	0
7388	0
7389	0
7390	0
7391	0
7392	1
7393	0
7394	0
7395	0
7396	1
7397	0
7398	0
7399	0
7400	1
7401	0
7402	0
7403	0
7404	0
7405	0
7406	0
7407	0
7408	0
7409	0
7410	0
7411	0
7412	0
7413	0
7414	0
7415	0
7416	0
7417	0
7418	0
7419	0
7420	0
7421	0
7422	0
7423	0
7424	0
7425	0
7426	0
7427	0
7428	0
7429	0
7430	0
7431	0
7432	1
7433	0
7434	0
7435	1
7436	0
7437	0
7438	0
7439	0
7440	0
7441	0
7442	0
7443	0
7444	1
7445	0
7446	0
7447	0
7448	0
7449	0
7450	0
7451	0
7452	0
7453	0
7454	0
7455	0
7456	0
7457	0
7458	0
7459	0
7460	0
7461	0
7462	0
7463	0
7464	0
7465	0
7466	0
7467	0
7468	0
7469	0
7470	0
7471	0
7472	0
7473	0
7474	0
7475	0
7476	0
7477	1
7478	0
7479	0
7480	0
7481	0
7482	0
7483	0
7484	0
7485	0
7486	0
7487	0
7488	0
7489	0
7490	0
7491	0
7492	0
7493	0
7494	0
7495	0
7496	0
7497	0
7498	0
7499	0
7500	0
7501	0
7502	0
7503	0
7504	0
7505	0
7506	0
7507	0
7508	1
7509	0
7510	0
7511	0
7512	0
7513	0
7514	0
7515	0
7516	0
7517	0
7518	0
7519	0
7520	0
7521	0
7522	0
7523	0
7524	0
7525	0
7526	0
7527	0
7528	0
7529	0
7530	0
7531	0
7532	0
7533	0
7534	0
7535	0
7536	0
7537	0
7538	0
7539	0
7540	0
7541	0
7542	0
7543	0
7544	0
7545	0
7546	0
7547	0
7548	0
7549	0
7550	0
7551	0
7552	0
7553	0
7554	0
7555	1
7556	0
7557	0
7558	0
7559	0
7560	0
7561	0
7562	0
7563	0
7564	0
7565	0
7566	0
7567	0
7568	0
7569	0
7570	0
7571	0
7572	0
7573	0
7574	0
7575	0
7576	0
7577	0
7578	0
7579	0
7580	0
7581	0
7582	0
7583	0
7584	0
7585	0
7586	0
7587	0
7588	0
7589	0
7590	0
7591	0
7592	0
7593	0
7594	0
7595	0
7596	0
7597	0
7598	0
7599	0
7600	0
7601	0
7602	0
7603	0
7604	0
7605	0
7606	0
7607	0
7608	0
7609	0
7610	0
7611	0
7612	0
7613	0
7614	0
7615	0
7616	0
7617	0
7618	0
7619	0
7620	0
7621	0
7622	0
7623	0
7624	0
7625	0
7626	0
7627	0
7628	0
7629	0
7630	0
7631	0
7632	0
7633	0
7634	0
7635	0
7636	0
7637	0
7638	0
7639	0
7640	1
7641	0
7642	0
7643	0
7644	0
7645	0
7646	0
7647	0
7648	0
7649	0
7650	0
7651	0
7652	0
7653	0
7654	0
7655	0
7656	0
7657	0
7658	0
7659	0
7660	0
7661	0
7662	0
7663	0
7664	0
7665	0
7666	0
7667	0
7668	0
7669	0
7670	0
7671	0
7672	0
7673	0
7674	0
7675	0
7676	0
7677	0
7678	0
7679	0
7680	0
7681	0
7682	0
7683	0
7684	0
7685	0
7686	0
7687	0
7688	0
7689	0
7690	0
7691	0
7692	0
7693	0
7694	0
7695	0
7696	0
7697	0
7698	0
7699	0
7700	0
7701	0
7702	0
7703	0
7704	0
7705	0
7706	0
7707	0
7708	0
7709	0
7710	0
7711	0
7712	0
7713	0
7714	0
7715	0
7716	0
7717	0
7718	0
7719	0
7720	0
7721	0
7722	0
7723	0
7724	0
7725	0
7726	0
7727	0
7728	0
7729	0
7730	0
7731	0
7732	0
7733	0
7734	0
7735	0
7736	0
7737	0
7738	0
7739	0
7740	0
7741	0
7742	0
7743	0
7744	0
7745	0
7746	0
7747	0
7748	0
7749	0
7750	0
7751	0
7752	0
7753	0
7754	0
7755	0
7756	0
7757	0
7758	0
7759	0
7760	0
7761	0
7762	0
7763	0
7764	0
7765	0
7766	0
7767	0
7768	0
7769	0
7770	0
7771	0
7772	0
7773	0
7774	0
7775	0
7776	0
7777	0
7778	0
7779	0
7780	0
7781	0
7782	0
7783	0
7784	0
7785	0
7786	0
7787	0
7788	0
7789	0
7790	0
7791	0
7792	0
7793	0
7794	0
7795	0
7796	0
7797	0
7798	0
7799	0
7800	0
7801	0
7802	0
7803	0
7804	0
7805	0
7806	0
7807	0
7808	0
7809	0
7810	0
7811	0
7812	0
7813	0
7814	0
7815	0
7816	0
7817	0
7818	0
7819	0
7820	0
7821	0
7822	0
7823	0
7824	0
7825	0
7826	0
7827	0
7828	0
7829	0
7830	0
7831	0
7832	0
7833	0
7834	0
7835	0
7836	0
7837	0
7838	0
7839	0
7840	0
7841	0
7842	0
7843	0
7844	0
7845	0
7846	0
7847	0
7848	0
7849	0
7850	0
7851	0
7852	0
7853	0
7854	0
7855	0
7856	0
7857	0
7858	0
7859	0
7860	0
7861	0
7862	0
7863	0
7864	0
7865	0
7866	0
7867	0
7868	0
7869	0
7870	0
7871	0
7872	0
7873	0
7874	0
7875	0
7876	0
7877	0
7878	0
7879	0
7880	0
7881	0
7882	0
7883	0
7884	0
7885	0
7886	0
7887	0
7888	0
7889	0
7890	0
7891	0
7892	0
7893	0
7894	0
7895	0
7896	0
7897	0
7898	0
7899	0
7900	0
7901	0
7902	0
7903	0
7904	0
7905	0
7906	0
7907	0
7908	0
7909	0
7910	0
7911	0
7912	0
7913	0
7914	0
7915	0
7916	0
7917	0
7918	0
7919	0
7920	0
7921	0
7922	0
7923	0
7924	0
7925	0
7926	0
7927	0
7928	0
7929	0
7930	0
7931	0
7932	0
7933	0
7934	0
7935	0
7936	0
7937	0
7938	0
7939	0
7940	0
7941	0
7942	0
7943	1
7944	0
7945	0
7946	0
7947	0
7948	0
7949	0
7950	0
7951	0
7952	0
7953	0
7954	0
7955	0
7956	0
7957	0
7958	0
7959	0
7960	0
7961	0
7962	0
7963	0
7964	0
7965	0
7966	1
7967	0
7968	0
7969	0
7970	1
7971	0
7972	0
7973	0
7974	0
7975	0
7976	0
7977	0
7978	0
7979	0
7980	0
7981	0
7982	0
7983	0
7984	0
7985	0
7986	0
7987	0
7988	0
7989	0
7990	0
7991	0
7992	0
7993	0
7994	0
7995	0
7996	0
7997	0
7998	0
7999	0
8000	0
8001	0
8002	0
8003	0
8004	0
8005	0
8006	0
8007	0
8008	0
8009	0
8010	0
8011	0
8012	0
8013	0
8014	0
8015	0
8016	0
8017	0
8018	0
8019	0
8020	0
8021	0
8022	0
8023	0
8024	0
8025	0
8026	0
8027	0
8028	0
8029	0
8030	0
8031	0
8032	0
8033	0
8034	0
8035	0
8036	0
8037	0
8038	0
8039	0
8040	0
8041	0
8042	0
8043	0
8044	0
8045	0
8046	0
8047	0
8048	0
8049	0
8050	0
8051	0
8052	0
8053	0
8054	0
8055	0
8056	0
8057	0
8058	0
8059	0
8060	0
8061	0
8062	0
8063	0
8064	0
8065	0
8066	0
8067	0
8068	0
8069	0
8070	0
8071	0
8072	0
8073	0
8074	0
8075	0
8076	0
8077	0
8078	0
8079	0
8080	0
8081	0
8082	0
8083	0
8084	0
8085	0
8086	0
8087	0
8088	0
8089	0
8090	0
8091	0
8092	0
8093	0
8094	0
8095	0
8096	0
8097	0
8098	0
8099	0
8100	0
8101	0
8102	0
8103	0
8104	0
8105	0
8106	0
8107	0
8108	0
8109	0
8110	0
8111	0
8112	0
8113	0
8114	0
8115	0
8116	0
8117	0
8118	0
8119	0
8120	0
8121	0
8122	0
8123	0
8124	0
8125	0
8126	0
8127	0
8128	0
8129	0
8130	0
8131	0
8132	0
8133	0
8134	0
8135	0
8136	0
8137	0
8138	0
8139	0
8140	0
8141	0
8142	0
8143	0
8144	0
8145	0
8146	0
8147	0
8148	0
8149	0
8150	0
8151	0
8152	0
8153	0
8154	0
8155	0
8156	0
8157	0
8158	0
8159	0
8160	0
8161	0
8162	0
8163	0
8164	0
8165	0
8166	0
8167	0
8168	0
8169	0
8170	0
8171	0
8172	0
8173	0
8174	0
8175	0
8176	0
8177	0
8178	0
8179	0
8180	0
8181	0
8182	0
8183	0
8184	0
8185	0
8186	0
8187	0
8188	0
8189	0
8190	0
8191	0
