0	0
1	0
2	0
3	0
4	0
5	0
6	0
7	0
8	0
9	0
10	0
11	0
12	0
13	0
14	0
15	0
16	0
17	0
18	0
19	0
20	0
21	0
22	0
23	0
24	0
25	1
26	0
27	0
28	0
29	1
30	0
31	0
32	1
33	0
34	2
35	0
36	1
37	2
38	1
39	3
40	2
41	1
42	4
43	23
44	96
45	192
46	256
47	236
48	244
49	225
50	241
51	222
52	240
53	218
54	208
55	233
56	252
57	244
58	207
59	259
60	256
61	255
62	270
63	228
64	243
65	220
66	227
67	225
68	211
69	231
70	221
71	228
72	211
73	230
74	254
75	214
76	254
77	247
78	272
79	292
80	303
81	308
82	308
83	362
84	381
85	402
86	442
87	562
88	601
89	660
90	868
91	989
92	1068
93	1172
94	1409
95	1536
96	1731
97	1794
98	1941
99	2070
100	2165
101	2213
102	2276
103	2250
104	2281
105	2254
106	2213
107	2037
108	1858
109	1877
110	1674
111	1629
112	1511
113	1345
114	1231
115	1158
116	1022
117	959
118	806
119	800
120	687
121	678
122	641
123	594
124	529
125	478
126	484
127	418
128	394
129	370
130	358
131	308
132	319
133	281
134	300
135	257
136	259
137	245
138	270
139	229
140	249
141	229
142	244
143	234
144	227
145	257
146	238
147	244
148	239
149	216
150	218
151	226
152	242
153	222
154	239
155	245
156	240
157	225
158	234
159	213
160	225
161	236
162	228
163	207
164	238
165	207
166	241
167	282
168	232
169	233
170	253
171	225
172	236
173	251
174	223
175	255
176	253
177	245
178	259
179	264
180	281
181	251
182	273
183	263
184	227
185	239
186	260
187	253
188	273
189	232
190	273
191	242
192	263
193	256
194	233
195	275
196	256
197	264
198	281
199	273
200	273
201	277
202	292
203	296
204	258
205	313
206	269
207	293
208	287
209	265
210	266
211	278
212	300
213	287
214	297
215	282
216	284
217	296
218	281
219	303
220	301
221	276
222	298
223	286
224	310
225	335
226	288
227	343
228	311
229	324
230	321
231	310
232	316
233	299
234	320
235	354
236	323
237	313
238	348
239	343
240	297
241	325
242	365
243	360
244	371
245	362
246	365
247	382
248	388
249	397
250	367
251	370
252	367
253	350
254	356
255	380
256	383
257	377
258	383
259	413
260	400
261	368
262	389
263	380
264	389
265	361
266	356
267	327
268	338
269	373
270	365
271	337
272	345
273	330
274	343
275	354
276	338
277	357
278	368
279	327
280	341
281	324
282	343
283	347
284	318
285	346
286	353
287	321
288	363
289	342
290	341
291	350
292	326
293	355
294	358
295	346
296	355
297	344
298	318
299	344
300	340
301	335
302	352
303	352
304	333
305	337
306	323
307	326
308	324
309	358
310	298
311	322
312	316
313	312
314	306
315	356
316	371
317	307
318	337
319	342
320	301
321	303
322	308
323	339
324	307
325	294
326	332
327	329
328	315
329	313
330	314
331	327
332	325
333	323
334	318
335	313
336	289
337	299
338	332
339	281
340	301
341	321
342	327
343	288
344	338
345	282
346	310
347	305
348	327
349	307
350	324
351	315
352	305
353	268
354	313
355	312
356	288
357	307
358	345
359	279
360	312
361	297
362	286
363	364
364	312
365	304
366	302
367	334
368	306
369	302
370	307
371	318
372	317
373	315
374	311
375	344
376	301
377	300
378	307
379	326
380	324
381	313
382	289
383	332
384	307
385	322
386	289
387	340
388	314
389	290
390	309
391	301
392	292
393	292
394	341
395	324
396	307
397	297
398	305
399	292
400	321
401	308
402	309
403	326
404	281
405	332
406	302
407	293
408	293
409	303
410	289
411	316
412	287
413	318
414	287
415	300
416	327
417	309
418	298
419	323
420	317
421	314
422	293
423	300
424	299
425	288
426	325
427	333
428	298
429	317
430	293
431	315
432	299
433	320
434	314
435	317
436	326
437	293
438	293
439	302
440	288
441	330
442	311
443	332
444	307
445	284
446	312
447	304
448	284
449	303
450	331
451	281
452	286
453	278
454	291
455	323
456	310
457	290
458	312
459	306
460	308
461	319
462	271
463	302
464	288
465	262
466	283
467	275
468	263
469	283
470	299
471	311
472	260
473	281
474	348
475	293
476	299
477	308
478	276
479	275
480	298
481	274
482	295
483	301
484	298
485	310
486	286
487	262
488	296
489	261
490	307
491	293
492	305
493	304
494	293
495	302
496	320
497	261
498	292
499	307
500	276
501	290
502	304
503	296
504	309
505	300
506	269
507	300
508	274
509	301
510	283
511	295
512	270
513	275
514	290
515	279
516	316
517	270
518	316
519	287
520	284
521	274
522	305
523	293
524	298
525	284
526	274
527	270
528	289
529	281
530	289
531	267
532	301
533	295
534	283
535	312
536	292
537	283
538	309
539	299
540	283
541	305
542	282
543	272
544	309
545	303
546	291
547	266
548	275
549	278
550	290
551	263
552	293
553	302
554	280
555	305
556	277
557	274
558	281
559	300
560	269
561	300
562	306
563	289
564	267
565	252
566	333
567	285
568	258
569	298
570	299
571	300
572	321
573	301
574	298
575	278
576	297
577	272
578	308
579	284
580	275
581	330
582	318
583	315
584	298
585	308
586	281
587	280
588	312
589	322
590	314
591	316
592	282
593	300
594	319
595	318
596	297
597	315
598	330
599	312
600	300
601	297
602	296
603	284
604	338
605	306
606	324
607	312
608	330
609	317
610	295
611	305
612	306
613	325
614	311
615	283
616	341
617	308
618	311
619	301
620	307
621	316
622	330
623	325
624	324
625	322
626	350
627	278
628	318
629	342
630	320
631	333
632	348
633	319
634	285
635	355
636	315
637	293
638	322
639	326
640	313
641	314
642	291
643	325
644	332
645	300
646	308
647	346
648	317
649	340
650	300
651	322
652	343
653	317
654	346
655	312
656	301
657	316
658	324
659	321
660	327
661	317
662	310
663	295
664	323
665	314
666	297
667	306
668	328
669	305
670	288
671	306
672	315
673	284
674	299
675	325
676	314
677	269
678	280
679	305
680	277
681	293
682	287
683	302
684	284
685	304
686	290
687	280
688	296
689	268
690	304
691	324
692	292
693	300
694	312
695	283
696	305
697	300
698	292
699	309
700	305
701	285
702	298
703	300
704	284
705	296
706	286
707	274
708	282
709	260
710	294
711	300
712	325
713	272
714	266
715	291
716	290
717	303
718	293
719	296
720	298
721	293
722	286
723	302
724	273
725	288
726	304
727	264
728	291
729	272
730	271
731	270
732	268
733	295
734	284
735	263
736	275
737	285
738	280
739	283
740	299
741	255
742	292
743	281
744	282
745	248
746	290
747	257
748	299
749	262
750	266
751	271
752	274
753	260
754	283
755	267
756	258
757	309
758	255
759	283
760	272
761	282
762	274
763	273
764	266
765	268
766	276
767	286
768	290
769	290
770	277
771	268
772	252
773	261
774	295
775	302
776	291
777	279
778	276
779	278
780	308
781	270
782	278
783	304
784	241
785	236
786	260
787	231
788	260
789	244
790	262
791	291
792	279
793	246
794	267
795	265
796	273
797	257
798	268
799	285
800	238
801	252
802	282
803	275
804	283
805	240
806	266
807	263
808	258
809	251
810	260
811	284
812	261
813	242
814	270
815	256
816	288
817	250
818	274
819	239
820	248
821	241
822	266
823	263
824	280
825	265
826	252
827	251
828	237
829	239
830	272
831	283
832	231
833	249
834	269
835	269
836	242
837	237
838	238
839	249
840	253
841	263
842	236
843	235
844	266
845	255
846	257
847	261
848	257
849	302
850	239
851	234
852	222
853	245
854	248
855	230
856	254
857	246
858	278
859	235
860	255
861	301
862	225
863	237
864	274
865	229
866	230
867	244
868	214
869	254
870	227
871	236
872	251
873	235
874	259
875	229
876	246
877	252
878	254
879	249
880	258
881	219
882	257
883	250
884	243
885	261
886	269
887	224
888	231
889	230
890	217
891	235
892	295
893	238
894	224
895	239
896	224
897	249
898	240
899	239
900	241
901	219
902	264
903	224
904	214
905	259
906	256
907	221
908	208
909	247
910	229
911	239
912	229
913	217
914	265
915	252
916	234
917	241
918	225
919	267
920	259
921	252
922	238
923	233
924	244
925	227
926	268
927	203
928	247
929	223
930	230
931	240
932	238
933	229
934	255
935	219
936	253
937	227
938	236
939	236
940	231
941	225
942	228
943	238
944	258
945	265
946	214
947	246
948	227
949	233
950	228
951	222
952	234
953	242
954	217
955	228
956	266
957	220
958	248
959	253
960	239
961	222
962	212
963	231
964	208
965	232
966	223
967	235
968	240
969	239
970	246
971	225
972	203
973	202
974	242
975	207
976	218
977	226
978	238
979	221
980	216
981	243
982	237
983	242
984	223
985	226
986	231
987	221
988	238
989	226
990	216
991	211
992	225
993	220
994	217
995	218
996	243
997	241
998	214
999	223
1000	227
1001	201
1002	233
1003	223
1004	220
1005	206
1006	245
1007	222
1008	209
1009	229
1010	224
1011	259
1012	212
1013	194
1014	210
1015	235
1016	226
1017	216
1018	219
1019	234
1020	218
1021	223
1022	241
1023	210
1024	212
1025	235
1026	220
1027	228
1028	200
1029	216
1030	231
1031	202
1032	233
1033	191
1034	226
1035	209
1036	235
1037	205
1038	213
1039	239
1040	207
1041	225
1042	228
1043	242
1044	230
1045	232
1046	245
1047	234
1048	226
1049	215
1050	256
1051	213
1052	221
1053	197
1054	224
1055	207
1056	204
1057	229
1058	228
1059	225
1060	217
1061	236
1062	230
1063	218
1064	254
1065	232
1066	209
1067	232
1068	236
1069	249
1070	258
1071	217
1072	243
1073	223
1074	224
1075	253
1076	212
1077	212
1078	201
1079	222
1080	226
1081	198
1082	205
1083	207
1084	223
1085	212
1086	220
1087	236
1088	226
1089	228
1090	236
1091	215
1092	222
1093	229
1094	222
1095	221
1096	251
1097	234
1098	214
1099	220
1100	217
1101	229
1102	215
1103	221
1104	225
1105	223
1106	245
1107	259
1108	217
1109	220
1110	224
1111	242
1112	220
1113	221
1114	212
1115	217
1116	251
1117	261
1118	201
1119	192
1120	208
1121	221
1122	241
1123	191
1124	255
1125	220
1126	196
1127	225
1128	222
1129	221
1130	233
1131	228
1132	226
1133	220
1134	230
1135	219
1136	220
1137	231
1138	216
1139	224
1140	229
1141	237
1142	233
1143	215
1144	227
1145	203
1146	197
1147	223
1148	228
1149	235
1150	218
1151	209
1152	234
1153	209
1154	226
1155	204
1156	217
1157	225
1158	248
1159	207
1160	210
1161	217
1162	227
1163	241
1164	243
1165	224
1166	215
1167	208
1168	197
1169	218
1170	215
1171	220
1172	199
1173	199
1174	198
1175	250
1176	222
1177	242
1178	227
1179	212
1180	216
1181	217
1182	233
1183	224
1184	206
1185	248
1186	206
1187	217
1188	195
1189	232
1190	223
1191	224
1192	221
1193	211
1194	231
1195	210
1196	210
1197	184
1198	247
1199	221
1200	222
1201	237
1202	228
1203	219
1204	201
1205	214
1206	226
1207	261
1208	232
1209	214
1210	212
1211	219
1212	200
1213	230
1214	212
1215	210
1216	231
1217	251
1218	248
1219	207
1220	244
1221	204
1222	236
1223	221
1224	239
1225	248
1226	197
1227	275
1228	218
1229	218
1230	252
1231	236
1232	223
1233	215
1234	233
1235	222
1236	202
1237	236
1238	236
1239	242
1240	243
1241	243
1242	226
1243	237
1244	230
1245	213
1246	237
1247	229
1248	233
1249	258
1250	227
1251	249
1252	217
1253	243
1254	223
1255	223
1256	246
1257	202
1258	225
1259	221
1260	200
1261	239
1262	257
1263	226
1264	261
1265	220
1266	224
1267	233
1268	238
1269	214
1270	213
1271	232
1272	237
1273	244
1274	221
1275	270
1276	240
1277	231
1278	230
1279	231
1280	255
1281	220
1282	236
1283	231
1284	271
1285	244
1286	258
1287	247
1288	242
1289	251
1290	246
1291	238
1292	229
1293	239
1294	255
1295	254
1296	216
1297	237
1298	252
1299	251
1300	256
1301	254
1302	231
1303	226
1304	247
1305	242
1306	223
1307	261
1308	243
1309	259
1310	252
1311	235
1312	257
1313	237
1314	249
1315	263
1316	258
1317	262
1318	225
1319	247
1320	278
1321	236
1322	222
1323	243
1324	246
1325	247
1326	246
1327	259
1328	239
1329	267
1330	273
1331	259
1332	260
1333	259
1334	263
1335	252
1336	267
1337	231
1338	257
1339	289
1340	236
1341	247
1342	249
1343	258
1344	282
1345	271
1346	241
1347	266
1348	235
1349	242
1350	226
1351	258
1352	249
1353	269
1354	247
1355	249
1356	241
1357	255
1358	245
1359	265
1360	250
1361	272
1362	257
1363	246
1364	267
1365	234
1366	228
1367	244
1368	238
1369	282
1370	209
1371	263
1372	262
1373	254
1374	242
1375	245
1376	234
1377	270
1378	233
1379	260
1380	287
1381	257
1382	244
1383	243
1384	258
1385	252
1386	210
1387	253
1388	235
1389	247
1390	236
1391	270
1392	240
1393	246
1394	261
1395	265
1396	239
1397	251
1398	276
1399	238
1400	253
1401	276
1402	238
1403	262
1404	272
1405	277
1406	260
1407	273
1408	267
1409	238
1410	236
1411	256
1412	278
1413	231
1414	258
1415	225
1416	229
1417	252
1418	233
1419	239
1420	267
1421	265
1422	257
1423	258
1424	240
1425	242
1426	241
1427	261
1428	248
1429	250
1430	192
1431	228
1432	234
1433	233
1434	234
1435	256
1436	224
1437	222
1438	271
1439	226
1440	231
1441	247
1442	230
1443	236
1444	235
1445	242
1446	233
1447	204
1448	237
1449	216
1450	229
1451	225
1452	233
1453	210
1454	235
1455	228
1456	188
1457	242
1458	209
1459	222
1460	215
1461	221
1462	205
1463	202
1464	199
1465	203
1466	240
1467	204
1468	199
1469	209
1470	235
1471	177
1472	212
1473	239
1474	192
1475	210
1476	219
1477	203
1478	201
1479	229
1480	180
1481	179
1482	165
1483	202
1484	195
1485	205
1486	188
1487	182
1488	191
1489	200
1490	173
1491	188
1492	195
1493	187
1494	188
1495	209
1496	173
1497	198
1498	197
1499	170
1500	166
1501	175
1502	189
1503	157
1504	172
1505	180
1506	144
1507	153
1508	148
1509	136
1510	168
1511	169
1512	159
1513	159
1514	151
1515	152
1516	153
1517	161
1518	148
1519	173
1520	149
1521	166
1522	147
1523	152
1524	156
1525	149
1526	157
1527	149
1528	139
1529	132
1530	152
1531	154
1532	132
1533	147
1534	155
1535	138
1536	144
1537	153
1538	122
1539	140
1540	133
1541	126
1542	114
1543	141
1544	131
1545	130
1546	130
1547	149
1548	140
1549	137
1550	172
1551	146
1552	144
1553	134
1554	139
1555	148
1556	135
1557	135
1558	135
1559	135
1560	134
1561	120
1562	116
1563	122
1564	123
1565	118
1566	130
1567	126
1568	133
1569	138
1570	127
1571	114
1572	139
1573	123
1574	129
1575	105
1576	114
1577	122
1578	135
1579	89
1580	130
1581	111
1582	137
1583	113
1584	131
1585	137
1586	125
1587	131
1588	124
1589	144
1590	101
1591	124
1592	135
1593	104
1594	111
1595	130
1596	137
1597	112
1598	118
1599	113
1600	105
1601	122
1602	122
1603	112
1604	117
1605	96
1606	140
1607	117
1608	121
1609	97
1610	123
1611	101
1612	105
1613	135
1614	107
1615	128
1616	126
1617	117
1618	115
1619	96
1620	123
1621	108
1622	126
1623	116
1624	109
1625	105
1626	105
1627	106
1628	133
1629	115
1630	110
1631	116
1632	111
1633	120
1634	105
1635	109
1636	101
1637	104
1638	110
1639	119
1640	115
1641	106
1642	130
1643	107
1644	98
1645	99
1646	114
1647	101
1648	121
1649	103
1650	114
1651	119
1652	110
1653	102
1654	116
1655	104
1656	99
1657	110
1658	102
1659	115
1660	111
1661	101
1662	125
1663	119
1664	110
1665	97
1666	119
1667	89
1668	106
1669	103
1670	118
1671	120
1672	95
1673	112
1674	108
1675	105
1676	104
1677	99
1678	85
1679	110
1680	119
1681	90
1682	89
1683	94
1684	112
1685	89
1686	114
1687	93
1688	108
1689	106
1690	87
1691	95
1692	96
1693	95
1694	112
1695	113
1696	101
1697	101
1698	94
1699	99
1700	99
1701	85
1702	107
1703	101
1704	108
1705	97
1706	99
1707	93
1708	96
1709	93
1710	79
1711	90
1712	112
1713	87
1714	100
1715	102
1716	84
1717	104
1718	100
1719	81
1720	105
1721	108
1722	97
1723	87
1724	96
1725	93
1726	88
1727	99
1728	105
1729	98
1730	97
1731	106
1732	91
1733	75
1734	101
1735	81
1736	94
1737	97
1738	107
1739	102
1740	105
1741	84
1742	67
1743	78
1744	93
1745	97
1746	105
1747	102
1748	86
1749	106
1750	89
1751	94
1752	83
1753	86
1754	90
1755	77
1756	82
1757	84
1758	103
1759	73
1760	73
1761	92
1762	81
1763	90
1764	93
1765	89
1766	84
1767	92
1768	76
1769	107
1770	78
1771	76
1772	69
1773	69
1774	80
1775	89
1776	93
1777	90
1778	99
1779	91
1780	94
1781	95
1782	96
1783	90
1784	89
1785	82
1786	76
1787	105
1788	90
1789	81
1790	90
1791	90
1792	82
1793	80
1794	71
1795	99
1796	73
1797	79
1798	80
1799	83
1800	97
1801	68
1802	88
1803	80
1804	81
1805	70
1806	91
1807	92
1808	83
1809	85
1810	67
1811	82
1812	97
1813	64
1814	88
1815	68
1816	79
1817	62
1818	83
1819	75
1820	85
1821	68
1822	76
1823	84
1824	61
1825	77
1826	71
1827	81
1828	87
1829	64
1830	83
1831	64
1832	83
1833	70
1834	86
1835	74
1836	73
1837	63
1838	84
1839	69
1840	74
1841	82
1842	84
1843	68
1844	59
1845	82
1846	87
1847	87
1848	79
1849	64
1850	94
1851	77
1852	63
1853	68
1854	89
1855	56
1856	63
1857	80
1858	65
1859	79
1860	74
1861	63
1862	67
1863	81
1864	77
1865	70
1866	81
1867	73
1868	92
1869	70
1870	61
1871	66
1872	71
1873	66
1874	72
1875	71
1876	79
1877	78
1878	81
1879	90
1880	83
1881	73
1882	101
1883	96
1884	71
1885	69
1886	75
1887	69
1888	77
1889	86
1890	82
1891	90
1892	93
1893	86
1894	96
1895	102
1896	95
1897	91
1898	89
1899	89
1900	83
1901	83
1902	88
1903	92
1904	84
1905	102
1906	98
1907	92
1908	95
1909	98
1910	101
1911	115
1912	105
1913	115
1914	116
1915	129
1916	99
1917	121
1918	125
1919	106
1920	128
1921	118
1922	136
1923	128
1924	125
1925	152
1926	160
1927	143
1928	144
1929	130
1930	135
1931	143
1932	158
1933	155
1934	149
1935	151
1936	178
1937	151
1938	171
1939	151
1940	186
1941	195
1942	184
1943	195
1944	189
1945	209
1946	202
1947	214
1948	196
1949	232
1950	229
1951	219
1952	235
1953	245
1954	243
1955	241
1956	245
1957	283
1958	265
1959	236
1960	320
1961	299
1962	280
1963	317
1964	304
1965	307
1966	322
1967	322
1968	285
1969	345
1970	368
1971	343
1972	363
1973	380
1974	347
1975	392
1976	374
1977	409
1978	395
1979	449
1980	453
1981	445
1982	417
1983	490
1984	425
1985	458
1986	473
1987	488
1988	526
1989	521
1990	514
1991	575
1992	634
1993	548
1994	545
1995	589
1996	619
1997	611
1998	600
1999	666
2000	618
2001	706
2002	696
2003	691
2004	719
2005	722
2006	742
2007	762
2008	782
2009	831
2010	773
2011	830
2012	828
2013	844
2014	838
2015	856
2016	899
2017	886
2018	911
2019	854
2020	901
2021	1048
2022	928
2023	973
2024	994
2025	1062
2026	974
2027	1016
2028	1087
2029	1113
2030	1040
2031	1105
2032	1118
2033	1135
2034	1111
2035	1133
2036	1150
2037	1282
2038	1249
2039	1234
2040	1284
2041	1210
2042	1273
2043	1271
2044	1314
2045	1328
2046	1374
2047	1388
2048	1384
2049	1394
2050	1449
2051	1336
2052	1428
2053	1448
2054	1418
2055	1506
2056	1454
2057	1493
2058	1559
2059	1501
2060	1622
2061	1596
2062	1611
2063	1595
2064	1629
2065	1619
2066	1658
2067	1661
2068	1657
2069	1652
2070	1611
2071	1680
2072	1627
2073	1671
2074	1739
2075	1659
2076	1720
2077	1767
2078	1746
2079	1744
2080	1770
2081	1756
2082	1854
2083	1765
2084	1777
2085	1692
2086	1817
2087	1788
2088	1785
2089	1803
2090	1827
2091	1814
2092	1877
2093	1851
2094	1875
2095	1734
2096	1858
2097	1807
2098	1810
2099	1829
2100	1800
2101	1824
2102	1844
2103	1877
2104	1846
2105	1865
2106	1838
2107	1807
2108	1829
2109	1899
2110	1810
2111	1797
2112	1749
2113	1799
2114	1822
2115	1882
2116	1804
2117	1783
2118	1782
2119	1716
2120	1777
2121	1690
2122	1723
2123	1769
2124	1692
2125	1707
2126	1755
2127	1690
2128	1653
2129	1652
2130	1580
2131	1662
2132	1613
2133	1636
2134	1596
2135	1663
2136	1566
2137	1610
2138	1592
2139	1513
2140	1511
2141	1444
2142	1502
2143	1428
2144	1411
2145	1372
2146	1420
2147	1386
2148	1417
2149	1434
2150	1343
2151	1373
2152	1345
2153	1321
2154	1305
2155	1269
2156	1225
2157	1256
2158	1218
2159	1214
2160	1164
2161	1120
2162	1125
2163	1175
2164	1136
2165	1086
2166	1036
2167	1028
2168	1087
2169	1011
2170	983
2171	1027
2172	970
2173	985
2174	928
2175	965
2176	895
2177	877
2178	854
2179	896
2180	796
2181	797
2182	800
2183	790
2184	769
2185	777
2186	760
2187	750
2188	709
2189	740
2190	691
2191	716
2192	662
2193	572
2194	644
2195	594
2196	560
2197	576
2198	560
2199	538
2200	518
2201	509
2202	523
2203	489
2204	448
2205	464
2206	467
2207	481
2208	457
2209	484
2210	436
2211	391
2212	404
2213	371
2214	387
2215	365
2216	350
2217	383
2218	311
2219	322
2220	302
2221	334
2222	314
2223	301
2224	244
2225	273
2226	254
2227	259
2228	253
2229	235
2230	252
2231	224
2232	205
2233	221
2234	206
2235	237
2236	204
2237	187
2238	178
2239	196
2240	172
2241	157
2242	165
2243	165
2244	166
2245	152
2246	119
2247	138
2248	129
2249	123
2250	109
2251	113
2252	115
2253	122
2254	117
2255	116
2256	103
2257	95
2258	91
2259	74
2260	88
2261	84
2262	80
2263	91
2264	88
2265	79
2266	68
2267	67
2268	73
2269	56
2270	51
2271	64
2272	44
2273	65
2274	57
2275	42
2276	38
2277	55
2278	51
2279	36
2280	46
2281	44
2282	42
2283	39
2284	41
2285	30
2286	42
2287	29
2288	27
2289	36
2290	26
2291	27
2292	28
2293	29
2294	40
2295	31
2296	23
2297	24
2298	26
2299	15
2300	20
2301	14
2302	25
2303	27
2304	15
2305	21
2306	23
2307	6
2308	19
2309	14
2310	14
2311	18
2312	13
2313	19
2314	14
2315	11
2316	11
2317	16
2318	14
2319	5
2320	8
2321	13
2322	12
2323	14
2324	9
2325	11
2326	13
2327	17
2328	9
2329	13
2330	8
2331	7
2332	6
2333	10
2334	10
2335	15
2336	13
2337	7
2338	12
2339	7
2340	8
2341	6
2342	12
2343	4
2344	7
2345	5
2346	7
2347	13
2348	5
2349	8
2350	7
2351	6
2352	10
2353	3
2354	6
2355	9
2356	7
2357	7
2358	4
2359	6
2360	7
2361	2
2362	7
2363	5
2364	6
2365	4
2366	2
2367	6
2368	5
2369	7
2370	6
2371	7
2372	4
2373	12
2374	4
2375	4
2376	9
2377	7
2378	6
2379	7
2380	2
2381	3
2382	3
2383	6
2384	7
2385	3
2386	4
2387	5
2388	6
2389	3
2390	5
2391	6
2392	8
2393	6
2394	10
2395	1
2396	5
2397	5
2398	7
2399	4
2400	6
2401	7
2402	7
2403	6
2404	6
2405	6
2406	9
2407	3
2408	3
2409	5
2410	5
2411	3
2412	5
2413	7
2414	4
2415	4
2416	2
2417	8
2418	3
2419	5
2420	7
2421	6
2422	7
2423	2
2424	7
2425	10
2426	4
2427	7
2428	3
2429	3
2430	6
2431	4
2432	5
2433	4
2434	6
2435	6
2436	4
2437	6
2438	4
2439	6
2440	5
2441	3
2442	8
2443	3
2444	3
2445	5
2446	6
2447	6
2448	3
2449	7
2450	3
2451	4
2452	4
2453	9
2454	10
2455	2
2456	5
2457	4
2458	4
2459	5
2460	6
2461	4
2462	6
2463	7
2464	5
2465	5
2466	5
2467	9
2468	5
2469	9
2470	7
2471	7
2472	7
2473	5
2474	4
2475	4
2476	2
2477	2
2478	6
2479	4
2480	5
2481	10
2482	6
2483	4
2484	5
2485	6
2486	5
2487	3
2488	8
2489	8
2490	4
2491	3
2492	6
2493	11
2494	4
2495	3
2496	6
2497	8
2498	2
2499	7
2500	4
2501	3
2502	0
2503	5
2504	6
2505	4
2506	7
2507	7
2508	3
2509	3
2510	11
2511	4
2512	6
2513	5
2514	4
2515	6
2516	5
2517	6
2518	6
2519	8
2520	11
2521	4
2522	2
2523	5
2524	3
2525	8
2526	2
2527	8
2528	5
2529	4
2530	7
2531	7
2532	5
2533	3
2534	2
2535	6
2536	8
2537	4
2538	4
2539	4
2540	6
2541	6
2542	5
2543	3
2544	8
2545	3
2546	7
2547	6
2548	5
2549	1
2550	5
2551	9
2552	8
2553	6
2554	6
2555	7
2556	7
2557	3
2558	2
2559	5
2560	8
2561	5
2562	3
2563	5
2564	4
2565	5
2566	1
2567	7
2568	3
2569	1
2570	2
2571	2
2572	7
2573	6
2574	7
2575	4
2576	2
2577	4
2578	4
2579	4
2580	6
2581	6
2582	5
2583	6
2584	8
2585	6
2586	7
2587	7
2588	2
2589	4
2590	5
2591	3
2592	5
2593	6
2594	3
2595	4
2596	6
2597	5
2598	6
2599	4
2600	3
2601	2
2602	2
2603	7
2604	2
2605	4
2606	2
2607	7
2608	5
2609	8
2610	3
2611	5
2612	7
2613	1
2614	5
2615	3
2616	5
2617	5
2618	6
2619	9
2620	8
2621	4
2622	3
2623	5
2624	4
2625	8
2626	6
2627	10
2628	8
2629	6
2630	3
2631	8
2632	6
2633	5
2634	8
2635	2
2636	6
2637	2
2638	2
2639	5
2640	4
2641	8
2642	6
2643	3
2644	2
2645	7
2646	4
2647	1
2648	3
2649	8
2650	4
2651	5
2652	4
2653	0
2654	5
2655	8
2656	2
2657	6
2658	7
2659	6
2660	5
2661	2
2662	8
2663	6
2664	5
2665	8
2666	7
2667	6
2668	6
2669	1
2670	4
2671	6
2672	9
2673	7
2674	4
2675	5
2676	3
2677	5
2678	7
2679	4
2680	4
2681	5
2682	4
2683	8
2684	6
2685	3
2686	2
2687	2
2688	5
2689	7
2690	1
2691	5
2692	11
2693	6
2694	9
2695	6
2696	2
2697	2
2698	2
2699	1
2700	3
2701	3
2702	2
2703	5
2704	5
2705	4
2706	7
2707	4
2708	7
2709	5
2710	3
2711	7
2712	3
2713	6
2714	4
2715	5
2716	7
2717	5
2718	6
2719	7
2720	6
2721	4
2722	6
2723	5
2724	3
2725	2
2726	8
2727	5
2728	5
2729	4
2730	5
2731	3
2732	7
2733	7
2734	4
2735	1
2736	6
2737	6
2738	6
2739	4
2740	4
2741	3
2742	11
2743	2
2744	4
2745	4
2746	4
2747	3
2748	5
2749	3
2750	0
2751	7
2752	5
2753	7
2754	4
2755	2
2756	5
2757	3
2758	5
2759	5
2760	5
2761	6
2762	3
2763	2
2764	8
2765	2
2766	4
2767	8
2768	8
2769	1
2770	4
2771	5
2772	9
2773	7
2774	2
2775	3
2776	3
2777	4
2778	5
2779	3
2780	5
2781	5
2782	6
2783	6
2784	5
2785	6
2786	4
2787	5
2788	3
2789	4
2790	3
2791	5
2792	6
2793	3
2794	4
2795	9
2796	6
2797	5
2798	3
2799	3
2800	3
2801	6
2802	4
2803	4
2804	9
2805	2
2806	7
2807	5
2808	5
2809	4
2810	6
2811	6
2812	3
2813	3
2814	4
2815	5
2816	5
2817	6
2818	7
2819	2
2820	2
2821	4
2822	8
2823	6
2824	5
2825	8
2826	6
2827	10
2828	4
2829	2
2830	3
2831	4
2832	2
2833	5
2834	3
2835	3
2836	7
2837	5
2838	7
2839	0
2840	10
2841	3
2842	7
2843	5
2844	7
2845	4
2846	4
2847	3
2848	6
2849	6
2850	5
2851	11
2852	5
2853	3
2854	5
2855	8
2856	5
2857	4
2858	7
2859	3
2860	3
2861	6
2862	4
2863	3
2864	4
2865	3
2866	6
2867	4
2868	2
2869	2
2870	3
2871	3
2872	2
2873	3
2874	3
2875	7
2876	4
2877	5
2878	2
2879	5
2880	3
2881	5
2882	5
2883	5
2884	2
2885	4
2886	2
2887	4
2888	3
2889	4
2890	7
2891	3
2892	2
2893	5
2894	2
2895	3
2896	4
2897	1
2898	5
2899	6
2900	4
2901	6
2902	4
2903	4
2904	7
2905	4
2906	6
2907	4
2908	1
2909	6
2910	7
2911	3
2912	4
2913	4
2914	2
2915	3
2916	1
2917	4
2918	5
2919	4
2920	6
2921	3
2922	4
2923	3
2924	2
2925	4
2926	7
2927	3
2928	5
2929	9
2930	2
2931	5
2932	2
2933	6
2934	5
2935	4
2936	6
2937	1
2938	8
2939	5
2940	3
2941	4
2942	3
2943	4
2944	3
2945	4
2946	4
2947	2
2948	8
2949	8
2950	3
2951	3
2952	6
2953	5
2954	3
2955	7
2956	5
2957	6
2958	3
2959	3
2960	6
2961	4
2962	0
2963	4
2964	1
2965	3
2966	7
2967	6
2968	3
2969	4
2970	7
2971	4
2972	3
2973	2
2974	3
2975	4
2976	6
2977	1
2978	6
2979	7
2980	4
2981	5
2982	3
2983	5
2984	3
2985	4
2986	1
2987	5
2988	5
2989	0
2990	8
2991	2
2992	5
2993	2
2994	4
2995	5
2996	3
2997	2
2998	1
2999	3
3000	2
3001	3
3002	3
3003	3
3004	2
3005	3
3006	9
3007	8
3008	4
3009	9
3010	3
3011	5
3012	5
3013	2
3014	3
3015	4
3016	4
3017	3
3018	6
3019	5
3020	3
3021	5
3022	2
3023	3
3024	6
3025	3
3026	4
3027	4
3028	7
3029	5
3030	2
3031	11
3032	3
3033	2
3034	3
3035	2
3036	1
3037	5
3038	1
3039	3
3040	5
3041	4
3042	5
3043	7
3044	4
3045	8
3046	6
3047	4
3048	2
3049	3
3050	4
3051	4
3052	5
3053	5
3054	5
3055	5
3056	2
3057	1
3058	4
3059	2
3060	5
3061	2
3062	7
3063	4
3064	5
3065	9
3066	3
3067	6
3068	6
3069	6
3070	5
3071	6
3072	1
3073	1
3074	8
3075	3
3076	2
3077	7
3078	5
3079	2
3080	6
3081	5
3082	1
3083	0
3084	1
3085	5
3086	3
3087	3
3088	7
3089	4
3090	3
3091	4
3092	6
3093	3
3094	3
3095	2
3096	4
3097	2
3098	2
3099	1
3100	2
3101	2
3102	1
3103	4
3104	3
3105	4
3106	4
3107	2
3108	1
3109	2
3110	3
3111	4
3112	4
3113	5
3114	4
3115	2
3116	4
3117	1
3118	3
3119	2
3120	0
3121	2
3122	4
3123	2
3124	6
3125	3
3126	6
3127	2
3128	4
3129	5
3130	5
3131	4
3132	6
3133	5
3134	4
3135	7
3136	4
3137	4
3138	6
3139	2
3140	2
3141	2
3142	4
3143	1
3144	4
3145	2
3146	2
3147	1
3148	6
3149	3
3150	3
3151	5
3152	4
3153	8
3154	4
3155	4
3156	3
3157	3
3158	2
3159	2
3160	6
3161	3
3162	6
3163	2
3164	1
3165	7
3166	4
3167	3
3168	3
3169	3
3170	6
3171	6
3172	4
3173	3
3174	1
3175	7
3176	2
3177	4
3178	1
3179	3
3180	2
3181	2
3182	3
3183	1
3184	2
3185	6
3186	4
3187	2
3188	3
3189	3
3190	8
3191	3
3192	4
3193	4
3194	3
3195	3
3196	3
3197	1
3198	1
3199	4
3200	1
3201	4
3202	5
3203	5
3204	2
3205	4
3206	8
3207	0
3208	2
3209	4
3210	0
3211	3
3212	1
3213	4
3214	6
3215	2
3216	3
3217	2
3218	1
3219	2
3220	3
3221	4
3222	1
3223	4
3224	5
3225	1
3226	3
3227	4
3228	0
3229	3
3230	0
3231	2
3232	0
3233	2
3234	1
3235	3
3236	2
3237	4
3238	4
3239	4
3240	2
3241	5
3242	3
3243	3
3244	2
3245	6
3246	2
3247	5
3248	3
3249	1
3250	4
3251	4
3252	3
3253	3
3254	3
3255	3
3256	2
3257	3
3258	1
3259	2
3260	3
3261	2
3262	0
3263	3
3264	3
3265	5
3266	3
3267	3
3268	1
3269	5
3270	4
3271	2
3272	3
3273	1
3274	5
3275	2
3276	0
3277	2
3278	2
3279	1
3280	0
3281	2
3282	2
3283	2
3284	3
3285	5
3286	4
3287	2
3288	2
3289	2
3290	3
3291	3
3292	4
3293	2
3294	2
3295	5
3296	6
3297	3
3298	2
3299	7
3300	3
3301	3
3302	4
3303	2
3304	0
3305	3
3306	1
3307	1
3308	2
3309	3
3310	6
3311	2
3312	0
3313	4
3314	1
3315	3
3316	0
3317	3
3318	2
3319	6
3320	5
3321	2
3322	0
3323	1
3324	3
3325	2
3326	1
3327	0
3328	3
3329	3
3330	5
3331	2
3332	1
3333	3
3334	1
3335	3
3336	2
3337	3
3338	2
3339	3
3340	2
3341	5
3342	1
3343	3
3344	3
3345	2
3346	3
3347	3
3348	2
3349	3
3350	2
3351	2
3352	5
3353	5
3354	4
3355	4
3356	1
3357	3
3358	3
3359	5
3360	2
3361	3
3362	6
3363	3
3364	1
3365	3
3366	2
3367	0
3368	1
3369	1
3370	1
3371	3
3372	3
3373	5
3374	4
3375	3
3376	3
3377	3
3378	6
3379	2
3380	0
3381	1
3382	2
3383	4
3384	3
3385	3
3386	2
3387	2
3388	6
3389	4
3390	3
3391	1
3392	1
3393	3
3394	2
3395	4
3396	5
3397	4
3398	5
3399	1
3400	3
3401	2
3402	2
3403	7
3404	3
3405	0
3406	2
3407	4
3408	3
3409	5
3410	3
3411	1
3412	2
3413	2
3414	2
3415	4
3416	3
3417	5
3418	3
3419	2
3420	4
3421	3
3422	3
3423	7
3424	4
3425	6
3426	2
3427	3
3428	3
3429	3
3430	1
3431	4
3432	0
3433	2
3434	5
3435	3
3436	4
3437	3
3438	2
3439	2
3440	2
3441	4
3442	2
3443	5
3444	3
3445	5
3446	2
3447	4
3448	2
3449	3
3450	5
3451	4
3452	8
3453	4
3454	3
3455	3
3456	1
3457	3
3458	5
3459	0
3460	4
3461	2
3462	3
3463	4
3464	7
3465	3
3466	2
3467	4
3468	2
3469	2
3470	1
3471	5
3472	3
3473	3
3474	6
3475	2
3476	4
3477	3
3478	3
3479	4
3480	3
3481	2
3482	2
3483	2
3484	2
3485	4
3486	3
3487	2
3488	6
3489	6
3490	6
3491	3
3492	9
3493	4
3494	1
3495	2
3496	4
3497	4
3498	5
3499	6
3500	1
3501	4
3502	3
3503	1
3504	1
3505	1
3506	0
3507	4
3508	2
3509	3
3510	0
3511	1
3512	1
3513	4
3514	4
3515	3
3516	3
3517	6
3518	1
3519	4
3520	3
3521	4
3522	8
3523	1
3524	1
3525	3
3526	3
3527	0
3528	3
3529	1
3530	6
3531	1
3532	3
3533	2
3534	1
3535	4
3536	4
3537	1
3538	0
3539	3
3540	0
3541	2
3542	4
3543	2
3544	3
3545	4
3546	6
3547	3
3548	6
3549	4
3550	3
3551	3
3552	1
3553	3
3554	1
3555	3
3556	0
3557	4
3558	0
3559	2
3560	2
3561	2
3562	4
3563	2
3564	3
3565	5
3566	1
3567	0
3568	2
3569	4
3570	4
3571	1
3572	4
3573	0
3574	3
3575	2
3576	2
3577	0
3578	1
3579	3
3580	3
3581	2
3582	7
3583	3
3584	3
3585	2
3586	2
3587	4
3588	1
3589	5
3590	1
3591	3
3592	5
3593	1
3594	2
3595	6
3596	4
3597	3
3598	5
3599	7
3600	7
3601	2
3602	2
3603	3
3604	6
3605	0
3606	4
3607	1
3608	6
3609	2
3610	2
3611	3
3612	3
3613	2
3614	4
3615	3
3616	2
3617	3
3618	1
3619	2
3620	1
3621	3
3622	3
3623	0
3624	3
3625	7
3626	3
3627	4
3628	2
3629	4
3630	1
3631	1
3632	2
3633	0
3634	2
3635	5
3636	2
3637	0
3638	2
3639	5
3640	6
3641	5
3642	2
3643	4
3644	0
3645	1
3646	1
3647	3
3648	1
3649	0
3650	4
3651	4
3652	4
3653	1
3654	4
3655	3
3656	7
3657	4
3658	3
3659	4
3660	1
3661	4
3662	0
3663	5
3664	2
3665	4
3666	1
3667	2
3668	3
3669	4
3670	1
3671	1
3672	2
3673	0
3674	0
3675	0
3676	2
3677	1
3678	4
3679	2
3680	2
3681	1
3682	1
3683	1
3684	2
3685	3
3686	2
3687	0
3688	2
3689	0
3690	4
3691	1
3692	0
3693	2
3694	1
3695	4
3696	0
3697	4
3698	2
3699	2
3700	1
3701	2
3702	1
3703	1
3704	3
3705	1
3706	1
3707	4
3708	4
3709	1
3710	2
3711	6
3712	3
3713	2
3714	2
3715	1
3716	2
3717	1
3718	3
3719	1
3720	2
3721	4
3722	1
3723	4
3724	1
3725	1
3726	4
3727	3
3728	1
3729	3
3730	2
3731	1
3732	2
3733	4
3734	3
3735	2
3736	3
3737	2
3738	1
3739	2
3740	6
3741	3
3742	6
3743	1
3744	1
3745	3
3746	1
3747	3
3748	3
3749	2
3750	3
3751	2
3752	4
3753	1
3754	1
3755	1
3756	2
3757	2
3758	4
3759	0
3760	3
3761	4
3762	4
3763	2
3764	3
3765	1
3766	4
3767	4
3768	3
3769	1
3770	4
3771	4
3772	2
3773	2
3774	2
3775	2
3776	4
3777	5
3778	2
3779	4
3780	3
3781	1
3782	4
3783	3
3784	1
3785	5
3786	1
3787	0
3788	1
3789	1
3790	3
3791	2
3792	1
3793	1
3794	3
3795	3
3796	3
3797	0
3798	4
3799	1
3800	0
3801	5
3802	1
3803	2
3804	2
3805	0
3806	5
3807	1
3808	2
3809	6
3810	1
3811	1
3812	4
3813	1
3814	3
3815	0
3816	3
3817	2
3818	3
3819	1
3820	4
3821	1
3822	3
3823	1
3824	2
3825	1
3826	2
3827	2
3828	3
3829	4
3830	2
3831	2
3832	1
3833	2
3834	1
3835	0
3836	4
3837	5
3838	4
3839	3
3840	2
3841	2
3842	2
3843	2
3844	4
3845	2
3846	1
3847	3
3848	1
3849	2
3850	2
3851	2
3852	1
3853	3
3854	5
3855	1
3856	2
3857	4
3858	3
3859	0
3860	3
3861	1
3862	2
3863	3
3864	4
3865	3
3866	1
3867	2
3868	2
3869	1
3870	2
3871	2
3872	5
3873	3
3874	2
3875	2
3876	4
3877	2
3878	2
3879	2
3880	1
3881	1
3882	2
3883	3
3884	3
3885	2
3886	4
3887	3
3888	4
3889	0
3890	2
3891	1
3892	6
3893	0
3894	2
3895	0
3896	4
3897	2
3898	2
3899	1
3900	2
3901	1
3902	3
3903	1
3904	3
3905	2
3906	3
3907	0
3908	4
3909	2
3910	1
3911	2
3912	1
3913	2
3914	1
3915	2
3916	2
3917	2
3918	2
3919	2
3920	4
3921	1
3922	5
3923	3
3924	4
3925	2
3926	1
3927	4
3928	2
3929	4
3930	3
3931	1
3932	2
3933	1
3934	0
3935	4
3936	2
3937	0
3938	0
3939	3
3940	1
3941	0
3942	3
3943	3
3944	4
3945	1
3946	5
3947	6
3948	5
3949	1
3950	4
3951	8
3952	1
3953	4
3954	1
3955	3
3956	0
3957	6
3958	0
3959	2
3960	2
3961	3
3962	6
3963	4
3964	6
3965	2
3966	3
3967	2
3968	4
3969	5
3970	5
3971	2
3972	7
3973	2
3974	5
3975	2
3976	2
3977	2
3978	4
3979	1
3980	0
3981	0
3982	3
3983	0
3984	3
3985	3
3986	1
3987	1
3988	1
3989	3
3990	4
3991	2
3992	6
3993	3
3994	2
3995	2
3996	2
3997	0
3998	1
3999	2
4000	4
4001	0
4002	2
4003	3
4004	2
4005	2
4006	2
4007	4
4008	1
4009	3
4010	0
4011	4
4012	2
4013	3
4014	2
4015	4
4016	0
4017	1
4018	3
4019	1
4020	2
4021	3
4022	0
4023	1
4024	2
4025	2
4026	2
4027	2
4028	0
4029	3
4030	3
4031	3
4032	1
4033	2
4034	5
4035	1
4036	2
4037	5
4038	1
4039	1
4040	5
4041	3
4042	6
4043	3
4044	2
4045	3
4046	0
4047	1
4048	3
4049	2
4050	4
4051	2
4052	2
4053	2
4054	8
4055	4
4056	1
4057	4
4058	4
4059	3
4060	0
4061	1
4062	2
4063	2
4064	2
4065	1
4066	0
4067	2
4068	1
4069	2
4070	2
4071	3
4072	5
4073	3
4074	0
4075	5
4076	3
4077	1
4078	1
4079	2
4080	3
4081	2
4082	5
4083	1
4084	2
4085	3
4086	1
4087	2
4088	2
4089	4
4090	0
4091	1
4092	2
4093	1
4094	1
4095	3
4096	3
4097	4
4098	3
4099	3
4100	1
4101	4
4102	3
4103	3
4104	3
4105	3
4106	3
4107	6
4108	3
4109	4
4110	3
4111	5
4112	3
4113	2
4114	1
4115	4
4116	2
4117	2
4118	2
4119	0
4120	1
4121	4
4122	6
4123	1
4124	3
4125	4
4126	3
4127	1
4128	1
4129	0
4130	4
4131	3
4132	3
4133	2
4134	1
4135	3
4136	0
4137	2
4138	2
4139	4
4140	2
4141	2
4142	2
4143	4
4144	1
4145	3
4146	2
4147	2
4148	1
4149	0
4150	3
4151	2
4152	2
4153	0
4154	1
4155	1
4156	1
4157	1
4158	2
4159	3
4160	2
4161	1
4162	1
4163	3
4164	4
4165	1
4166	2
4167	0
4168	0
4169	3
4170	5
4171	2
4172	1
4173	2
4174	1
4175	2
4176	3
4177	2
4178	4
4179	3
4180	2
4181	3
4182	1
4183	1
4184	3
4185	2
4186	1
4187	3
4188	3
4189	2
4190	3
4191	0
4192	2
4193	2
4194	5
4195	3
4196	0
4197	1
4198	1
4199	4
4200	5
4201	2
4202	0
4203	5
4204	1
4205	0
4206	3
4207	2
4208	2
4209	2
4210	2
4211	0
4212	3
4213	3
4214	1
4215	5
4216	1
4217	1
4218	0
4219	2
4220	2
4221	0
4222	1
4223	1
4224	2
4225	3
4226	0
4227	2
4228	2
4229	2
4230	2
4231	0
4232	1
4233	0
4234	4
4235	4
4236	0
4237	4
4238	0
4239	2
4240	2
4241	3
4242	1
4243	2
4244	4
4245	2
4246	0
4247	0
4248	2
4249	3
4250	2
4251	2
4252	1
4253	0
4254	2
4255	0
4256	3
4257	1
4258	2
4259	2
4260	2
4261	1
4262	4
4263	1
4264	1
4265	1
4266	1
4267	2
4268	1
4269	0
4270	1
4271	3
4272	2
4273	1
4274	2
4275	1
4276	3
4277	3
4278	1
4279	2
4280	2
4281	6
4282	2
4283	2
4284	5
4285	2
4286	0
4287	1
4288	4
4289	1
4290	3
4291	0
4292	3
4293	3
4294	1
4295	4
4296	2
4297	2
4298	2
4299	1
4300	1
4301	2
4302	1
4303	2
4304	1
4305	4
4306	2
4307	4
4308	4
4309	0
4310	2
4311	2
4312	0
4313	2
4314	1
4315	0
4316	2
4317	3
4318	2
4319	1
4320	2
4321	3
4322	3
4323	1
4324	4
4325	0
4326	3
4327	3
4328	2
4329	2
4330	3
4331	0
4332	3
4333	1
4334	1
4335	2
4336	2
4337	0
4338	2
4339	5
4340	2
4341	2
4342	1
4343	1
4344	4
4345	3
4346	4
4347	1
4348	0
4349	4
4350	0
4351	3
4352	0
4353	2
4354	1
4355	2
4356	1
4357	0
4358	3
4359	1
4360	6
4361	1
4362	3
4363	1
4364	1
4365	2
4366	2
4367	4
4368	1
4369	5
4370	1
4371	3
4372	1
4373	4
4374	2
4375	3
4376	2
4377	2
4378	3
4379	3
4380	1
4381	1
4382	1
4383	1
4384	1
4385	0
4386	1
4387	1
4388	1
4389	2
4390	3
4391	1
4392	2
4393	2
4394	3
4395	2
4396	2
4397	1
4398	4
4399	1
4400	5
4401	0
4402	3
4403	2
4404	1
4405	6
4406	4
4407	3
4408	2
4409	3
4410	5
4411	3
4412	2
4413	1
4414	5
4415	0
4416	4
4417	0
4418	0
4419	2
4420	2
4421	2
4422	3
4423	5
4424	1
4425	0
4426	2
4427	1
4428	2
4429	2
4430	1
4431	0
4432	6
4433	4
4434	2
4435	2
4436	3
4437	3
4438	0
4439	1
4440	1
4441	0
4442	5
4443	5
4444	1
4445	6
4446	5
4447	3
4448	1
4449	2
4450	1
4451	2
4452	6
4453	2
4454	3
4455	2
4456	4
4457	4
4458	4
4459	2
4460	3
4461	3
4462	7
4463	4
4464	4
4465	4
4466	5
4467	0
4468	5
4469	4
4470	4
4471	8
4472	2
4473	3
4474	4
4475	3
4476	4
4477	1
4478	3
4479	3
4480	1
4481	6
4482	4
4483	2
4484	1
4485	5
4486	1
4487	4
4488	3
4489	5
4490	2
4491	1
4492	1
4493	5
4494	4
4495	4
4496	2
4497	4
4498	9
4499	1
4500	2
4501	1
4502	1
4503	3
4504	3
4505	4
4506	4
4507	3
4508	4
4509	2
4510	8
4511	2
4512	6
4513	4
4514	4
4515	2
4516	4
4517	3
4518	2
4519	6
4520	3
4521	1
4522	3
4523	3
4524	2
4525	4
4526	3
4527	9
4528	4
4529	3
4530	5
4531	5
4532	5
4533	7
4534	0
4535	4
4536	1
4537	7
4538	3
4539	4
4540	5
4541	3
4542	3
4543	2
4544	1
4545	3
4546	2
4547	4
4548	7
4549	7
4550	5
4551	1
4552	3
4553	3
4554	4
4555	7
4556	4
4557	1
4558	1
4559	7
4560	6
4561	3
4562	1
4563	3
4564	2
4565	4
4566	5
4567	5
4568	6
4569	2
4570	1
4571	7
4572	5
4573	3
4574	5
4575	1
4576	3
4577	1
4578	2
4579	2
4580	3
4581	2
4582	0
4583	1
4584	3
4585	5
4586	1
4587	3
4588	3
4589	1
4590	3
4591	8
4592	4
4593	4
4594	4
4595	4
4596	3
4597	1
4598	2
4599	1
4600	5
4601	5
4602	2
4603	1
4604	2
4605	1
4606	5
4607	2
4608	1
4609	3
4610	5
4611	2
4612	5
4613	5
4614	2
4615	2
4616	1
4617	5
4618	4
4619	1
4620	0
4621	3
4622	2
4623	1
4624	3
4625	2
4626	1
4627	3
4628	3
4629	3
4630	4
4631	4
4632	2
4633	5
4634	1
4635	2
4636	1
4637	1
4638	3
4639	3
4640	4
4641	3
4642	1
4643	2
4644	3
4645	1
4646	3
4647	1
4648	0
4649	2
4650	4
4651	3
4652	2
4653	1
4654	0
4655	3
4656	6
4657	1
4658	5
4659	0
4660	1
4661	5
4662	1
4663	3
4664	5
4665	2
4666	1
4667	2
4668	2
4669	2
4670	4
4671	2
4672	5
4673	1
4674	0
4675	1
4676	5
4677	2
4678	2
4679	0
4680	2
4681	0
4682	1
4683	2
4684	0
4685	1
4686	2
4687	2
4688	3
4689	0
4690	2
4691	3
4692	3
4693	1
4694	1
4695	1
4696	2
4697	0
4698	1
4699	1
4700	3
4701	1
4702	2
4703	2
4704	5
4705	1
4706	2
4707	1
4708	1
4709	3
4710	0
4711	1
4712	4
4713	4
4714	1
4715	0
4716	0
4717	4
4718	2
4719	4
4720	2
4721	2
4722	5
4723	2
4724	1
4725	0
4726	2
4727	1
4728	1
4729	1
4730	3
4731	2
4732	0
4733	4
4734	3
4735	1
4736	0
4737	2
4738	1
4739	1
4740	0
4741	0
4742	1
4743	1
4744	1
4745	0
4746	0
4747	2
4748	1
4749	1
4750	2
4751	1
4752	0
4753	2
4754	4
4755	1
4756	2
4757	4
4758	0
4759	2
4760	0
4761	0
4762	1
4763	0
4764	0
4765	0
4766	0
4767	2
4768	1
4769	0
4770	2
4771	1
4772	0
4773	0
4774	0
4775	1
4776	1
4777	1
4778	1
4779	0
4780	0
4781	3
4782	1
4783	0
4784	0
4785	0
4786	1
4787	1
4788	0
4789	1
4790	1
4791	1
4792	0
4793	0
4794	0
4795	1
4796	1
4797	3
4798	0
4799	0
4800	2
4801	1
4802	0
4803	0
4804	1
4805	0
4806	0
4807	2
4808	0
4809	0
4810	0
4811	1
4812	0
4813	0
4814	0
4815	2
4816	0
4817	2
4818	0
4819	1
4820	0
4821	0
4822	0
4823	1
4824	0
4825	0
4826	0
4827	0
4828	1
4829	1
4830	1
4831	0
4832	1
4833	0
4834	0
4835	3
4836	0
4837	2
4838	1
4839	0
4840	0
4841	1
4842	1
4843	0
4844	0
4845	1
4846	1
4847	0
4848	2
4849	1
4850	2
4851	0
4852	1
4853	1
4854	0
4855	0
4856	0
4857	1
4858	0
4859	0
4860	1
4861	2
4862	0
4863	0
4864	2
4865	0
4866	0
4867	1
4868	0
4869	0
4870	0
4871	2
4872	0
4873	0
4874	0
4875	0
4876	0
4877	0
4878	1
4879	0
4880	0
4881	0
4882	0
4883	0
4884	0
4885	0
4886	0
4887	0
4888	0
4889	0
4890	1
4891	0
4892	0
4893	1
4894	1
4895	1
4896	0
4897	0
4898	0
4899	0
4900	0
4901	1
4902	1
4903	0
4904	1
4905	0
4906	0
4907	0
4908	0
4909	0
4910	1
4911	2
4912	1
4913	0
4914	1
4915	1
4916	2
4917	2
4918	1
4919	1
4920	1
4921	0
4922	0
4923	0
4924	2
4925	0
4926	0
4927	0
4928	2
4929	1
4930	0
4931	1
4932	0
4933	4
4934	0
4935	1
4936	0
4937	1
4938	0
4939	0
4940	1
4941	0
4942	1
4943	0
4944	0
4945	0
4946	0
4947	0
4948	0
4949	0
4950	1
4951	1
4952	1
4953	0
4954	0
4955	0
4956	1
4957	2
4958	2
4959	0
4960	0
4961	0
4962	0
4963	2
4964	0
4965	0
4966	0
4967	1
4968	0
4969	0
4970	0
4971	1
4972	0
4973	1
4974	1
4975	2
4976	0
4977	0
4978	2
4979	0
4980	0
4981	0
4982	2
4983	0
4984	0
4985	1
4986	1
4987	0
4988	2
4989	1
4990	0
4991	1
4992	0
4993	0
4994	1
4995	0
4996	1
4997	0
4998	0
4999	2
5000	0
5001	1
5002	1
5003	0
5004	1
5005	2
5006	2
5007	0
5008	1
5009	1
5010	0
5011	0
5012	0
5013	0
5014	1
5015	0
5016	0
5017	2
5018	0
5019	1
5020	1
5021	0
5022	0
5023	0
5024	1
5025	0
5026	0
5027	1
5028	0
5029	0
5030	0
5031	0
5032	0
5033	0
5034	1
5035	0
5036	0
5037	0
5038	0
5039	1
5040	2
5041	0
5042	0
5043	0
5044	0
5045	0
5046	2
5047	0
5048	0
5049	0
5050	1
5051	0
5052	0
5053	2
5054	0
5055	0
5056	0
5057	0
5058	0
5059	0
5060	0
5061	2
5062	0
5063	0
5064	1
5065	2
5066	0
5067	1
5068	0
5069	0
5070	0
5071	1
5072	0
5073	0
5074	1
5075	0
5076	1
5077	1
5078	0
5079	0
5080	0
5081	2
5082	1
5083	1
5084	0
5085	0
5086	0
5087	0
5088	0
5089	0
5090	0
5091	0
5092	0
5093	0
5094	0
5095	0
5096	0
5097	1
5098	0
5099	0
5100	0
5101	0
5102	1
5103	0
5104	0
5105	0
5106	0
5107	0
5108	0
5109	2
5110	0
5111	2
5112	1
5113	0
5114	0
5115	0
5116	1
5117	0
5118	1
5119	0
5120	0
5121	2
5122	0
5123	1
5124	0
5125	0
5126	0
5127	0
5128	0
5129	0
5130	0
5131	0
5132	1
5133	0
5134	0
5135	0
5136	0
5137	0
5138	1
5139	0
5140	1
5141	1
5142	2
5143	0
5144	1
5145	0
5146	0
5147	0
5148	1
5149	0
5150	0
5151	3
5152	0
5153	0
5154	0
5155	1
5156	0
5157	1
5158	0
5159	0
5160	2
5161	1
5162	0
5163	0
5164	0
5165	0
5166	0
5167	1
5168	0
5169	2
5170	0
5171	1
5172	0
5173	1
5174	0
5175	1
5176	1
5177	0
5178	0
5179	0
5180	1
5181	1
5182	0
5183	0
5184	0
5185	1
5186	0
5187	2
5188	0
5189	1
5190	0
5191	0
5192	0
5193	1
5194	0
5195	1
5196	0
5197	0
5198	0
5199	2
5200	1
5201	0
5202	1
5203	0
5204	1
5205	0
5206	0
5207	0
5208	1
5209	1
5210	0
5211	1
5212	0
5213	0
5214	1
5215	1
5216	4
5217	0
5218	1
5219	2
5220	0
5221	0
5222	1
5223	0
5224	1
5225	1
5226	1
5227	1
5228	0
5229	0
5230	0
5231	0
5232	0
5233	0
5234	1
5235	0
5236	0
5237	0
5238	3
5239	0
5240	0
5241	0
5242	1
5243	1
5244	1
5245	0
5246	0
5247	0
5248	0
5249	1
5250	1
5251	1
5252	0
5253	0
5254	0
5255	1
5256	1
5257	0
5258	0
5259	0
5260	1
5261	0
5262	0
5263	1
5264	1
5265	0
5266	1
5267	0
5268	0
5269	0
5270	1
5271	0
5272	2
5273	2
5274	0
5275	0
5276	1
5277	0
5278	0
5279	0
5280	2
5281	0
5282	1
5283	3
5284	1
5285	0
5286	0
5287	0
5288	0
5289	0
5290	0
5291	0
5292	1
5293	0
5294	0
5295	0
5296	0
5297	1
5298	0
5299	0
5300	2
5301	1
5302	0
5303	1
5304	0
5305	0
5306	1
5307	0
5308	2
5309	2
5310	1
5311	0
5312	0
5313	0
5314	0
5315	1
5316	0
5317	1
5318	0
5319	0
5320	1
5321	0
5322	0
5323	1
5324	0
5325	1
5326	0
5327	0
5328	0
5329	1
5330	0
5331	0
5332	0
5333	0
5334	0
5335	0
5336	0
5337	0
5338	0
5339	0
5340	1
5341	0
5342	0
5343	0
5344	0
5345	0
5346	0
5347	1
5348	0
5349	0
5350	0
5351	0
5352	0
5353	1
5354	0
5355	1
5356	0
5357	0
5358	0
5359	0
5360	1
5361	2
5362	0
5363	0
5364	0
5365	1
5366	3
5367	0
5368	2
5369	0
5370	1
5371	0
5372	1
5373	2
5374	0
5375	1
5376	0
5377	0
5378	0
5379	1
5380	0
5381	2
5382	2
5383	0
5384	0
5385	1
5386	0
5387	0
5388	1
5389	0
5390	1
5391	0
5392	0
5393	2
5394	0
5395	2
5396	1
5397	1
5398	0
5399	0
5400	1
5401	1
5402	0
5403	1
5404	1
5405	1
5406	1
5407	1
5408	1
5409	1
5410	1
5411	1
5412	0
5413	0
5414	1
5415	0
5416	1
5417	2
5418	1
5419	0
5420	2
5421	0
5422	0
5423	0
5424	1
5425	1
5426	0
5427	0
5428	0
5429	0
5430	1
5431	0
5432	2
5433	1
5434	1
5435	0
5436	0
5437	0
5438	0
5439	0
5440	1
5441	1
5442	1
5443	0
5444	0
5445	1
5446	0
5447	0
5448	0
5449	0
5450	0
5451	1
5452	0
5453	0
5454	1
5455	0
5456	1
5457	1
5458	0
5459	0
5460	0
5461	0
5462	0
5463	0
5464	1
5465	0
5466	1
5467	1
5468	1
5469	0
5470	0
5471	0
5472	0
5473	1
5474	0
5475	2
5476	1
5477	0
5478	1
5479	1
5480	0
5481	0
5482	1
5483	0
5484	0
5485	0
5486	1
5487	0
5488	1
5489	0
5490	1
5491	0
5492	2
5493	0
5494	0
5495	2
5496	0
5497	0
5498	3
5499	1
5500	0
5501	1
5502	0
5503	1
5504	0
5505	0
5506	1
5507	0
5508	0
5509	1
5510	0
5511	1
5512	2
5513	0
5514	0
5515	0
5516	0
5517	1
5518	1
5519	2
5520	0
5521	0
5522	1
5523	0
5524	0
5525	0
5526	1
5527	0
5528	0
5529	0
5530	2
5531	0
5532	0
5533	0
5534	2
5535	0
5536	1
5537	0
5538	0
5539	2
5540	0
5541	0
5542	1
5543	0
5544	0
5545	0
5546	0
5547	1
5548	0
5549	0
5550	0
5551	1
5552	0
5553	0
5554	0
5555	0
5556	0
5557	0
5558	1
5559	2
5560	0
5561	1
5562	1
5563	0
5564	0
5565	1
5566	0
5567	1
5568	0
5569	0
5570	0
5571	0
5572	0
5573	1
5574	0
5575	0
5576	0
5577	1
5578	0
5579	1
5580	0
5581	1
5582	0
5583	0
5584	0
5585	0
5586	0
5587	0
5588	2
5589	1
5590	0
5591	0
5592	1
5593	0
5594	1
5595	1
5596	1
5597	0
5598	0
5599	0
5600	2
5601	0
5602	0
5603	0
5604	1
5605	0
5606	0
5607	0
5608	0
5609	1
5610	1
5611	0
5612	0
5613	0
5614	0
5615	1
5616	1
5617	0
5618	0
5619	1
5620	0
5621	0
5622	0
5623	1
5624	1
5625	1
5626	0
5627	0
5628	0
5629	0
5630	1
5631	0
5632	0
5633	2
5634	0
5635	0
5636	0
5637	0
5638	0
5639	0
5640	0
5641	0
5642	2
5643	1
5644	0
5645	0
5646	1
5647	0
5648	1
5649	0
5650	0
5651	0
5652	1
5653	0
5654	0
5655	1
5656	0
5657	0
5658	0
5659	1
5660	0
5661	0
5662	0
5663	0
5664	1
5665	0
5666	0
5667	1
5668	0
5669	3
5670	2
5671	0
5672	1
5673	2
5674	0
5675	0
5676	0
5677	0
5678	1
5679	0
5680	1
5681	0
5682	0
5683	0
5684	1
5685	1
5686	1
5687	0
5688	0
5689	0
5690	0
5691	0
5692	0
5693	0
5694	1
5695	0
5696	0
5697	0
5698	0
5699	0
5700	1
5701	0
5702	0
5703	0
5704	0
5705	0
5706	0
5707	0
5708	0
5709	0
5710	1
5711	1
5712	0
5713	0
5714	0
5715	2
5716	1
5717	0
5718	0
5719	1
5720	0
5721	2
5722	0
5723	1
5724	0
5725	0
5726	1
5727	0
5728	0
5729	0
5730	0
5731	1
5732	0
5733	1
5734	0
5735	1
5736	0
5737	1
5738	1
5739	0
5740	1
5741	1
5742	0
5743	1
5744	0
5745	1
5746	0
5747	0
5748	0
5749	0
5750	0
5751	0
5752	0
5753	0
5754	0
5755	1
5756	0
5757	0
5758	0
5759	1
5760	0
5761	2
5762	0
5763	0
5764	0
5765	0
5766	1
5767	0
5768	0
5769	0
5770	2
5771	0
5772	0
5773	0
5774	0
5775	0
5776	0
5777	1
5778	0
5779	1
5780	0
5781	0
5782	1
5783	0
5784	0
5785	0
5786	1
5787	0
5788	0
5789	0
5790	1
5791	1
5792	0
5793	0
5794	1
5795	1
5796	1
5797	0
5798	0
5799	0
5800	0
5801	0
5802	0
5803	0
5804	0
5805	0
5806	0
5807	2
5808	0
5809	0
5810	1
5811	0
5812	0
5813	0
5814	0
5815	1
5816	0
5817	0
5818	1
5819	0
5820	0
5821	0
5822	0
5823	1
5824	0
5825	0
5826	1
5827	0
5828	1
5829	0
5830	0
5831	0
5832	1
5833	2
5834	0
5835	1
5836	1
5837	1
5838	0
5839	0
5840	0
5841	0
5842	1
5843	0
5844	0
5845	1
5846	0
5847	0
5848	0
5849	0
5850	0
5851	0
5852	0
5853	1
5854	0
5855	1
5856	0
5857	0
5858	0
5859	0
5860	0
5861	0
5862	1
5863	0
5864	0
5865	0
5866	0
5867	0
5868	0
5869	0
5870	0
5871	0
5872	0
5873	0
5874	0
5875	0
5876	1
5877	0
5878	0
5879	0
5880	2
5881	0
5882	0
5883	1
5884	0
5885	0
5886	0
5887	1
5888	0
5889	0
5890	0
5891	0
5892	0
5893	0
5894	0
5895	0
5896	1
5897	0
5898	0
5899	2
5900	1
5901	1
5902	0
5903	0
5904	0
5905	0
5906	0
5907	0
5908	1
5909	0
5910	0
5911	1
5912	1
5913	1
5914	0
5915	0
5916	1
5917	0
5918	1
5919	1
5920	1
5921	0
5922	1
5923	0
5924	0
5925	0
5926	0
5927	0
5928	0
5929	0
5930	0
5931	0
5932	0
5933	0
5934	0
5935	1
5936	0
5937	1
5938	1
5939	0
5940	0
5941	0
5942	1
5943	0
5944	0
5945	0
5946	0
5947	0
5948	0
5949	0
5950	2
5951	0
5952	1
5953	1
5954	0
5955	0
5956	0
5957	0
5958	0
5959	0
5960	1
5961	0
5962	0
5963	0
5964	0
5965	1
5966	0
5967	0
5968	0
5969	1
5970	0
5971	0
5972	0
5973	0
5974	1
5975	0
5976	0
5977	0
5978	0
5979	1
5980	0
5981	1
5982	0
5983	0
5984	1
5985	0
5986	1
5987	1
5988	0
5989	0
5990	1
5991	0
5992	0
5993	0
5994	0
5995	0
5996	0
5997	0
5998	1
5999	0
6000	1
6001	0
6002	1
6003	1
6004	0
6005	1
6006	0
6007	0
6008	0
6009	1
6010	0
6011	0
6012	0
6013	0
6014	0
6015	1
6016	0
6017	1
6018	0
6019	0
6020	0
6021	0
6022	0
6023	0
6024	0
6025	0
6026	0
6027	0
6028	0
6029	0
6030	0
6031	0
6032	0
6033	0
6034	0
6035	2
6036	0
6037	0
6038	1
6039	1
6040	2
6041	0
6042	1
6043	0
6044	0
6045	0
6046	0
6047	0
6048	0
6049	0
6050	0
6051	0
6052	0
6053	1
6054	0
6055	0
6056	1
6057	0
6058	0
6059	0
6060	0
6061	1
6062	1
6063	1
6064	1
6065	0
6066	0
6067	1
6068	0
6069	0
6070	0
6071	0
6072	1
6073	0
6074	0
6075	1
6076	1
6077	0
6078	0
6079	0
6080	0
6081	0
6082	1
6083	0
6084	0
6085	1
6086	0
6087	1
6088	0
6089	0
6090	0
6091	0
6092	0
6093	0
6094	1
6095	0
6096	0
6097	0
6098	1
6099	0
6100	0
6101	1
6102	0
6103	0
6104	0
6105	1
6106	0
6107	0
6108	0
6109	0
6110	0
6111	0
6112	0
6113	0
6114	0
6115	1
6116	1
6117	0
6118	1
6119	0
6120	0
6121	0
6122	0
6123	0
6124	0
6125	0
6126	1
6127	0
6128	0
6129	0
6130	0
6131	2
6132	0
6133	0
6134	0
6135	0
6136	0
6137	0
6138	0
6139	1
6140	0
6141	0
6142	0
6143	1
6144	0
6145	1
6146	0
6147	0
6148	0
6149	0
6150	1
6151	0
6152	0
6153	0
6154	0
6155	0
6156	0
6157	1
6158	0
6159	0
6160	0
6161	0
6162	0
6163	0
6164	0
6165	0
6166	0
6167	0
6168	0
6169	0
6170	0
6171	0
6172	0
6173	0
6174	0
6175	1
6176	0
6177	0
6178	0
6179	1
6180	0
6181	1
6182	0
6183	0
6184	0
6185	1
6186	0
6187	0
6188	1
6189	0
6190	0
6191	1
6192	0
6193	0
6194	0
6195	0
6196	0
6197	0
6198	0
6199	0
6200	0
6201	0
6202	0
6203	1
6204	1
6205	0
6206	1
6207	0
6208	1
6209	0
6210	0
6211	0
6212	1
6213	1
6214	0
6215	0
6216	0
6217	0
6218	0
6219	0
6220	0
6221	0
6222	1
6223	0
6224	0
6225	0
6226	0
6227	0
6228	0
6229	1
6230	1
6231	0
6232	1
6233	1
6234	0
6235	0
6236	0
6237	0
6238	0
6239	0
6240	1
6241	0
6242	1
6243	0
6244	0
6245	0
6246	1
6247	0
6248	0
6249	0
6250	0
6251	1
6252	0
6253	1
6254	0
6255	1
6256	0
6257	0
6258	0
6259	1
6260	0
6261	0
6262	0
6263	0
6264	0
6265	0
6266	0
6267	0
6268	0
6269	0
6270	0
6271	0
6272	0
6273	0
6274	0
6275	0
6276	1
6277	0
6278	0
6279	0
6280	0
6281	1
6282	0
6283	0
6284	0
6285	0
6286	2
6287	0
6288	0
6289	0
6290	1
6291	0
6292	0
6293	0
6294	1
6295	1
6296	0
6297	0
6298	1
6299	1
6300	0
6301	1
6302	0
6303	0
6304	0
6305	0
6306	1
6307	0
6308	0
6309	1
6310	0
6311	1
6312	0
6313	2
6314	0
6315	1
6316	0
6317	0
6318	0
6319	0
6320	0
6321	0
6322	0
6323	0
6324	0
6325	1
6326	0
6327	1
6328	0
6329	0
6330	0
6331	0
6332	0
6333	0
6334	0
6335	1
6336	0
6337	0
6338	1
6339	0
6340	0
6341	0
6342	0
6343	0
6344	1
6345	0
6346	1
6347	0
6348	0
6349	0
6350	0
6351	0
6352	0
6353	1
6354	2
6355	0
6356	0
6357	0
6358	0
6359	0
6360	0
6361	0
6362	0
6363	1
6364	0
6365	0
6366	0
6367	1
6368	1
6369	0
6370	1
6371	0
6372	0
6373	1
6374	1
6375	0
6376	0
6377	0
6378	1
6379	0
6380	0
6381	0
6382	0
6383	1
6384	1
6385	0
6386	0
6387	0
6388	0
6389	0
6390	0
6391	0
6392	1
6393	0
6394	0
6395	0
6396	0
6397	0
6398	0
6399	1
6400	1
6401	0
6402	0
6403	2
6404	1
6405	0
6406	1
6407	2
6408	0
6409	1
6410	0
6411	0
6412	0
6413	0
6414	0
6415	0
6416	1
6417	0
6418	1
6419	0
6420	0
6421	0
6422	0
6423	1
6424	0
6425	1
6426	1
6427	1
6428	0
6429	0
6430	0
6431	0
6432	0
6433	0
6434	1
6435	0
6436	1
6437	0
6438	2
6439	0
6440	0
6441	0
6442	0
6443	0
6444	0
6445	2
6446	1
6447	0
6448	0
6449	1
6450	1
6451	0
6452	1
6453	2
6454	1
6455	0
6456	0
6457	1
6458	0
6459	1
6460	3
6461	0
6462	0
6463	1
6464	0
6465	1
6466	1
6467	0
6468	0
6469	0
6470	0
6471	0
6472	0
6473	1
6474	1
6475	0
6476	1
6477	0
6478	0
6479	0
6480	0
6481	0
6482	1
6483	1
6484	0
6485	0
6486	0
6487	0
6488	2
6489	0
6490	0
6491	0
6492	0
6493	1
6494	1
6495	1
6496	2
6497	1
6498	0
6499	0
6500	0
6501	0
6502	0
6503	0
6504	0
6505	0
6506	0
6507	0
6508	0
6509	0
6510	0
6511	2
6512	0
6513	0
6514	0
6515	0
6516	0
6517	0
6518	1
6519	1
6520	0
6521	1
6522	0
6523	0
6524	0
6525	1
6526	2
6527	0
6528	1
6529	0
6530	1
6531	0
6532	1
6533	3
6534	0
6535	1
6536	0
6537	0
6538	0
6539	0
6540	0
6541	0
6542	1
6543	0
6544	0
6545	0
6546	1
6547	0
6548	0
6549	0
6550	3
6551	1
6552	0
6553	0
6554	0
6555	1
6556	0
6557	1
6558	1
6559	0
6560	1
6561	0
6562	0
6563	0
6564	2
6565	1
6566	0
6567	0
6568	2
6569	1
6570	1
6571	0
6572	2
6573	0
6574	4
6575	0
6576	0
6577	0
6578	0
6579	0
6580	2
6581	1
6582	0
6583	0
6584	0
6585	0
6586	0
6587	0
6588	1
6589	0
6590	0
6591	0
6592	1
6593	1
6594	0
6595	0
6596	1
6597	0
6598	0
6599	2
6600	0
6601	2
6602	0
6603	3
6604	0
6605	0
6606	1
6607	1
6608	0
6609	0
6610	0
6611	0
6612	0
6613	1
6614	1
6615	0
6616	1
6617	1
6618	1
6619	0
6620	0
6621	1
6622	0
6623	0
6624	1
6625	1
6626	0
6627	0
6628	0
6629	1
6630	1
6631	1
6632	0
6633	1
6634	0
6635	0
6636	0
6637	0
6638	2
6639	0
6640	0
6641	1
6642	1
6643	1
6644	0
6645	0
6646	1
6647	1
6648	1
6649	1
6650	0
6651	2
6652	1
6653	1
6654	0
6655	0
6656	0
6657	0
6658	0
6659	1
6660	0
6661	0
6662	0
6663	0
6664	0
6665	1
6666	0
6667	0
6668	0
6669	1
6670	0
6671	1
6672	0
6673	0
6674	0
6675	0
6676	1
6677	0
6678	0
6679	1
6680	2
6681	1
6682	1
6683	0
6684	1
6685	0
6686	0
6687	0
6688	2
6689	0
6690	0
6691	0
6692	1
6693	1
6694	0
6695	0
6696	0
6697	1
6698	0
6699	0
6700	0
6701	0
6702	0
6703	0
6704	1
6705	0
6706	0
6707	0
6708	1
6709	0
6710	0
6711	0
6712	0
6713	0
6714	0
6715	0
6716	0
6717	1
6718	1
6719	0
6720	0
6721	0
6722	0
6723	0
6724	0
6725	0
6726	1
6727	1
6728	4
6729	1
6730	1
6731	0
6732	0
6733	0
6734	0
6735	1
6736	2
6737	0
6738	0
6739	1
6740	0
6741	0
6742	0
6743	0
6744	0
6745	0
6746	1
6747	0
6748	0
6749	1
6750	1
6751	1
6752	2
6753	1
6754	0
6755	0
6756	0
6757	0
6758	1
6759	0
6760	2
6761	0
6762	0
6763	0
6764	1
6765	0
6766	0
6767	0
6768	1
6769	2
6770	1
6771	1
6772	0
6773	1
6774	0
6775	0
6776	0
6777	0
6778	0
6779	1
6780	0
6781	1
6782	0
6783	0
6784	0
6785	1
6786	0
6787	0
6788	0
6789	0
6790	0
6791	1
6792	0
6793	0
6794	1
6795	0
6796	0
6797	1
6798	1
6799	0
6800	0
6801	1
6802	1
6803	1
6804	1
6805	0
6806	0
6807	0
6808	0
6809	1
6810	0
6811	0
6812	1
6813	1
6814	0
6815	1
6816	1
6817	1
6818	0
6819	0
6820	0
6821	0
6822	0
6823	1
6824	0
6825	1
6826	0
6827	0
6828	0
6829	0
6830	1
6831	0
6832	0
6833	0
6834	0
6835	0
6836	0
6837	1
6838	0
6839	0
6840	0
6841	0
6842	1
6843	0
6844	0
6845	0
6846	0
6847	0
6848	0
6849	2
6850	0
6851	2
6852	1
6853	1
6854	0
6855	0
6856	0
6857	0
6858	0
6859	1
6860	0
6861	0
6862	1
6863	0
6864	0
6865	0
6866	0
6867	0
6868	0
6869	0
6870	0
6871	0
6872	0
6873	1
6874	1
6875	1
6876	0
6877	0
6878	0
6879	0
6880	0
6881	0
6882	0
6883	0
6884	0
6885	0
6886	0
6887	0
6888	1
6889	2
6890	1
6891	0
6892	0
6893	1
6894	0
6895	1
6896	0
6897	0
6898	1
6899	2
6900	1
6901	0
6902	0
6903	1
6904	0
6905	0
6906	0
6907	1
6908	0
6909	0
6910	0
6911	0
6912	0
6913	0
6914	0
6915	0
6916	1
6917	0
6918	0
6919	0
6920	0
6921	0
6922	0
6923	0
6924	0
6925	0
6926	0
6927	0
6928	0
6929	0
6930	0
6931	1
6932	1
6933	0
6934	0
6935	1
6936	0
6937	1
6938	0
6939	0
6940	0
6941	0
6942	0
6943	0
6944	0
6945	0
6946	0
6947	0
6948	0
6949	0
6950	0
6951	0
6952	2
6953	0
6954	0
6955	0
6956	0
6957	0
6958	0
6959	0
6960	0
6961	0
6962	0
6963	0
6964	1
6965	0
6966	0
6967	0
6968	0
6969	0
6970	0
6971	0
6972	0
6973	0
6974	0
6975	1
6976	0
6977	2
6978	1
6979	0
6980	0
6981	1
6982	0
6983	0
6984	0
6985	0
6986	0
6987	0
6988	0
6989	0
6990	0
6991	0
6992	0
6993	0
6994	2
6995	0
6996	0
6997	1
6998	0
6999	0
7000	0
7001	0
7002	0
7003	0
7004	1
7005	0
7006	0
7007	0
7008	0
7009	0
7010	0
7011	0
7012	1
7013	0
7014	0
7015	0
7016	0
7017	1
7018	0
7019	0
7020	0
7021	0
7022	0
7023	1
7024	0
7025	0
7026	0
7027	1
7028	0
7029	0
7030	1
7031	0
7032	0
7033	0
7034	0
7035	0
7036	0
7037	0
7038	0
7039	0
7040	0
7041	0
7042	0
7043	1
7044	1
7045	0
7046	0
7047	0
7048	0
7049	0
7050	0
7051	0
7052	0
7053	0
7054	0
7055	0
7056	0
7057	0
7058	0
7059	0
7060	0
7061	0
7062	0
7063	0
7064	0
7065	0
7066	0
7067	0
7068	0
7069	1
7070	0
7071	0
7072	0
7073	0
7074	1
7075	0
7076	1
7077	1
7078	0
7079	1
7080	0
7081	2
7082	0
7083	0
7084	0
7085	0
7086	0
7087	0
7088	1
7089	0
7090	0
7091	0
7092	0
7093	0
7094	0
7095	1
7096	0
7097	1
7098	0
7099	0
7100	0
7101	0
7102	1
7103	0
7104	0
7105	0
7106	0
7107	0
7108	0
7109	0
7110	0
7111	2
7112	1
7113	0
7114	0
7115	1
7116	0
7117	0
7118	0
7119	0
7120	0
7121	0
7122	1
7123	0
7124	0
7125	0
7126	1
7127	0
7128	0
7129	1
7130	0
7131	0
7132	0
7133	1
7134	0
7135	0
7136	0
7137	0
7138	0
7139	1
7140	0
7141	0
7142	0
7143	1
7144	0
7145	0
7146	0
7147	1
7148	0
7149	1
7150	0
7151	0
7152	0
7153	0
7154	1
7155	0
7156	0
7157	0
7158	0
7159	0
7160	0
7161	1
7162	0
7163	0
7164	0
7165	0
7166	0
7167	1
7168	0
7169	0
7170	1
7171	0
7172	0
7173	0
7174	0
7175	0
7176	0
7177	0
7178	0
7179	2
7180	0
7181	1
7182	0
7183	1
7184	0
7185	1
7186	0
7187	0
7188	1
7189	0
7190	0
7191	0
7192	0
7193	0
7194	0
7195	0
7196	1
7197	1
7198	0
7199	0
7200	0
7201	0
7202	0
7203	0
7204	0
7205	2
7206	0
7207	0
7208	0
7209	0
7210	0
7211	0
7212	1
7213	1
7214	0
7215	0
7216	1
7217	0
7218	0
7219	0
7220	0
7221	0
7222	1
7223	0
7224	0
7225	0
7226	1
7227	0
7228	1
7229	0
7230	0
7231	0
7232	0
7233	0
7234	0
7235	0
7236	0
7237	0
7238	1
7239	0
7240	0
7241	1
7242	0
7243	0
7244	0
7245	0
7246	0
7247	0
7248	1
7249	1
7250	0
7251	0
7252	0
7253	0
7254	0
7255	0
7256	0
7257	0
7258	0
7259	0
7260	0
7261	0
7262	0
7263	1
7264	0
7265	0
7266	0
7267	0
7268	0
7269	0
7270	0
7271	0
7272	0
7273	0
7274	0
7275	2
7276	2
7277	0
7278	0
7279	0
7280	0
7281	0
7282	0
7283	0
7284	0
7285	0
7286	0
7287	0
7288	0
7289	0
7290	0
7291	0
7292	0
7293	0
7294	1
7295	1
7296	0
7297	0
7298	0
7299	0
7300	0
7301	0
7302	0
7303	1
7304	0
7305	0
7306	0
7307	0
7308	1
7309	0
7310	0
7311	0
7312	0
7313	0
7314	0
7315	0
7316	0
7317	0
7318	0
7319	1
7320	0
7321	0
7322	0
7323	0
7324	0
7325	0
7326	0
7327	0
7328	0
7329	0
7330	0
7331	0
7332	1
7333	0
7334	0
7335	0
7336	0
7337	0
7338	1
7339	0
7340	0
7341	0
7342	0
7343	0
7344	0
7345	0
7346	0
7347	0
7348	0
7349	0
7350	0
7351	0
7352	0
7353	0
7354	0
7355	0
7356	0
7357	0
7358	1
7359	0
7360	0
7361	0
7362	0
7363	0
7364	0
7365	0
7366	0
7367	0
7368	0
7369	0
7370	1
7371	0
7372	0
7373	0
7374	0
7375	0
7376	0
7377	0
7378	0
7379	0
7380	0
7381	0
7382	1
7383	0
7384	0
7385	0
7386	0
7387	0
7388	0
7389	0
7390	0
7391	0
7392	0
7393	0
7394	0
7395	0
7396	0
7397	1
7398	0
7399	0
7400	0
7401	0
7402	0
7403	0
7404	0
7405	0
7406	0
7407	1
7408	0
7409	0
7410	0
7411	1
7412	0
7413	0
7414	1
7415	0
7416	0
7417	0
7418	0
7419	0
7420	0
7421	0
7422	0
7423	0
7424	1
7425	1
7426	0
7427	0
7428	0
7429	0
7430	0
7431	1
7432	0
7433	0
7434	0
7435	0
7436	0
7437	0
7438	0
7439	0
7440	0
7441	0
7442	0
7443	0
7444	0
7445	0
7446	0
7447	0
7448	0
7449	0
7450	0
7451	1
7452	0
7453	0
7454	0
7455	1
7456	0
7457	0
7458	1
7459	0
7460	0
7461	1
7462	0
7463	0
7464	0
7465	1
7466	0
7467	0
7468	0
7469	0
7470	0
7471	0
7472	0
7473	0
7474	1
7475	0
7476	0
7477	0
7478	0
7479	1
7480	0
7481	0
7482	0
7483	0
7484	0
7485	0
7486	1
7487	0
7488	0
7489	0
7490	1
7491	0
7492	0
7493	0
7494	0
7495	0
7496	0
7497	0
7498	0
7499	0
7500	0
7501	0
7502	0
7503	0
7504	0
7505	0
7506	0
7507	0
7508	0
7509	0
7510	0
7511	0
7512	0
7513	1
7514	0
7515	0
7516	0
7517	1
7518	0
7519	0
7520	0
7521	0
7522	0
7523	0
7524	0
7525	1
7526	1
7527	0
7528	0
7529	1
7530	0
7531	0
7532	0
7533	0
7534	0
7535	0
7536	1
7537	0
7538	0
7539	0
7540	0
7541	0
7542	0
7543	0
7544	0
7545	0
7546	0
7547	0
7548	0
7549	0
7550	0
7551	0
7552	0
7553	0
7554	0
7555	0
7556	0
7557	0
7558	0
7559	1
7560	0
7561	0
7562	0
7563	0
7564	0
7565	0
7566	0
7567	0
7568	0
7569	0
7570	0
7571	0
7572	0
7573	1
7574	0
7575	0
7576	0
7577	0
7578	0
7579	0
7580	0
7581	0
7582	0
7583	0
7584	0
7585	0
7586	0
7587	0
7588	0
7589	0
7590	0
7591	0
7592	1
7593	0
7594	0
7595	0
7596	0
7597	1
7598	0
7599	1
7600	0
7601	0
7602	0
7603	0
7604	0
7605	1
7606	0
7607	1
7608	1
7609	0
7610	0
7611	0
7612	1
7613	0
7614	1
7615	0
7616	0
7617	0
7618	0
7619	0
7620	0
7621	0
7622	0
7623	0
7624	0
7625	0
7626	1
7627	0
7628	0
7629	0
7630	0
7631	0
7632	1
7633	0
7634	0
7635	0
7636	0
7637	0
7638	0
7639	0
7640	0
7641	0
7642	0
7643	1
7644	0
7645	0
7646	0
7647	1
7648	0
7649	0
7650	0
7651	0
7652	0
7653	1
7654	0
7655	0
7656	0
7657	0
7658	0
7659	0
7660	0
7661	0
7662	0
7663	0
7664	0
7665	1
7666	0
7667	0
7668	0
7669	0
7670	0
7671	0
7672	0
7673	0
7674	1
7675	0
7676	0
7677	0
7678	0
7679	0
7680	0
7681	0
7682	0
7683	0
7684	0
7685	0
7686	0
7687	0
7688	0
7689	0
7690	0
7691	0
7692	0
7693	0
7694	0
7695	0
7696	0
7697	0
7698	0
7699	0
7700	1
7701	0
7702	1
7703	0
7704	0
7705	0
7706	0
7707	0
7708	0
7709	1
7710	0
7711	0
7712	1
7713	0
7714	0
7715	0
7716	0
7717	0
7718	0
7719	0
7720	0
7721	0
7722	0
7723	0
7724	1
7725	0
7726	1
7727	0
7728	0
7729	0
7730	0
7731	0
7732	0
7733	0
7734	0
7735	0
7736	0
7737	0
7738	0
7739	0
7740	0
7741	0
7742	0
7743	0
7744	0
7745	0
7746	0
7747	0
7748	0
7749	0
7750	0
7751	0
7752	0
7753	0
7754	1
7755	0
7756	0
7757	0
7758	0
7759	0
7760	0
7761	0
7762	1
7763	1
7764	0
7765	0
7766	0
7767	0
7768	0
7769	0
7770	0
7771	0
7772	0
7773	0
7774	2
7775	1
7776	1
7777	0
7778	0
7779	0
7780	2
7781	0
7782	1
7783	1
7784	1
7785	0
7786	0
7787	0
7788	0
7789	1
7790	0
7791	0
7792	0
7793	0
7794	0
7795	0
7796	1
7797	2
7798	0
7799	1
7800	0
7801	0
7802	0
7803	0
7804	0
7805	0
7806	1
7807	0
7808	0
7809	1
7810	1
7811	0
7812	0
7813	0
7814	1
7815	0
7816	1
7817	1
7818	1
7819	0
7820	0
7821	0
7822	0
7823	0
7824	0
7825	0
7826	0
7827	0
7828	0
7829	0
7830	0
7831	0
7832	0
7833	0
7834	0
7835	0
7836	0
7837	0
7838	2
7839	0
7840	0
7841	0
7842	1
7843	0
7844	0
7845	0
7846	1
7847	0
7848	0
7849	0
7850	1
7851	0
7852	2
7853	1
7854	0
7855	0
7856	0
7857	0
7858	0
7859	0
7860	1
7861	0
7862	0
7863	0
7864	2
7865	0
7866	0
7867	0
7868	1
7869	0
7870	0
7871	0
7872	0
7873	0
7874	0
7875	1
7876	0
7877	0
7878	1
7879	1
7880	1
7881	0
7882	1
7883	0
7884	0
7885	0
7886	0
7887	0
7888	0
7889	1
7890	1
7891	1
7892	1
7893	1
7894	1
7895	0
7896	1
7897	0
7898	1
7899	1
7900	0
7901	1
7902	1
7903	0
7904	0
7905	0
7906	0
7907	0
7908	0
7909	1
7910	0
7911	0
7912	0
7913	0
7914	0
7915	0
7916	0
7917	1
7918	0
7919	0
7920	0
7921	0
7922	1
7923	0
7924	0
7925	0
7926	0
7927	0
7928	0
7929	0
7930	1
7931	0
7932	0
7933	0
7934	0
7935	1
7936	0
7937	0
7938	1
7939	3
7940	0
7941	1
7942	0
7943	0
7944	1
7945	3
7946	0
7947	0
7948	1
7949	0
7950	1
7951	0
7952	2
7953	1
7954	0
7955	0
7956	1
7957	1
7958	0
7959	1
7960	1
7961	0
7962	1
7963	0
7964	1
7965	2
7966	0
7967	0
7968	1
7969	0
7970	0
7971	0
7972	0
7973	0
7974	0
7975	0
7976	0
7977	1
7978	0
7979	1
7980	1
7981	2
7982	1
7983	0
7984	0
7985	0
7986	0
7987	1
7988	0
7989	0
7990	1
7991	1
7992	0
7993	0
7994	0
7995	1
7996	1
7997	1
7998	0
7999	1
8000	0
8001	1
8002	1
8003	0
8004	0
8005	1
8006	2
8007	0
8008	0
8009	2
8010	0
8011	1
8012	1
8013	0
8014	0
8015	0
8016	0
8017	0
8018	0
8019	0
8020	0
8021	0
8022	0
8023	0
8024	0
8025	0
8026	0
8027	0
8028	0
8029	0
8030	0
8031	0
8032	0
8033	0
8034	0
8035	0
8036	0
8037	0
8038	0
8039	0
8040	0
8041	0
8042	0
8043	0
8044	0
8045	0
8046	0
8047	0
8048	0
8049	0
8050	0
8051	0
8052	0
8053	0
8054	0
8055	0
8056	0
8057	0
8058	0
8059	0
8060	0
8061	0
8062	0
8063	0
8064	0
8065	0
8066	0
8067	0
8068	0
8069	0
8070	0
8071	0
8072	0
8073	0
8074	0
8075	0
8076	0
8077	0
8078	0
8079	0
8080	0
8081	0
8082	0
8083	0
8084	0
8085	0
8086	0
8087	0
8088	0
8089	0
8090	0
8091	0
8092	0
8093	0
8094	0
8095	0
8096	0
8097	0
8098	0
8099	0
8100	0
8101	0
8102	0
8103	0
8104	0
8105	0
8106	0
8107	0
8108	0
8109	0
8110	0
8111	0
8112	0
8113	0
8114	0
8115	0
8116	0
8117	0
8118	0
8119	0
8120	0
8121	0
8122	0
8123	0
8124	0
8125	0
8126	0
8127	0
8128	0
8129	0
8130	0
8131	0
8132	0
8133	0
8134	0
8135	0
8136	0
8137	0
8138	0
8139	0
8140	0
8141	0
8142	0
8143	0
8144	0
8145	0
8146	0
8147	0
8148	0
8149	0
8150	0
8151	0
8152	0
8153	0
8154	0
8155	0
8156	0
8157	0
8158	0
8159	0
8160	0
8161	0
8162	0
8163	0
8164	0
8165	0
8166	0
8167	0
8168	0
8169	0
8170	0
8171	0
8172	0
8173	0
8174	0
8175	0
8176	0
8177	0
8178	0
8179	0
8180	0
8181	0
8182	0
8183	0
8184	0
8185	0
8186	0
8187	0
8188	0
8189	0
8190	0
8191	0
