0	0
1	0
2	0
3	0
4	0
5	0
6	0
7	0
8	0
9	0
10	0
11	0
12	0
13	0
14	0
15	0
16	0
17	0
18	0
19	0
20	0
21	0
22	0
23	0
24	0
25	0
26	0
27	0
28	0
29	0
30	0
31	0
32	0
33	0
34	0
35	0
36	0
37	0
38	0
39	0
40	0
41	0
42	0
43	6
44	25
45	81
46	99
47	82
48	88
49	75
50	74
51	72
52	68
53	52
54	60
55	55
56	64
57	60
58	72
59	64
60	66
61	69
62	84
63	68
64	59
65	72
66	49
67	63
68	70
69	59
70	46
71	43
72	53
73	53
74	67
75	73
76	75
77	81
78	90
79	64
80	57
81	66
82	47
83	39
84	47
85	42
86	44
87	38
88	36
89	43
90	54
91	55
92	58
93	40
94	46
95	39
96	40
97	47
98	58
99	36
100	50
101	42
102	32
103	54
104	41
105	46
106	36
107	45
108	57
109	44
110	52
111	44
112	57
113	43
114	51
115	46
116	64
117	49
118	49
119	48
120	45
121	66
122	53
123	44
124	44
125	44
126	49
127	46
128	49
129	54
130	57
131	46
132	51
133	58
134	59
135	61
136	65
137	53
138	57
139	59
140	65
141	67
142	57
143	67
144	63
145	70
146	66
147	74
148	62
149	67
150	55
151	72
152	75
153	61
154	75
155	67
156	77
157	59
158	77
159	69
160	68
161	78
162	89
163	94
164	86
165	84
166	74
167	84
168	92
169	91
170	94
171	86
172	101
173	82
174	93
175	88
176	95
177	121
178	99
179	97
180	95
181	105
182	90
183	116
184	103
185	121
186	118
187	112
188	116
189	123
190	108
191	111
192	97
193	126
194	118
195	136
196	110
197	113
198	122
199	114
200	120
201	126
202	153
203	131
204	124
205	144
206	132
207	147
208	137
209	133
210	133
211	116
212	121
213	143
214	152
215	179
216	144
217	172
218	141
219	165
220	154
221	130
222	167
223	180
224	159
225	160
226	161
227	153
228	176
229	176
230	165
231	133
232	174
233	185
234	166
235	174
236	148
237	185
238	163
239	172
240	179
241	178
242	182
243	169
244	192
245	167
246	186
247	164
248	179
249	168
250	169
251	193
252	177
253	191
254	154
255	181
256	179
257	168
258	192
259	174
260	180
261	186
262	184
263	194
264	191
265	174
266	188
267	157
268	182
269	198
270	194
271	223
272	162
273	210
274	189
275	206
276	182
277	169
278	178
279	166
280	211
281	194
282	188
283	178
284	196
285	195
286	195
287	186
288	186
289	192
290	165
291	179
292	189
293	178
294	194
295	188
296	167
297	201
298	174
299	191
300	179
301	210
302	202
303	158
304	191
305	200
306	203
307	195
308	199
309	196
310	191
311	186
312	219
313	203
314	169
315	190
316	174
317	192
318	192
319	194
320	185
321	201
322	199
323	184
324	183
325	214
326	180
327	204
328	201
329	190
330	212
331	184
332	197
333	171
334	208
335	181
336	198
337	165
338	181
339	178
340	196
341	184
342	186
343	187
344	200
345	177
346	169
347	208
348	193
349	169
350	183
351	187
352	168
353	207
354	193
355	167
356	188
357	190
358	173
359	171
360	171
361	182
362	200
363	151
364	172
365	198
366	205
367	190
368	186
369	188
370	167
371	178
372	195
373	163
374	190
375	183
376	180
377	190
378	164
379	172
380	165
381	164
382	156
383	178
384	171
385	166
386	162
387	165
388	177
389	175
390	156
391	172
392	170
393	166
394	167
395	164
396	196
397	167
398	186
399	185
400	164
401	176
402	177
403	161
404	155
405	171
406	149
407	144
408	172
409	162
410	159
411	165
412	174
413	161
414	158
415	154
416	158
417	180
418	153
419	137
420	140
421	152
422	163
423	189
424	163
425	143
426	172
427	158
428	160
429	171
430	160
431	131
432	174
433	159
434	144
435	145
436	152
437	154
438	165
439	135
440	160
441	156
442	148
443	150
444	165
445	176
446	148
447	147
448	141
449	155
450	137
451	128
452	174
453	133
454	117
455	150
456	160
457	150
458	149
459	157
460	148
461	154
462	147
463	145
464	134
465	146
466	149
467	150
468	130
469	129
470	125
471	138
472	138
473	138
474	131
475	140
476	121
477	119
478	132
479	146
480	142
481	139
482	138
483	144
484	149
485	143
486	155
487	152
488	153
489	141
490	119
491	141
492	134
493	106
494	134
495	110
496	90
497	149
498	121
499	136
500	143
501	123
502	133
503	134
504	126
505	135
506	117
507	123
508	114
509	115
510	128
511	115
512	137
513	122
514	111
515	128
516	112
517	108
518	131
519	122
520	124
521	121
522	105
523	127
524	112
525	124
526	121
527	132
528	142
529	125
530	136
531	136
532	149
533	135
534	122
535	124
536	113
537	117
538	127
539	120
540	134
541	135
542	128
543	134
544	127
545	120
546	94
547	122
548	131
549	100
550	127
551	119
552	108
553	108
554	117
555	129
556	116
557	112
558	110
559	127
560	125
561	117
562	101
563	124
564	110
565	108
566	115
567	100
568	117
569	129
570	101
571	123
572	108
573	119
574	95
575	101
576	116
577	128
578	125
579	101
580	120
581	103
582	96
583	118
584	121
585	122
586	100
587	118
588	101
589	117
590	99
591	106
592	106
593	103
594	102
595	121
596	111
597	107
598	108
599	113
600	124
601	116
602	105
603	108
604	104
605	97
606	107
607	109
608	97
609	91
610	94
611	109
612	109
613	115
614	105
615	98
616	80
617	98
618	105
619	101
620	98
621	101
622	115
623	84
624	98
625	91
626	100
627	100
628	90
629	93
630	104
631	83
632	89
633	102
634	101
635	96
636	103
637	97
638	84
639	112
640	102
641	104
642	71
643	76
644	93
645	95
646	109
647	116
648	96
649	102
650	80
651	84
652	87
653	92
654	86
655	83
656	87
657	82
658	93
659	92
660	83
661	70
662	113
663	98
664	108
665	76
666	86
667	89
668	76
669	83
670	87
671	74
672	90
673	76
674	73
675	86
676	86
677	83
678	84
679	92
680	87
681	87
682	86
683	75
684	77
685	92
686	77
687	85
688	83
689	79
690	93
691	88
692	98
693	78
694	94
695	89
696	72
697	88
698	70
699	81
700	77
701	79
702	73
703	68
704	71
705	61
706	64
707	77
708	61
709	84
710	77
711	85
712	84
713	76
714	68
715	74
716	91
717	86
718	86
719	71
720	70
721	66
722	58
723	65
724	74
725	81
726	66
727	68
728	72
729	73
730	80
731	71
732	74
733	65
734	66
735	71
736	64
737	80
738	87
739	86
740	76
741	74
742	72
743	75
744	62
745	62
746	63
747	87
748	76
749	72
750	62
751	83
752	80
753	54
754	78
755	70
756	63
757	80
758	66
759	82
760	78
761	72
762	63
763	65
764	75
765	70
766	76
767	65
768	67
769	74
770	79
771	83
772	76
773	65
774	75
775	70
776	81
777	73
778	70
779	65
780	57
781	74
782	73
783	66
784	55
785	67
786	62
787	69
788	52
789	59
790	61
791	61
792	62
793	68
794	64
795	75
796	61
797	49
798	66
799	47
800	61
801	63
802	67
803	62
804	49
805	52
806	59
807	42
808	73
809	58
810	50
811	53
812	53
813	65
814	62
815	50
816	62
817	86
818	46
819	60
820	46
821	54
822	64
823	60
824	51
825	55
826	64
827	54
828	47
829	40
830	37
831	68
832	44
833	52
834	48
835	53
836	49
837	52
838	65
839	63
840	61
841	57
842	59
843	45
844	51
845	52
846	62
847	65
848	53
849	43
850	53
851	53
852	47
853	43
854	46
855	62
856	59
857	55
858	48
859	41
860	58
861	49
862	44
863	49
864	42
865	42
866	39
867	44
868	56
869	42
870	61
871	58
872	52
873	40
874	53
875	45
876	56
877	64
878	53
879	36
880	46
881	42
882	49
883	45
884	44
885	43
886	62
887	34
888	56
889	42
890	45
891	28
892	46
893	56
894	50
895	43
896	50
897	42
898	43
899	38
900	36
901	53
902	42
903	44
904	48
905	38
906	39
907	56
908	40
909	40
910	31
911	43
912	47
913	42
914	43
915	35
916	40
917	39
918	39
919	49
920	55
921	36
922	49
923	45
924	52
925	58
926	43
927	35
928	49
929	45
930	34
931	37
932	41
933	33
934	40
935	46
936	39
937	38
938	60
939	46
940	36
941	57
942	49
943	53
944	38
945	46
946	46
947	48
948	26
949	38
950	38
951	43
952	53
953	32
954	35
955	41
956	42
957	52
958	52
959	38
960	39
961	46
962	41
963	35
964	35
965	41
966	46
967	35
968	43
969	46
970	43
971	37
972	40
973	34
974	50
975	44
976	51
977	37
978	38
979	35
980	33
981	42
982	38
983	49
984	48
985	40
986	31
987	39
988	35
989	32
990	35
991	42
992	33
993	31
994	41
995	25
996	32
997	55
998	29
999	30
1000	42
1001	35
1002	31
1003	30
1004	39
1005	34
1006	46
1007	35
1008	33
1009	27
1010	34
1011	43
1012	32
1013	33
1014	44
1015	45
1016	28
1017	30
1018	21
1019	43
1020	32
1021	35
1022	31
1023	37
1024	29
1025	33
1026	33
1027	38
1028	38
1029	44
1030	39
1031	32
1032	39
1033	29
1034	45
1035	29
1036	26
1037	36
1038	29
1039	33
1040	31
1041	27
1042	38
1043	23
1044	23
1045	33
1046	29
1047	32
1048	30
1049	22
1050	29
1051	26
1052	32
1053	32
1054	31
1055	26
1056	35
1057	35
1058	25
1059	38
1060	33
1061	22
1062	34
1063	41
1064	32
1065	39
1066	34
1067	24
1068	39
1069	32
1070	35
1071	27
1072	29
1073	38
1074	39
1075	40
1076	47
1077	29
1078	34
1079	35
1080	41
1081	29
1082	35
1083	30
1084	36
1085	36
1086	34
1087	24
1088	32
1089	35
1090	33
1091	34
1092	40
1093	37
1094	33
1095	28
1096	31
1097	29
1098	26
1099	35
1100	25
1101	25
1102	32
1103	37
1104	29
1105	25
1106	40
1107	26
1108	30
1109	40
1110	27
1111	32
1112	42
1113	29
1114	33
1115	33
1116	36
1117	27
1118	30
1119	27
1120	33
1121	27
1122	35
1123	32
1124	30
1125	33
1126	35
1127	24
1128	26
1129	26
1130	27
1131	32
1132	34
1133	26
1134	30
1135	34
1136	36
1137	31
1138	31
1139	35
1140	25
1141	29
1142	22
1143	35
1144	26
1145	26
1146	25
1147	23
1148	25
1149	28
1150	37
1151	22
1152	29
1153	25
1154	32
1155	33
1156	28
1157	31
1158	27
1159	27
1160	40
1161	30
1162	34
1163	26
1164	38
1165	23
1166	34
1167	34
1168	23
1169	28
1170	35
1171	37
1172	30
1173	25
1174	25
1175	30
1176	30
1177	27
1178	17
1179	25
1180	27
1181	26
1182	33
1183	38
1184	33
1185	26
1186	32
1187	34
1188	32
1189	25
1190	34
1191	23
1192	28
1193	20
1194	25
1195	22
1196	21
1197	21
1198	26
1199	27
1200	15
1201	27
1202	26
1203	25
1204	30
1205	29
1206	23
1207	21
1208	21
1209	30
1210	26
1211	26
1212	15
1213	23
1214	25
1215	29
1216	22
1217	21
1218	18
1219	18
1220	19
1221	23
1222	25
1223	23
1224	30
1225	17
1226	27
1227	23
1228	20
1229	33
1230	29
1231	15
1232	18
1233	24
1234	17
1235	17
1236	23
1237	18
1238	21
1239	22
1240	12
1241	25
1242	23
1243	17
1244	20
1245	29
1246	17
1247	21
1248	23
1249	15
1250	11
1251	9
1252	21
1253	19
1254	21
1255	27
1256	16
1257	22
1258	23
1259	29
1260	29
1261	18
1262	17
1263	21
1264	26
1265	18
1266	23
1267	24
1268	20
1269	17
1270	20
1271	32
1272	18
1273	19
1274	22
1275	15
1276	21
1277	17
1278	23
1279	26
1280	24
1281	20
1282	19
1283	26
1284	14
1285	16
1286	14
1287	16
1288	16
1289	22
1290	18
1291	17
1292	18
1293	23
1294	16
1295	18
1296	22
1297	16
1298	18
1299	21
1300	7
1301	19
1302	21
1303	20
1304	11
1305	21
1306	14
1307	15
1308	21
1309	24
1310	23
1311	17
1312	23
1313	23
1314	15
1315	17
1316	27
1317	22
1318	18
1319	19
1320	16
1321	17
1322	16
1323	24
1324	17
1325	19
1326	17
1327	19
1328	17
1329	20
1330	23
1331	21
1332	20
1333	11
1334	16
1335	17
1336	23
1337	27
1338	24
1339	15
1340	19
1341	17
1342	19
1343	22
1344	24
1345	28
1346	13
1347	19
1348	13
1349	19
1350	21
1351	10
1352	18
1353	17
1354	22
1355	15
1356	13
1357	26
1358	6
1359	18
1360	23
1361	15
1362	14
1363	14
1364	21
1365	14
1366	22
1367	16
1368	25
1369	21
1370	18
1371	15
1372	13
1373	19
1374	12
1375	23
1376	29
1377	16
1378	16
1379	17
1380	10
1381	15
1382	18
1383	16
1384	13
1385	14
1386	16
1387	28
1388	15
1389	21
1390	16
1391	12
1392	24
1393	19
1394	18
1395	22
1396	18
1397	17
1398	15
1399	10
1400	20
1401	12
1402	19
1403	18
1404	16
1405	16
1406	17
1407	17
1408	23
1409	21
1410	11
1411	15
1412	17
1413	12
1414	21
1415	11
1416	11
1417	13
1418	22
1419	17
1420	18
1421	19
1422	8
1423	13
1424	21
1425	24
1426	19
1427	23
1428	13
1429	27
1430	10
1431	18
1432	15
1433	20
1434	11
1435	16
1436	24
1437	19
1438	14
1439	16
1440	14
1441	21
1442	9
1443	12
1444	20
1445	15
1446	12
1447	18
1448	14
1449	19
1450	14
1451	9
1452	15
1453	22
1454	23
1455	18
1456	25
1457	17
1458	17
1459	19
1460	19
1461	11
1462	18
1463	17
1464	12
1465	20
1466	22
1467	17
1468	17
1469	16
1470	13
1471	15
1472	13
1473	19
1474	11
1475	17
1476	11
1477	16
1478	18
1479	11
1480	10
1481	10
1482	15
1483	16
1484	18
1485	15
1486	13
1487	18
1488	17
1489	15
1490	15
1491	7
1492	14
1493	13
1494	18
1495	20
1496	21
1497	24
1498	17
1499	13
1500	17
1501	6
1502	12
1503	14
1504	12
1505	9
1506	13
1507	16
1508	15
1509	18
1510	16
1511	21
1512	16
1513	11
1514	17
1515	14
1516	13
1517	14
1518	13
1519	16
1520	12
1521	18
1522	17
1523	11
1524	20
1525	13
1526	8
1527	17
1528	15
1529	16
1530	16
1531	19
1532	22
1533	21
1534	15
1535	15
1536	10
1537	13
1538	11
1539	16
1540	16
1541	19
1542	17
1543	17
1544	18
1545	23
1546	9
1547	20
1548	10
1549	14
1550	19
1551	19
1552	9
1553	18
1554	20
1555	23
1556	11
1557	14
1558	12
1559	9
1560	20
1561	20
1562	16
1563	11
1564	17
1565	20
1566	23
1567	15
1568	22
1569	19
1570	13
1571	11
1572	12
1573	10
1574	10
1575	12
1576	19
1577	21
1578	16
1579	16
1580	18
1581	14
1582	16
1583	17
1584	15
1585	15
1586	24
1587	19
1588	19
1589	14
1590	16
1591	16
1592	29
1593	15
1594	17
1595	25
1596	19
1597	14
1598	21
1599	15
1600	21
1601	16
1602	18
1603	25
1604	16
1605	18
1606	18
1607	16
1608	21
1609	12
1610	15
1611	29
1612	22
1613	16
1614	12
1615	14
1616	21
1617	17
1618	21
1619	25
1620	28
1621	20
1622	15
1623	21
1624	15
1625	17
1626	21
1627	11
1628	23
1629	18
1630	15
1631	17
1632	19
1633	23
1634	15
1635	18
1636	22
1637	19
1638	17
1639	17
1640	11
1641	22
1642	13
1643	17
1644	15
1645	19
1646	27
1647	18
1648	23
1649	19
1650	14
1651	14
1652	12
1653	16
1654	13
1655	14
1656	24
1657	12
1658	15
1659	13
1660	18
1661	15
1662	18
1663	10
1664	10
1665	13
1666	13
1667	16
1668	24
1669	8
1670	16
1671	14
1672	12
1673	15
1674	19
1675	15
1676	12
1677	12
1678	9
1679	17
1680	18
1681	14
1682	16
1683	15
1684	12
1685	22
1686	26
1687	13
1688	13
1689	11
1690	14
1691	15
1692	13
1693	19
1694	11
1695	18
1696	13
1697	13
1698	19
1699	19
1700	18
1701	14
1702	20
1703	16
1704	19
1705	15
1706	13
1707	17
1708	10
1709	7
1710	19
1711	10
1712	11
1713	15
1714	14
1715	15
1716	12
1717	13
1718	9
1719	11
1720	11
1721	9
1722	16
1723	14
1724	11
1725	12
1726	13
1727	9
1728	12
1729	10
1730	10
1731	11
1732	9
1733	9
1734	8
1735	13
1736	5
1737	9
1738	12
1739	9
1740	10
1741	19
1742	9
1743	17
1744	10
1745	10
1746	18
1747	18
1748	8
1749	12
1750	13
1751	21
1752	12
1753	8
1754	7
1755	19
1756	9
1757	8
1758	14
1759	11
1760	12
1761	9
1762	20
1763	14
1764	5
1765	22
1766	15
1767	11
1768	8
1769	19
1770	7
1771	21
1772	10
1773	11
1774	14
1775	13
1776	15
1777	12
1778	11
1779	11
1780	10
1781	9
1782	11
1783	15
1784	16
1785	9
1786	11
1787	11
1788	10
1789	14
1790	16
1791	17
1792	10
1793	12
1794	13
1795	9
1796	13
1797	12
1798	6
1799	12
1800	14
1801	11
1802	9
1803	9
1804	8
1805	8
1806	11
1807	10
1808	8
1809	19
1810	15
1811	22
1812	7
1813	14
1814	12
1815	15
1816	9
1817	17
1818	8
1819	7
1820	11
1821	17
1822	20
1823	8
1824	17
1825	12
1826	19
1827	17
1828	10
1829	19
1830	10
1831	13
1832	16
1833	10
1834	5
1835	13
1836	9
1837	11
1838	7
1839	13
1840	15
1841	16
1842	8
1843	10
1844	6
1845	15
1846	13
1847	15
1848	7
1849	16
1850	8
1851	10
1852	14
1853	6
1854	12
1855	11
1856	8
1857	10
1858	12
1859	10
1860	8
1861	10
1862	19
1863	11
1864	10
1865	14
1866	13
1867	9
1868	11
1869	11
1870	13
1871	7
1872	7
1873	15
1874	14
1875	11
1876	10
1877	17
1878	15
1879	14
1880	9
1881	14
1882	10
1883	9
1884	5
1885	14
1886	14
1887	10
1888	9
1889	14
1890	11
1891	15
1892	11
1893	15
1894	17
1895	16
1896	11
1897	7
1898	12
1899	17
1900	6
1901	11
1902	11
1903	8
1904	15
1905	10
1906	10
1907	17
1908	9
1909	14
1910	13
1911	13
1912	10
1913	7
1914	16
1915	13
1916	13
1917	11
1918	12
1919	7
1920	8
1921	11
1922	14
1923	12
1924	4
1925	14
1926	8
1927	14
1928	8
1929	6
1930	11
1931	12
1932	15
1933	8
1934	11
1935	10
1936	10
1937	14
1938	14
1939	9
1940	14
1941	10
1942	12
1943	9
1944	11
1945	12
1946	9
1947	13
1948	12
1949	9
1950	16
1951	10
1952	10
1953	10
1954	13
1955	8
1956	12
1957	8
1958	8
1959	4
1960	7
1961	11
1962	7
1963	19
1964	11
1965	11
1966	20
1967	9
1968	6
1969	11
1970	18
1971	8
1972	6
1973	12
1974	10
1975	15
1976	14
1977	13
1978	11
1979	10
1980	12
1981	16
1982	9
1983	7
1984	13
1985	11
1986	14
1987	10
1988	11
1989	15
1990	21
1991	14
1992	13
1993	13
1994	13
1995	16
1996	17
1997	10
1998	7
1999	14
2000	13
2001	8
2002	7
2003	12
2004	10
2005	6
2006	15
2007	2
2008	8
2009	11
2010	11
2011	14
2012	16
2013	10
2014	13
2015	10
2016	16
2017	10
2018	10
2019	4
2020	8
2021	4
2022	12
2023	10
2024	10
2025	8
2026	5
2027	10
2028	17
2029	7
2030	13
2031	6
2032	12
2033	9
2034	7
2035	7
2036	14
2037	12
2038	9
2039	10
2040	16
2041	14
2042	11
2043	12
2044	11
2045	14
2046	6
2047	16
2048	10
2049	10
2050	7
2051	10
2052	18
2053	11
2054	13
2055	8
2056	11
2057	9
2058	9
2059	7
2060	9
2061	11
2062	7
2063	10
2064	6
2065	9
2066	9
2067	11
2068	8
2069	7
2070	13
2071	13
2072	16
2073	14
2074	16
2075	12
2076	14
2077	14
2078	6
2079	18
2080	8
2081	14
2082	18
2083	12
2084	16
2085	14
2086	11
2087	13
2088	9
2089	10
2090	12
2091	9
2092	12
2093	15
2094	8
2095	12
2096	9
2097	4
2098	7
2099	9
2100	10
2101	15
2102	14
2103	10
2104	13
2105	7
2106	17
2107	10
2108	9
2109	12
2110	6
2111	4
2112	7
2113	5
2114	5
2115	13
2116	10
2117	11
2118	8
2119	12
2120	10
2121	9
2122	8
2123	13
2124	11
2125	14
2126	18
2127	10
2128	8
2129	14
2130	12
2131	9
2132	11
2133	7
2134	11
2135	10
2136	14
2137	9
2138	9
2139	8
2140	12
2141	6
2142	12
2143	9
2144	13
2145	11
2146	9
2147	9
2148	11
2149	16
2150	6
2151	13
2152	12
2153	7
2154	13
2155	9
2156	10
2157	7
2158	15
2159	11
2160	16
2161	9
2162	14
2163	9
2164	9
2165	11
2166	6
2167	10
2168	10
2169	8
2170	11
2171	6
2172	10
2173	10
2174	7
2175	7
2176	10
2177	10
2178	6
2179	9
2180	3
2181	8
2182	8
2183	9
2184	12
2185	8
2186	5
2187	10
2188	8
2189	15
2190	11
2191	8
2192	4
2193	5
2194	6
2195	4
2196	9
2197	9
2198	7
2199	7
2200	3
2201	6
2202	7
2203	6
2204	6
2205	4
2206	11
2207	5
2208	11
2209	7
2210	6
2211	12
2212	6
2213	5
2214	8
2215	6
2216	9
2217	6
2218	13
2219	4
2220	7
2221	5
2222	3
2223	9
2224	8
2225	6
2226	5
2227	6
2228	7
2229	10
2230	6
2231	1
2232	11
2233	5
2234	3
2235	11
2236	10
2237	7
2238	7
2239	1
2240	11
2241	10
2242	10
2243	8
2244	8
2245	5
2246	9
2247	7
2248	5
2249	6
2250	7
2251	7
2252	3
2253	6
2254	11
2255	5
2256	7
2257	7
2258	12
2259	8
2260	4
2261	8
2262	9
2263	8
2264	8
2265	6
2266	6
2267	5
2268	5
2269	3
2270	6
2271	4
2272	9
2273	12
2274	6
2275	6
2276	6
2277	4
2278	9
2279	6
2280	10
2281	7
2282	9
2283	6
2284	7
2285	3
2286	5
2287	5
2288	8
2289	7
2290	6
2291	9
2292	6
2293	8
2294	5
2295	11
2296	4
2297	10
2298	6
2299	1
2300	2
2301	9
2302	8
2303	9
2304	8
2305	4
2306	7
2307	5
2308	5
2309	9
2310	4
2311	5
2312	4
2313	7
2314	7
2315	11
2316	7
2317	11
2318	6
2319	3
2320	3
2321	11
2322	6
2323	4
2324	5
2325	7
2326	8
2327	5
2328	5
2329	7
2330	7
2331	3
2332	5
2333	11
2334	9
2335	4
2336	5
2337	6
2338	5
2339	6
2340	2
2341	3
2342	10
2343	7
2344	8
2345	5
2346	5
2347	6
2348	2
2349	6
2350	5
2351	5
2352	5
2353	7
2354	5
2355	4
2356	6
2357	8
2358	7
2359	6
2360	4
2361	6
2362	7
2363	6
2364	10
2365	6
2366	3
2367	7
2368	9
2369	6
2370	6
2371	7
2372	6
2373	11
2374	5
2375	4
2376	13
2377	9
2378	7
2379	2
2380	4
2381	4
2382	8
2383	7
2384	6
2385	11
2386	6
2387	4
2388	4
2389	7
2390	1
2391	5
2392	11
2393	7
2394	2
2395	3
2396	5
2397	6
2398	4
2399	7
2400	4
2401	7
2402	4
2403	6
2404	4
2405	7
2406	6
2407	8
2408	7
2409	4
2410	5
2411	6
2412	11
2413	6
2414	8
2415	4
2416	3
2417	5
2418	8
2419	5
2420	5
2421	6
2422	5
2423	5
2424	6
2425	7
2426	3
2427	6
2428	3
2429	6
2430	7
2431	6
2432	10
2433	5
2434	9
2435	6
2436	7
2437	6
2438	6
2439	10
2440	2
2441	7
2442	1
2443	6
2444	7
2445	4
2446	6
2447	6
2448	7
2449	6
2450	6
2451	6
2452	1
2453	5
2454	8
2455	6
2456	8
2457	5
2458	4
2459	9
2460	10
2461	8
2462	5
2463	12
2464	12
2465	7
2466	10
2467	8
2468	9
2469	10
2470	6
2471	5
2472	1
2473	5
2474	6
2475	5
2476	5
2477	11
2478	5
2479	11
2480	4
2481	5
2482	4
2483	8
2484	3
2485	3
2486	6
2487	4
2488	3
2489	6
2490	3
2491	4
2492	1
2493	6
2494	4
2495	5
2496	3
2497	4
2498	6
2499	7
2500	1
2501	8
2502	6
2503	10
2504	10
2505	12
2506	3
2507	3
2508	4
2509	8
2510	6
2511	6
2512	4
2513	5
2514	5
2515	3
2516	6
2517	2
2518	2
2519	4
2520	7
2521	4
2522	7
2523	4
2524	8
2525	5
2526	2
2527	8
2528	2
2529	6
2530	3
2531	10
2532	2
2533	3
2534	6
2535	8
2536	7
2537	8
2538	4
2539	8
2540	8
2541	3
2542	6
2543	7
2544	6
2545	6
2546	7
2547	7
2548	4
2549	3
2550	5
2551	9
2552	9
2553	8
2554	5
2555	3
2556	8
2557	6
2558	5
2559	1
2560	5
2561	5
2562	3
2563	10
2564	4
2565	8
2566	6
2567	6
2568	6
2569	4
2570	5
2571	5
2572	1
2573	4
2574	11
2575	3
2576	4
2577	8
2578	4
2579	10
2580	2
2581	5
2582	7
2583	6
2584	8
2585	6
2586	7
2587	10
2588	3
2589	4
2590	6
2591	3
2592	3
2593	9
2594	3
2595	5
2596	9
2597	7
2598	5
2599	6
2600	2
2601	8
2602	11
2603	1
2604	9
2605	7
2606	3
2607	6
2608	4
2609	7
2610	5
2611	3
2612	4
2613	5
2614	3
2615	8
2616	8
2617	7
2618	3
2619	3
2620	7
2621	8
2622	7
2623	5
2624	5
2625	7
2626	4
2627	5
2628	2
2629	3
2630	8
2631	8
2632	6
2633	4
2634	6
2635	5
2636	6
2637	7
2638	8
2639	5
2640	5
2641	8
2642	5
2643	4
2644	6
2645	7
2646	8
2647	3
2648	8
2649	9
2650	6
2651	3
2652	6
2653	4
2654	8
2655	7
2656	5
2657	5
2658	4
2659	6
2660	4
2661	6
2662	5
2663	1
2664	3
2665	2
2666	8
2667	3
2668	7
2669	8
2670	5
2671	3
2672	6
2673	6
2674	4
2675	6
2676	5
2677	2
2678	3
2679	3
2680	2
2681	5
2682	6
2683	5
2684	9
2685	5
2686	4
2687	8
2688	8
2689	4
2690	4
2691	8
2692	6
2693	4
2694	7
2695	6
2696	5
2697	5
2698	3
2699	9
2700	3
2701	6
2702	13
2703	2
2704	4
2705	4
2706	6
2707	10
2708	1
2709	4
2710	9
2711	10
2712	4
2713	7
2714	9
2715	3
2716	2
2717	6
2718	4
2719	9
2720	4
2721	10
2722	5
2723	7
2724	6
2725	5
2726	8
2727	2
2728	3
2729	7
2730	5
2731	9
2732	6
2733	3
2734	4
2735	5
2736	3
2737	3
2738	4
2739	9
2740	3
2741	3
2742	4
2743	8
2744	4
2745	4
2746	6
2747	4
2748	8
2749	9
2750	5
2751	3
2752	4
2753	6
2754	4
2755	6
2756	7
2757	6
2758	5
2759	6
2760	4
2761	1
2762	4
2763	2
2764	8
2765	5
2766	12
2767	5
2768	9
2769	5
2770	5
2771	3
2772	6
2773	6
2774	2
2775	4
2776	3
2777	2
2778	10
2779	6
2780	9
2781	1
2782	4
2783	4
2784	8
2785	7
2786	6
2787	3
2788	4
2789	3
2790	2
2791	5
2792	6
2793	4
2794	4
2795	5
2796	5
2797	4
2798	2
2799	5
2800	4
2801	3
2802	6
2803	5
2804	10
2805	0
2806	3
2807	3
2808	4
2809	5
2810	5
2811	11
2812	3
2813	8
2814	5
2815	8
2816	6
2817	2
2818	3
2819	6
2820	2
2821	6
2822	7
2823	5
2824	4
2825	4
2826	8
2827	4
2828	4
2829	4
2830	2
2831	5
2832	3
2833	5
2834	5
2835	7
2836	7
2837	6
2838	8
2839	3
2840	4
2841	5
2842	4
2843	2
2844	5
2845	6
2846	2
2847	2
2848	8
2849	7
2850	4
2851	8
2852	5
2853	5
2854	3
2855	7
2856	5
2857	3
2858	9
2859	1
2860	6
2861	8
2862	2
2863	7
2864	1
2865	5
2866	7
2867	4
2868	6
2869	2
2870	9
2871	3
2872	9
2873	6
2874	8
2875	8
2876	5
2877	4
2878	7
2879	6
2880	5
2881	7
2882	3
2883	1
2884	2
2885	2
2886	9
2887	7
2888	7
2889	8
2890	6
2891	5
2892	7
2893	7
2894	4
2895	7
2896	5
2897	1
2898	11
2899	7
2900	6
2901	2
2902	5
2903	7
2904	4
2905	9
2906	9
2907	6
2908	6
2909	5
2910	4
2911	7
2912	6
2913	4
2914	6
2915	3
2916	3
2917	5
2918	7
2919	5
2920	7
2921	9
2922	3
2923	5
2924	9
2925	7
2926	4
2927	5
2928	4
2929	4
2930	4
2931	7
2932	5
2933	5
2934	3
2935	8
2936	9
2937	3
2938	3
2939	5
2940	4
2941	4
2942	3
2943	5
2944	8
2945	1
2946	1
2947	5
2948	1
2949	1
2950	7
2951	6
2952	3
2953	6
2954	3
2955	6
2956	7
2957	7
2958	2
2959	5
2960	5
2961	7
2962	5
2963	8
2964	4
2965	3
2966	3
2967	2
2968	3
2969	4
2970	7
2971	11
2972	5
2973	6
2974	2
2975	2
2976	4
2977	3
2978	3
2979	2
2980	7
2981	7
2982	3
2983	3
2984	6
2985	5
2986	10
2987	6
2988	7
2989	2
2990	2
2991	3
2992	3
2993	4
2994	6
2995	10
2996	1
2997	2
2998	5
2999	5
3000	8
3001	5
3002	2
3003	4
3004	7
3005	8
3006	6
3007	3
3008	6
3009	5
3010	2
3011	8
3012	5
3013	7
3014	7
3015	6
3016	6
3017	3
3018	3
3019	7
3020	5
3021	6
3022	3
3023	6
3024	4
3025	6
3026	5
3027	6
3028	4
3029	1
3030	4
3031	7
3032	5
3033	4
3034	6
3035	4
3036	5
3037	3
3038	4
3039	3
3040	4
3041	3
3042	4
3043	2
3044	3
3045	4
3046	6
3047	7
3048	5
3049	4
3050	5
3051	5
3052	2
3053	1
3054	3
3055	6
3056	4
3057	6
3058	8
3059	4
3060	4
3061	2
3062	7
3063	4
3064	10
3065	6
3066	9
3067	1
3068	4
3069	7
3070	2
3071	6
3072	4
3073	4
3074	4
3075	3
3076	5
3077	4
3078	4
3079	6
3080	4
3081	4
3082	5
3083	3
3084	6
3085	4
3086	1
3087	5
3088	1
3089	4
3090	3
3091	4
3092	5
3093	3
3094	5
3095	2
3096	2
3097	4
3098	1
3099	1
3100	4
3101	5
3102	1
3103	5
3104	4
3105	3
3106	6
3107	4
3108	3
3109	6
3110	4
3111	4
3112	4
3113	4
3114	2
3115	4
3116	7
3117	1
3118	3
3119	7
3120	3
3121	4
3122	4
3123	6
3124	2
3125	1
3126	3
3127	8
3128	4
3129	5
3130	0
3131	8
3132	5
3133	0
3134	2
3135	7
3136	5
3137	4
3138	3
3139	2
3140	3
3141	10
3142	3
3143	4
3144	2
3145	3
3146	4
3147	6
3148	1
3149	2
3150	3
3151	2
3152	3
3153	5
3154	3
3155	1
3156	3
3157	2
3158	3
3159	6
3160	5
3161	1
3162	3
3163	5
3164	1
3165	1
3166	3
3167	4
3168	4
3169	3
3170	1
3171	3
3172	3
3173	5
3174	5
3175	6
3176	4
3177	7
3178	3
3179	3
3180	2
3181	4
3182	3
3183	5
3184	3
3185	4
3186	2
3187	7
3188	4
3189	3
3190	0
3191	3
3192	2
3193	2
3194	4
3195	3
3196	2
3197	0
3198	2
3199	5
3200	2
3201	3
3202	4
3203	2
3204	2
3205	2
3206	7
3207	0
3208	5
3209	3
3210	1
3211	2
3212	2
3213	6
3214	4
3215	4
3216	2
3217	4
3218	6
3219	1
3220	1
3221	5
3222	1
3223	1
3224	3
3225	1
3226	4
3227	5
3228	3
3229	3
3230	2
3231	2
3232	2
3233	3
3234	3
3235	5
3236	1
3237	6
3238	3
3239	1
3240	3
3241	1
3242	5
3243	3
3244	4
3245	3
3246	3
3247	2
3248	2
3249	3
3250	3
3251	2
3252	5
3253	5
3254	4
3255	8
3256	2
3257	1
3258	2
3259	3
3260	4
3261	8
3262	8
3263	3
3264	5
3265	1
3266	7
3267	5
3268	6
3269	4
3270	2
3271	1
3272	4
3273	5
3274	5
3275	3
3276	3
3277	4
3278	1
3279	3
3280	5
3281	2
3282	3
3283	3
3284	5
3285	2
3286	2
3287	4
3288	3
3289	2
3290	4
3291	1
3292	4
3293	1
3294	4
3295	3
3296	2
3297	3
3298	3
3299	4
3300	1
3301	3
3302	5
3303	5
3304	3
3305	2
3306	1
3307	4
3308	0
3309	2
3310	3
3311	3
3312	2
3313	0
3314	4
3315	6
3316	1
3317	7
3318	0
3319	4
3320	3
3321	2
3322	3
3323	2
3324	4
3325	1
3326	3
3327	4
3328	3
3329	5
3330	2
3331	6
3332	2
3333	3
3334	3
3335	2
3336	2
3337	3
3338	4
3339	0
3340	4
3341	5
3342	1
3343	3
3344	1
3345	5
3346	3
3347	4
3348	4
3349	3
3350	6
3351	3
3352	5
3353	5
3354	2
3355	3
3356	4
3357	1
3358	7
3359	4
3360	4
3361	3
3362	0
3363	3
3364	5
3365	6
3366	3
3367	4
3368	2
3369	3
3370	1
3371	5
3372	0
3373	6
3374	5
3375	1
3376	2
3377	2
3378	5
3379	1
3380	2
3381	1
3382	1
3383	4
3384	2
3385	3
3386	3
3387	5
3388	6
3389	5
3390	4
3391	3
3392	1
3393	3
3394	2
3395	2
3396	3
3397	2
3398	2
3399	7
3400	3
3401	3
3402	4
3403	1
3404	2
3405	4
3406	1
3407	4
3408	5
3409	5
3410	2
3411	6
3412	1
3413	4
3414	3
3415	6
3416	5
3417	4
3418	2
3419	4
3420	2
3421	6
3422	1
3423	2
3424	1
3425	4
3426	5
3427	3
3428	6
3429	3
3430	5
3431	2
3432	5
3433	2
3434	7
3435	1
3436	3
3437	3
3438	5
3439	1
3440	8
3441	3
3442	2
3443	3
3444	2
3445	5
3446	3
3447	3
3448	4
3449	3
3450	1
3451	5
3452	4
3453	6
3454	2
3455	6
3456	3
3457	7
3458	3
3459	4
3460	1
3461	3
3462	3
3463	2
3464	4
3465	2
3466	2
3467	4
3468	1
3469	3
3470	1
3471	2
3472	5
3473	5
3474	6
3475	1
3476	1
3477	2
3478	3
3479	9
3480	4
3481	4
3482	4
3483	5
3484	4
3485	5
3486	6
3487	3
3488	6
3489	2
3490	3
3491	3
3492	3
3493	5
3494	2
3495	4
3496	5
3497	3
3498	3
3499	3
3500	3
3501	2
3502	0
3503	3
3504	2
3505	4
3506	6
3507	3
3508	1
3509	6
3510	2
3511	5
3512	4
3513	2
3514	6
3515	4
3516	1
3517	5
3518	3
3519	3
3520	6
3521	2
3522	5
3523	4
3524	3
3525	2
3526	7
3527	4
3528	3
3529	1
3530	5
3531	2
3532	2
3533	1
3534	2
3535	5
3536	4
3537	4
3538	4
3539	2
3540	2
3541	5
3542	3
3543	4
3544	2
3545	2
3546	3
3547	5
3548	2
3549	2
3550	4
3551	4
3552	6
3553	4
3554	5
3555	4
3556	3
3557	2
3558	5
3559	3
3560	3
3561	3
3562	5
3563	0
3564	5
3565	1
3566	4
3567	5
3568	2
3569	2
3570	3
3571	1
3572	4
3573	1
3574	1
3575	1
3576	3
3577	7
3578	2
3579	1
3580	6
3581	1
3582	5
3583	5
3584	4
3585	1
3586	4
3587	6
3588	3
3589	6
3590	2
3591	4
3592	3
3593	4
3594	1
3595	4
3596	1
3597	3
3598	3
3599	1
3600	3
3601	3
3602	4
3603	4
3604	3
3605	2
3606	2
3607	5
3608	2
3609	3
3610	5
3611	2
3612	2
3613	3
3614	6
3615	5
3616	4
3617	3
3618	4
3619	6
3620	6
3621	2
3622	3
3623	4
3624	3
3625	5
3626	2
3627	5
3628	5
3629	1
3630	5
3631	4
3632	8
3633	0
3634	6
3635	5
3636	2
3637	4
3638	3
3639	0
3640	2
3641	5
3642	5
3643	2
3644	4
3645	3
3646	3
3647	5
3648	8
3649	7
3650	4
3651	4
3652	5
3653	4
3654	1
3655	4
3656	3
3657	6
3658	5
3659	6
3660	3
3661	5
3662	1
3663	4
3664	4
3665	4
3666	6
3667	4
3668	0
3669	2
3670	1
3671	6
3672	4
3673	3
3674	5
3675	4
3676	4
3677	3
3678	4
3679	7
3680	2
3681	2
3682	4
3683	2
3684	7
3685	3
3686	3
3687	3
3688	5
3689	2
3690	3
3691	7
3692	3
3693	4
3694	2
3695	3
3696	2
3697	2
3698	4
3699	4
3700	6
3701	1
3702	4
3703	2
3704	3
3705	5
3706	1
3707	3
3708	3
3709	1
3710	4
3711	4
3712	4
3713	2
3714	5
3715	2
3716	3
3717	2
3718	7
3719	2
3720	4
3721	6
3722	2
3723	4
3724	1
3725	3
3726	3
3727	2
3728	7
3729	3
3730	2
3731	0
3732	3
3733	3
3734	1
3735	1
3736	2
3737	5
3738	6
3739	1
3740	3
3741	3
3742	4
3743	2
3744	3
3745	1
3746	6
3747	6
3748	1
3749	2
3750	1
3751	4
3752	3
3753	2
3754	5
3755	1
3756	2
3757	2
3758	4
3759	2
3760	3
3761	5
3762	4
3763	3
3764	3
3765	2
3766	6
3767	1
3768	2
3769	6
3770	2
3771	4
3772	2
3773	1
3774	4
3775	5
3776	3
3777	2
3778	3
3779	3
3780	1
3781	4
3782	4
3783	3
3784	3
3785	5
3786	1
3787	0
3788	1
3789	4
3790	2
3791	1
3792	5
3793	1
3794	3
3795	3
3796	3
3797	3
3798	2
3799	4
3800	4
3801	1
3802	6
3803	2
3804	1
3805	5
3806	5
3807	3
3808	1
3809	3
3810	3
3811	3
3812	2
3813	1
3814	1
3815	3
3816	2
3817	3
3818	3
3819	7
3820	3
3821	3
3822	2
3823	2
3824	1
3825	2
3826	2
3827	2
3828	4
3829	1
3830	4
3831	3
3832	2
3833	0
3834	2
3835	0
3836	5
3837	2
3838	2
3839	4
3840	1
3841	4
3842	2
3843	2
3844	4
3845	3
3846	5
3847	1
3848	1
3849	4
3850	2
3851	3
3852	2
3853	2
3854	1
3855	2
3856	4
3857	3
3858	3
3859	2
3860	3
3861	3
3862	0
3863	4
3864	2
3865	6
3866	0
3867	2
3868	1
3869	4
3870	5
3871	3
3872	3
3873	3
3874	0
3875	4
3876	5
3877	1
3878	2
3879	3
3880	0
3881	4
3882	2
3883	1
3884	3
3885	5
3886	1
3887	2
3888	4
3889	1
3890	1
3891	3
3892	1
3893	2
3894	0
3895	4
3896	5
3897	1
3898	6
3899	4
3900	1
3901	3
3902	2
3903	4
3904	1
3905	4
3906	2
3907	3
3908	4
3909	3
3910	4
3911	3
3912	3
3913	1
3914	3
3915	1
3916	2
3917	4
3918	3
3919	3
3920	4
3921	4
3922	6
3923	3
3924	2
3925	1
3926	3
3927	7
3928	4
3929	3
3930	7
3931	2
3932	4
3933	1
3934	2
3935	2
3936	1
3937	1
3938	3
3939	5
3940	0
3941	2
3942	2
3943	2
3944	6
3945	2
3946	1
3947	2
3948	5
3949	1
3950	3
3951	4
3952	2
3953	3
3954	6
3955	6
3956	6
3957	3
3958	4
3959	1
3960	0
3961	1
3962	0
3963	4
3964	5
3965	3
3966	0
3967	0
3968	2
3969	1
3970	6
3971	2
3972	2
3973	2
3974	2
3975	2
3976	1
3977	3
3978	3
3979	1
3980	1
3981	2
3982	2
3983	0
3984	3
3985	3
3986	3
3987	2
3988	4
3989	2
3990	3
3991	4
3992	2
3993	3
3994	2
3995	3
3996	2
3997	4
3998	2
3999	3
4000	1
4001	4
4002	5
4003	0
4004	1
4005	2
4006	3
4007	1
4008	2
4009	4
4010	2
4011	7
4012	1
4013	2
4014	3
4015	2
4016	2
4017	1
4018	2
4019	3
4020	2
4021	1
4022	5
4023	2
4024	10
4025	1
4026	2
4027	6
4028	3
4029	3
4030	0
4031	4
4032	2
4033	5
4034	3
4035	5
4036	6
4037	2
4038	0
4039	1
4040	3
4041	3
4042	0
4043	5
4044	3
4045	2
4046	2
4047	1
4048	3
4049	2
4050	2
4051	3
4052	2
4053	0
4054	1
4055	2
4056	3
4057	3
4058	2
4059	4
4060	1
4061	0
4062	1
4063	2
4064	3
4065	3
4066	0
4067	3
4068	4
4069	0
4070	1
4071	2
4072	3
4073	2
4074	1
4075	1
4076	2
4077	3
4078	1
4079	2
4080	4
4081	2
4082	6
4083	3
4084	0
4085	3
4086	4
4087	3
4088	1
4089	4
4090	2
4091	0
4092	3
4093	4
4094	2
4095	5
4096	2
4097	3
4098	2
4099	2
4100	1
4101	5
4102	1
4103	2
4104	3
4105	2
4106	2
4107	3
4108	4
4109	3
4110	1
4111	2
4112	3
4113	2
4114	1
4115	1
4116	2
4117	4
4118	3
4119	2
4120	4
4121	3
4122	0
4123	2
4124	1
4125	1
4126	2
4127	4
4128	1
4129	0
4130	0
4131	3
4132	5
4133	2
4134	2
4135	2
4136	3
4137	0
4138	2
4139	3
4140	5
4141	3
4142	1
4143	1
4144	3
4145	2
4146	1
4147	2
4148	2
4149	4
4150	2
4151	4
4152	4
4153	3
4154	1
4155	4
4156	2
4157	2
4158	1
4159	0
4160	2
4161	1
4162	1
4163	0
4164	2
4165	3
4166	3
4167	2
4168	0
4169	1
4170	2
4171	1
4172	0
4173	3
4174	1
4175	2
4176	1
4177	0
4178	4
4179	6
4180	4
4181	0
4182	2
4183	2
4184	1
4185	0
4186	5
4187	3
4188	3
4189	1
4190	1
4191	2
4192	2
4193	5
4194	1
4195	3
4196	2
4197	3
4198	2
4199	2
4200	1
4201	0
4202	1
4203	4
4204	1
4205	3
4206	2
4207	4
4208	1
4209	2
4210	0
4211	9
4212	2
4213	2
4214	1
4215	2
4216	3
4217	2
4218	3
4219	2
4220	0
4221	2
4222	0
4223	4
4224	5
4225	1
4226	2
4227	1
4228	1
4229	3
4230	3
4231	3
4232	0
4233	1
4234	0
4235	0
4236	2
4237	0
4238	0
4239	1
4240	1
4241	4
4242	1
4243	1
4244	2
4245	4
4246	2
4247	2
4248	4
4249	0
4250	3
4251	2
4252	0
4253	4
4254	2
4255	1
4256	0
4257	2
4258	1
4259	1
4260	3
4261	1
4262	1
4263	1
4264	4
4265	2
4266	1
4267	3
4268	1
4269	3
4270	1
4271	3
4272	2
4273	2
4274	2
4275	2
4276	2
4277	2
4278	1
4279	1
4280	3
4281	2
4282	1
4283	3
4284	3
4285	1
4286	1
4287	4
4288	3
4289	0
4290	1
4291	5
4292	0
4293	1
4294	2
4295	5
4296	3
4297	4
4298	1
4299	2
4300	0
4301	2
4302	3
4303	2
4304	1
4305	3
4306	6
4307	2
4308	3
4309	2
4310	4
4311	0
4312	2
4313	3
4314	0
4315	2
4316	2
4317	2
4318	3
4319	3
4320	5
4321	1
4322	1
4323	2
4324	2
4325	1
4326	0
4327	1
4328	2
4329	1
4330	1
4331	2
4332	2
4333	1
4334	3
4335	2
4336	3
4337	3
4338	0
4339	1
4340	6
4341	1
4342	4
4343	2
4344	2
4345	1
4346	3
4347	1
4348	2
4349	5
4350	4
4351	0
4352	0
4353	3
4354	6
4355	3
4356	3
4357	4
4358	4
4359	1
4360	7
4361	4
4362	3
4363	3
4364	2
4365	1
4366	1
4367	3
4368	7
4369	0
4370	4
4371	4
4372	1
4373	3
4374	0
4375	7
4376	6
4377	7
4378	5
4379	3
4380	5
4381	2
4382	3
4383	2
4384	5
4385	3
4386	4
4387	3
4388	2
4389	1
4390	5
4391	2
4392	3
4393	3
4394	2
4395	8
4396	2
4397	5
4398	5
4399	4
4400	2
4401	3
4402	5
4403	5
4404	2
4405	5
4406	2
4407	3
4408	1
4409	3
4410	1
4411	2
4412	7
4413	2
4414	3
4415	4
4416	6
4417	3
4418	1
4419	4
4420	2
4421	4
4422	2
4423	6
4424	6
4425	2
4426	8
4427	3
4428	3
4429	4
4430	4
4431	4
4432	2
4433	2
4434	10
4435	5
4436	3
4437	5
4438	2
4439	3
4440	5
4441	3
4442	2
4443	3
4444	5
4445	3
4446	2
4447	4
4448	2
4449	2
4450	8
4451	4
4452	4
4453	4
4454	2
4455	4
4456	5
4457	3
4458	5
4459	2
4460	1
4461	4
4462	7
4463	8
4464	3
4465	4
4466	3
4467	7
4468	4
4469	4
4470	1
4471	3
4472	7
4473	4
4474	4
4475	6
4476	9
4477	9
4478	3
4479	8
4480	2
4481	6
4482	6
4483	5
4484	4
4485	4
4486	0
4487	1
4488	4
4489	0
4490	4
4491	4
4492	4
4493	2
4494	3
4495	4
4496	8
4497	8
4498	5
4499	4
4500	4
4501	6
4502	10
4503	4
4504	5
4505	10
4506	5
4507	5
4508	2
4509	4
4510	9
4511	4
4512	4
4513	4
4514	3
4515	2
4516	11
4517	6
4518	5
4519	3
4520	3
4521	9
4522	4
4523	5
4524	6
4525	4
4526	4
4527	5
4528	5
4529	6
4530	6
4531	2
4532	7
4533	5
4534	4
4535	8
4536	5
4537	6
4538	9
4539	3
4540	6
4541	3
4542	3
4543	5
4544	4
4545	5
4546	6
4547	1
4548	9
4549	3
4550	1
4551	6
4552	7
4553	5
4554	3
4555	5
4556	7
4557	7
4558	3
4559	7
4560	3
4561	2
4562	6
4563	6
4564	3
4565	3
4566	4
4567	2
4568	10
4569	3
4570	5
4571	14
4572	4
4573	6
4574	6
4575	7
4576	7
4577	3
4578	2
4579	5
4580	5
4581	6
4582	2
4583	8
4584	4
4585	2
4586	5
4587	4
4588	3
4589	7
4590	5
4591	4
4592	5
4593	5
4594	7
4595	6
4596	7
4597	2
4598	4
4599	4
4600	3
4601	6
4602	2
4603	5
4604	2
4605	0
4606	4
4607	8
4608	1
4609	2
4610	5
4611	3
4612	10
4613	4
4614	4
4615	4
4616	3
4617	5
4618	1
4619	3
4620	8
4621	5
4622	5
4623	4
4624	4
4625	3
4626	7
4627	3
4628	6
4629	6
4630	0
4631	4
4632	3
4633	1
4634	4
4635	7
4636	3
4637	4
4638	7
4639	1
4640	6
4641	3
4642	2
4643	3
4644	5
4645	6
4646	1
4647	2
4648	3
4649	8
4650	4
4651	1
4652	2
4653	0
4654	1
4655	4
4656	2
4657	3
4658	3
4659	0
4660	4
4661	1
4662	4
4663	3
4664	5
4665	1
4666	2
4667	5
4668	6
4669	1
4670	3
4671	4
4672	3
4673	4
4674	6
4675	3
4676	2
4677	1
4678	2
4679	1
4680	3
4681	1
4682	3
4683	3
4684	0
4685	1
4686	2
4687	3
4688	2
4689	0
4690	5
4691	1
4692	3
4693	1
4694	6
4695	2
4696	0
4697	1
4698	2
4699	2
4700	1
4701	2
4702	3
4703	3
4704	5
4705	1
4706	2
4707	2
4708	2
4709	6
4710	2
4711	0
4712	2
4713	1
4714	4
4715	3
4716	2
4717	2
4718	5
4719	3
4720	1
4721	0
4722	3
4723	2
4724	1
4725	1
4726	2
4727	1
4728	3
4729	2
4730	2
4731	1
4732	0
4733	0
4734	1
4735	4
4736	0
4737	1
4738	7
4739	0
4740	5
4741	1
4742	1
4743	0
4744	1
4745	4
4746	4
4747	3
4748	2
4749	1
4750	0
4751	3
4752	2
4753	0
4754	3
4755	1
4756	3
4757	2
4758	1
4759	0
4760	3
4761	2
4762	1
4763	0
4764	1
4765	4
4766	1
4767	1
4768	3
4769	3
4770	0
4771	3
4772	0
4773	1
4774	1
4775	1
4776	1
4777	3
4778	1
4779	1
4780	2
4781	0
4782	0
4783	0
4784	2
4785	2
4786	2
4787	0
4788	1
4789	1
4790	3
4791	3
4792	1
4793	2
4794	0
4795	0
4796	2
4797	0
4798	1
4799	1
4800	0
4801	1
4802	2
4803	1
4804	2
4805	2
4806	0
4807	2
4808	2
4809	1
4810	2
4811	1
4812	0
4813	0
4814	1
4815	0
4816	1
4817	0
4818	3
4819	1
4820	0
4821	0
4822	0
4823	0
4824	0
4825	0
4826	1
4827	2
4828	1
4829	1
4830	1
4831	1
4832	0
4833	1
4834	1
4835	0
4836	0
4837	0
4838	2
4839	1
4840	0
4841	1
4842	1
4843	0
4844	2
4845	1
4846	2
4847	2
4848	1
4849	1
4850	1
4851	1
4852	0
4853	3
4854	0
4855	2
4856	1
4857	2
4858	0
4859	2
4860	1
4861	1
4862	0
4863	2
4864	0
4865	0
4866	0
4867	2
4868	1
4869	0
4870	0
4871	3
4872	0
4873	1
4874	2
4875	1
4876	1
4877	1
4878	1
4879	2
4880	0
4881	0
4882	0
4883	0
4884	0
4885	1
4886	0
4887	3
4888	1
4889	0
4890	2
4891	0
4892	0
4893	2
4894	2
4895	4
4896	1
4897	1
4898	0
4899	1
4900	0
4901	2
4902	1
4903	0
4904	4
4905	0
4906	3
4907	0
4908	0
4909	2
4910	0
4911	0
4912	0
4913	2
4914	2
4915	1
4916	0
4917	0
4918	1
4919	2
4920	1
4921	2
4922	1
4923	1
4924	2
4925	0
4926	1
4927	1
4928	0
4929	0
4930	1
4931	0
4932	5
4933	1
4934	1
4935	0
4936	0
4937	1
4938	1
4939	2
4940	2
4941	0
4942	1
4943	0
4944	3
4945	1
4946	1
4947	1
4948	0
4949	3
4950	0
4951	0
4952	1
4953	1
4954	0
4955	1
4956	0
4957	0
4958	0
4959	1
4960	0
4961	0
4962	1
4963	0
4964	0
4965	0
4966	0
4967	1
4968	0
4969	1
4970	0
4971	0
4972	0
4973	0
4974	0
4975	0
4976	1
4977	1
4978	0
4979	2
4980	1
4981	0
4982	1
4983	0
4984	1
4985	2
4986	2
4987	0
4988	2
4989	0
4990	0
4991	1
4992	0
4993	0
4994	2
4995	1
4996	1
4997	1
4998	0
4999	1
5000	1
5001	0
5002	0
5003	0
5004	0
5005	1
5006	1
5007	0
5008	2
5009	1
5010	1
5011	0
5012	0
5013	1
5014	0
5015	1
5016	0
5017	2
5018	2
5019	1
5020	2
5021	0
5022	2
5023	0
5024	2
5025	1
5026	1
5027	0
5028	0
5029	1
5030	1
5031	0
5032	1
5033	0
5034	0
5035	1
5036	1
5037	0
5038	1
5039	0
5040	0
5041	0
5042	1
5043	1
5044	0
5045	0
5046	1
5047	0
5048	1
5049	2
5050	0
5051	1
5052	0
5053	0
5054	1
5055	1
5056	1
5057	1
5058	0
5059	3
5060	0
5061	1
5062	1
5063	0
5064	1
5065	2
5066	0
5067	0
5068	2
5069	0
5070	0
5071	1
5072	0
5073	0
5074	2
5075	0
5076	1
5077	0
5078	1
5079	2
5080	0
5081	1
5082	0
5083	2
5084	1
5085	0
5086	0
5087	1
5088	1
5089	0
5090	1
5091	2
5092	1
5093	0
5094	0
5095	1
5096	2
5097	1
5098	1
5099	0
5100	0
5101	0
5102	0
5103	0
5104	1
5105	1
5106	1
5107	2
5108	0
5109	0
5110	0
5111	1
5112	0
5113	0
5114	0
5115	1
5116	0
5117	0
5118	0
5119	1
5120	0
5121	1
5122	1
5123	0
5124	0
5125	1
5126	0
5127	0
5128	1
5129	0
5130	2
5131	1
5132	1
5133	1
5134	1
5135	1
5136	0
5137	1
5138	1
5139	1
5140	1
5141	1
5142	2
5143	1
5144	2
5145	2
5146	2
5147	0
5148	3
5149	1
5150	0
5151	0
5152	0
5153	0
5154	2
5155	0
5156	1
5157	0
5158	1
5159	0
5160	0
5161	1
5162	1
5163	2
5164	1
5165	0
5166	0
5167	2
5168	0
5169	0
5170	0
5171	0
5172	0
5173	0
5174	0
5175	0
5176	2
5177	0
5178	0
5179	1
5180	0
5181	0
5182	1
5183	1
5184	1
5185	1
5186	0
5187	0
5188	0
5189	0
5190	2
5191	1
5192	0
5193	0
5194	3
5195	1
5196	0
5197	1
5198	0
5199	0
5200	1
5201	0
5202	0
5203	1
5204	0
5205	0
5206	2
5207	0
5208	0
5209	0
5210	0
5211	0
5212	1
5213	1
5214	0
5215	1
5216	0
5217	0
5218	1
5219	0
5220	0
5221	2
5222	1
5223	1
5224	2
5225	1
5226	0
5227	1
5228	1
5229	0
5230	0
5231	0
5232	0
5233	0
5234	0
5235	0
5236	1
5237	1
5238	1
5239	0
5240	0
5241	1
5242	1
5243	2
5244	0
5245	0
5246	2
5247	0
5248	1
5249	0
5250	1
5251	1
5252	0
5253	0
5254	1
5255	1
5256	0
5257	0
5258	1
5259	0
5260	1
5261	1
5262	2
5263	0
5264	0
5265	0
5266	0
5267	1
5268	0
5269	1
5270	1
5271	0
5272	0
5273	0
5274	1
5275	0
5276	0
5277	2
5278	0
5279	1
5280	0
5281	1
5282	1
5283	1
5284	2
5285	0
5286	0
5287	0
5288	1
5289	3
5290	1
5291	0
5292	1
5293	0
5294	1
5295	3
5296	0
5297	0
5298	0
5299	1
5300	0
5301	0
5302	0
5303	0
5304	2
5305	0
5306	1
5307	2
5308	2
5309	0
5310	0
5311	0
5312	3
5313	2
5314	1
5315	1
5316	0
5317	0
5318	0
5319	0
5320	1
5321	1
5322	1
5323	0
5324	0
5325	1
5326	0
5327	1
5328	2
5329	0
5330	1
5331	0
5332	0
5333	0
5334	1
5335	1
5336	2
5337	1
5338	0
5339	0
5340	1
5341	2
5342	1
5343	2
5344	1
5345	0
5346	0
5347	0
5348	0
5349	0
5350	0
5351	0
5352	2
5353	1
5354	3
5355	2
5356	0
5357	3
5358	1
5359	3
5360	1
5361	0
5362	0
5363	1
5364	0
5365	3
5366	0
5367	2
5368	0
5369	1
5370	0
5371	2
5372	0
5373	3
5374	1
5375	2
5376	1
5377	0
5378	1
5379	2
5380	2
5381	1
5382	0
5383	1
5384	1
5385	0
5386	0
5387	1
5388	2
5389	2
5390	0
5391	2
5392	2
5393	0
5394	1
5395	0
5396	0
5397	0
5398	0
5399	2
5400	1
5401	0
5402	0
5403	2
5404	0
5405	0
5406	0
5407	0
5408	0
5409	0
5410	1
5411	1
5412	2
5413	0
5414	0
5415	1
5416	0
5417	0
5418	0
5419	2
5420	3
5421	1
5422	1
5423	0
5424	1
5425	2
5426	2
5427	0
5428	0
5429	0
5430	2
5431	0
5432	0
5433	2
5434	0
5435	1
5436	0
5437	0
5438	0
5439	0
5440	2
5441	0
5442	0
5443	0
5444	1
5445	1
5446	0
5447	0
5448	0
5449	1
5450	0
5451	0
5452	0
5453	0
5454	2
5455	0
5456	2
5457	1
5458	0
5459	1
5460	2
5461	0
5462	2
5463	1
5464	1
5465	0
5466	0
5467	1
5468	2
5469	0
5470	0
5471	1
5472	0
5473	1
5474	0
5475	3
5476	0
5477	3
5478	0
5479	0
5480	0
5481	0
5482	0
5483	1
5484	0
5485	2
5486	2
5487	0
5488	1
5489	1
5490	1
5491	2
5492	1
5493	0
5494	1
5495	0
5496	0
5497	0
5498	1
5499	3
5500	1
5501	0
5502	1
5503	0
5504	2
5505	1
5506	0
5507	2
5508	2
5509	1
5510	0
5511	1
5512	1
5513	0
5514	0
5515	0
5516	1
5517	0
5518	0
5519	1
5520	0
5521	2
5522	0
5523	1
5524	2
5525	0
5526	2
5527	1
5528	2
5529	0
5530	0
5531	0
5532	1
5533	1
5534	0
5535	0
5536	1
5537	0
5538	1
5539	1
5540	1
5541	1
5542	0
5543	0
5544	2
5545	0
5546	0
5547	1
5548	0
5549	1
5550	0
5551	1
5552	2
5553	0
5554	0
5555	1
5556	1
5557	1
5558	0
5559	0
5560	0
5561	1
5562	0
5563	0
5564	0
5565	4
5566	1
5567	1
5568	1
5569	1
5570	0
5571	1
5572	0
5573	2
5574	0
5575	1
5576	0
5577	0
5578	1
5579	0
5580	1
5581	1
5582	1
5583	0
5584	1
5585	1
5586	0
5587	0
5588	0
5589	0
5590	0
5591	0
5592	2
5593	1
5594	0
5595	0
5596	1
5597	0
5598	2
5599	1
5600	0
5601	1
5602	2
5603	0
5604	1
5605	0
5606	1
5607	0
5608	0
5609	2
5610	0
5611	0
5612	1
5613	2
5614	0
5615	1
5616	1
5617	0
5618	1
5619	0
5620	0
5621	1
5622	0
5623	0
5624	0
5625	0
5626	1
5627	1
5628	2
5629	1
5630	0
5631	0
5632	0
5633	0
5634	1
5635	0
5636	0
5637	1
5638	0
5639	1
5640	0
5641	0
5642	1
5643	1
5644	1
5645	1
5646	1
5647	0
5648	0
5649	1
5650	3
5651	0
5652	0
5653	1
5654	1
5655	0
5656	1
5657	1
5658	0
5659	1
5660	1
5661	2
5662	0
5663	0
5664	0
5665	0
5666	1
5667	0
5668	1
5669	1
5670	1
5671	2
5672	0
5673	2
5674	0
5675	2
5676	0
5677	0
5678	0
5679	1
5680	0
5681	0
5682	0
5683	1
5684	0
5685	1
5686	0
5687	1
5688	0
5689	0
5690	2
5691	1
5692	0
5693	1
5694	0
5695	2
5696	0
5697	2
5698	2
5699	1
5700	0
5701	2
5702	0
5703	0
5704	0
5705	0
5706	1
5707	0
5708	0
5709	0
5710	2
5711	1
5712	1
5713	3
5714	0
5715	0
5716	0
5717	1
5718	1
5719	0
5720	2
5721	2
5722	0
5723	0
5724	0
5725	0
5726	2
5727	1
5728	0
5729	0
5730	2
5731	2
5732	1
5733	0
5734	1
5735	0
5736	2
5737	0
5738	0
5739	1
5740	1
5741	0
5742	0
5743	0
5744	0
5745	0
5746	1
5747	1
5748	0
5749	1
5750	0
5751	0
5752	1
5753	0
5754	2
5755	0
5756	0
5757	1
5758	0
5759	2
5760	1
5761	0
5762	0
5763	0
5764	0
5765	0
5766	0
5767	0
5768	1
5769	0
5770	2
5771	0
5772	1
5773	0
5774	0
5775	1
5776	0
5777	0
5778	0
5779	0
5780	0
5781	0
5782	0
5783	0
5784	0
5785	1
5786	0
5787	0
5788	0
5789	1
5790	2
5791	0
5792	1
5793	0
5794	0
5795	0
5796	1
5797	0
5798	3
5799	0
5800	0
5801	2
5802	0
5803	0
5804	0
5805	0
5806	0
5807	0
5808	1
5809	1
5810	0
5811	0
5812	0
5813	0
5814	2
5815	0
5816	1
5817	0
5818	1
5819	0
5820	0
5821	0
5822	0
5823	0
5824	0
5825	0
5826	0
5827	1
5828	0
5829	0
5830	0
5831	0
5832	1
5833	0
5834	0
5835	0
5836	0
5837	1
5838	0
5839	0
5840	0
5841	0
5842	0
5843	0
5844	0
5845	0
5846	0
5847	0
5848	0
5849	0
5850	0
5851	1
5852	0
5853	1
5854	0
5855	0
5856	0
5857	0
5858	0
5859	0
5860	0
5861	0
5862	1
5863	1
5864	0
5865	0
5866	0
5867	1
5868	1
5869	0
5870	0
5871	0
5872	2
5873	0
5874	0
5875	1
5876	0
5877	0
5878	2
5879	0
5880	0
5881	1
5882	0
5883	0
5884	1
5885	0
5886	0
5887	0
5888	0
5889	1
5890	1
5891	1
5892	1
5893	0
5894	0
5895	2
5896	0
5897	0
5898	0
5899	0
5900	0
5901	0
5902	2
5903	0
5904	0
5905	0
5906	0
5907	0
5908	0
5909	0
5910	0
5911	1
5912	0
5913	0
5914	0
5915	0
5916	0
5917	0
5918	0
5919	0
5920	0
5921	1
5922	1
5923	0
5924	0
5925	0
5926	0
5927	0
5928	2
5929	1
5930	0
5931	1
5932	0
5933	0
5934	0
5935	0
5936	0
5937	0
5938	0
5939	1
5940	1
5941	0
5942	0
5943	0
5944	2
5945	1
5946	0
5947	0
5948	0
5949	0
5950	1
5951	1
5952	1
5953	0
5954	0
5955	0
5956	0
5957	0
5958	1
5959	0
5960	1
5961	0
5962	0
5963	1
5964	0
5965	1
5966	1
5967	0
5968	0
5969	0
5970	0
5971	1
5972	0
5973	0
5974	0
5975	0
5976	2
5977	0
5978	0
5979	0
5980	0
5981	0
5982	0
5983	0
5984	1
5985	1
5986	0
5987	1
5988	1
5989	0
5990	0
5991	0
5992	1
5993	0
5994	0
5995	0
5996	0
5997	1
5998	2
5999	0
6000	0
6001	1
6002	0
6003	0
6004	0
6005	0
6006	0
6007	0
6008	0
6009	1
6010	1
6011	0
6012	1
6013	1
6014	0
6015	0
6016	1
6017	1
6018	0
6019	1
6020	0
6021	0
6022	0
6023	1
6024	1
6025	0
6026	1
6027	0
6028	0
6029	1
6030	1
6031	0
6032	0
6033	1
6034	0
6035	0
6036	0
6037	0
6038	0
6039	0
6040	3
6041	0
6042	1
6043	0
6044	0
6045	0
6046	0
6047	2
6048	0
6049	0
6050	1
6051	0
6052	0
6053	0
6054	0
6055	1
6056	1
6057	0
6058	1
6059	0
6060	0
6061	0
6062	0
6063	0
6064	0
6065	0
6066	0
6067	0
6068	0
6069	0
6070	1
6071	1
6072	0
6073	0
6074	0
6075	0
6076	0
6077	1
6078	0
6079	0
6080	1
6081	1
6082	0
6083	0
6084	1
6085	0
6086	0
6087	0
6088	0
6089	1
6090	1
6091	0
6092	0
6093	1
6094	1
6095	1
6096	0
6097	0
6098	0
6099	0
6100	2
6101	0
6102	0
6103	0
6104	0
6105	0
6106	0
6107	1
6108	0
6109	0
6110	0
6111	1
6112	0
6113	0
6114	1
6115	1
6116	0
6117	0
6118	0
6119	0
6120	3
6121	0
6122	0
6123	0
6124	0
6125	0
6126	1
6127	0
6128	0
6129	0
6130	0
6131	1
6132	0
6133	0
6134	1
6135	1
6136	0
6137	0
6138	1
6139	0
6140	0
6141	0
6142	1
6143	1
6144	0
6145	0
6146	1
6147	0
6148	0
6149	0
6150	0
6151	1
6152	0
6153	0
6154	1
6155	1
6156	0
6157	1
6158	0
6159	0
6160	0
6161	1
6162	0
6163	0
6164	1
6165	0
6166	0
6167	0
6168	0
6169	0
6170	0
6171	0
6172	1
6173	1
6174	0
6175	2
6176	1
6177	0
6178	1
6179	1
6180	0
6181	1
6182	0
6183	1
6184	0
6185	0
6186	0
6187	0
6188	1
6189	0
6190	1
6191	1
6192	0
6193	0
6194	0
6195	1
6196	0
6197	0
6198	0
6199	0
6200	0
6201	0
6202	0
6203	3
6204	0
6205	0
6206	1
6207	0
6208	1
6209	0
6210	0
6211	0
6212	1
6213	0
6214	0
6215	0
6216	0
6217	0
6218	0
6219	1
6220	0
6221	0
6222	0
6223	0
6224	0
6225	1
6226	1
6227	1
6228	0
6229	0
6230	0
6231	0
6232	0
6233	0
6234	1
6235	0
6236	1
6237	0
6238	0
6239	1
6240	0
6241	0
6242	0
6243	1
6244	0
6245	0
6246	0
6247	1
6248	0
6249	0
6250	0
6251	1
6252	0
6253	1
6254	0
6255	0
6256	1
6257	0
6258	0
6259	1
6260	0
6261	0
6262	1
6263	0
6264	0
6265	1
6266	0
6267	1
6268	0
6269	0
6270	0
6271	1
6272	0
6273	1
6274	2
6275	1
6276	0
6277	2
6278	0
6279	1
6280	2
6281	0
6282	0
6283	0
6284	1
6285	0
6286	2
6287	1
6288	1
6289	1
6290	0
6291	0
6292	0
6293	0
6294	0
6295	0
6296	0
6297	1
6298	1
6299	0
6300	0
6301	0
6302	0
6303	0
6304	0
6305	0
6306	0
6307	0
6308	1
6309	0
6310	0
6311	1
6312	0
6313	1
6314	0
6315	0
6316	1
6317	0
6318	2
6319	0
6320	2
6321	0
6322	0
6323	0
6324	1
6325	0
6326	1
6327	0
6328	0
6329	1
6330	0
6331	1
6332	0
6333	1
6334	1
6335	0
6336	0
6337	2
6338	0
6339	1
6340	1
6341	0
6342	0
6343	0
6344	0
6345	0
6346	1
6347	0
6348	0
6349	1
6350	1
6351	0
6352	2
6353	0
6354	0
6355	0
6356	0
6357	0
6358	0
6359	0
6360	0
6361	1
6362	0
6363	0
6364	0
6365	1
6366	2
6367	0
6368	1
6369	0
6370	0
6371	0
6372	0
6373	1
6374	1
6375	0
6376	1
6377	0
6378	0
6379	0
6380	1
6381	0
6382	0
6383	0
6384	1
6385	0
6386	0
6387	0
6388	0
6389	0
6390	1
6391	0
6392	0
6393	1
6394	2
6395	0
6396	1
6397	2
6398	0
6399	1
6400	0
6401	0
6402	1
6403	1
6404	1
6405	1
6406	0
6407	2
6408	0
6409	0
6410	0
6411	1
6412	1
6413	0
6414	0
6415	1
6416	0
6417	1
6418	0
6419	1
6420	0
6421	1
6422	1
6423	0
6424	0
6425	0
6426	0
6427	1
6428	2
6429	0
6430	0
6431	1
6432	0
6433	0
6434	0
6435	1
6436	0
6437	1
6438	1
6439	0
6440	1
6441	1
6442	0
6443	0
6444	0
6445	0
6446	1
6447	0
6448	1
6449	0
6450	0
6451	1
6452	0
6453	0
6454	0
6455	0
6456	1
6457	0
6458	0
6459	0
6460	0
6461	0
6462	0
6463	1
6464	1
6465	0
6466	0
6467	0
6468	1
6469	1
6470	0
6471	0
6472	2
6473	1
6474	1
6475	1
6476	2
6477	0
6478	0
6479	0
6480	2
6481	2
6482	1
6483	0
6484	2
6485	0
6486	0
6487	1
6488	0
6489	2
6490	0
6491	0
6492	1
6493	0
6494	1
6495	0
6496	0
6497	0
6498	1
6499	0
6500	1
6501	0
6502	0
6503	1
6504	0
6505	0
6506	0
6507	0
6508	0
6509	1
6510	0
6511	1
6512	2
6513	0
6514	1
6515	0
6516	2
6517	1
6518	1
6519	0
6520	0
6521	1
6522	0
6523	0
6524	0
6525	0
6526	2
6527	0
6528	0
6529	1
6530	0
6531	2
6532	1
6533	0
6534	0
6535	0
6536	0
6537	0
6538	0
6539	2
6540	0
6541	0
6542	1
6543	1
6544	1
6545	2
6546	1
6547	0
6548	0
6549	0
6550	2
6551	0
6552	0
6553	1
6554	0
6555	0
6556	0
6557	0
6558	0
6559	2
6560	1
6561	0
6562	0
6563	1
6564	0
6565	0
6566	0
6567	0
6568	0
6569	1
6570	1
6571	0
6572	1
6573	0
6574	0
6575	0
6576	1
6577	0
6578	0
6579	1
6580	0
6581	0
6582	0
6583	1
6584	0
6585	1
6586	0
6587	1
6588	1
6589	1
6590	1
6591	0
6592	1
6593	0
6594	0
6595	0
6596	0
6597	1
6598	0
6599	1
6600	0
6601	0
6602	0
6603	0
6604	0
6605	0
6606	0
6607	0
6608	1
6609	1
6610	1
6611	0
6612	1
6613	1
6614	0
6615	1
6616	0
6617	3
6618	0
6619	1
6620	1
6621	0
6622	0
6623	0
6624	1
6625	1
6626	0
6627	0
6628	0
6629	0
6630	1
6631	1
6632	0
6633	0
6634	0
6635	0
6636	0
6637	1
6638	0
6639	1
6640	0
6641	0
6642	0
6643	0
6644	1
6645	0
6646	1
6647	1
6648	1
6649	1
6650	0
6651	0
6652	0
6653	0
6654	0
6655	0
6656	0
6657	0
6658	0
6659	0
6660	1
6661	0
6662	1
6663	1
6664	1
6665	0
6666	2
6667	0
6668	0
6669	0
6670	1
6671	1
6672	0
6673	0
6674	0
6675	1
6676	0
6677	1
6678	0
6679	1
6680	1
6681	0
6682	0
6683	0
6684	0
6685	0
6686	0
6687	0
6688	0
6689	0
6690	0
6691	0
6692	2
6693	0
6694	2
6695	0
6696	1
6697	1
6698	1
6699	0
6700	0
6701	2
6702	1
6703	1
6704	2
6705	1
6706	0
6707	0
6708	0
6709	0
6710	1
6711	0
6712	0
6713	2
6714	0
6715	0
6716	1
6717	1
6718	1
6719	1
6720	0
6721	0
6722	1
6723	0
6724	0
6725	1
6726	1
6727	0
6728	1
6729	0
6730	1
6731	0
6732	1
6733	0
6734	1
6735	1
6736	1
6737	1
6738	0
6739	1
6740	0
6741	0
6742	1
6743	1
6744	0
6745	0
6746	0
6747	0
6748	0
6749	0
6750	0
6751	2
6752	0
6753	0
6754	0
6755	0
6756	0
6757	0
6758	0
6759	0
6760	0
6761	0
6762	0
6763	0
6764	0
6765	0
6766	0
6767	1
6768	0
6769	0
6770	1
6771	0
6772	0
6773	2
6774	0
6775	1
6776	1
6777	2
6778	0
6779	0
6780	1
6781	2
6782	2
6783	1
6784	2
6785	0
6786	0
6787	0
6788	0
6789	1
6790	0
6791	0
6792	0
6793	0
6794	0
6795	2
6796	0
6797	0
6798	0
6799	1
6800	0
6801	0
6802	1
6803	0
6804	0
6805	0
6806	0
6807	2
6808	1
6809	0
6810	0
6811	1
6812	0
6813	0
6814	0
6815	0
6816	0
6817	0
6818	1
6819	0
6820	0
6821	0
6822	0
6823	0
6824	1
6825	0
6826	0
6827	1
6828	1
6829	0
6830	0
6831	1
6832	0
6833	0
6834	1
6835	0
6836	0
6837	0
6838	0
6839	0
6840	0
6841	1
6842	0
6843	1
6844	0
6845	0
6846	1
6847	0
6848	2
6849	1
6850	2
6851	2
6852	0
6853	1
6854	0
6855	0
6856	1
6857	0
6858	1
6859	0
6860	1
6861	1
6862	1
6863	0
6864	1
6865	0
6866	0
6867	3
6868	1
6869	0
6870	2
6871	0
6872	0
6873	1
6874	0
6875	0
6876	2
6877	0
6878	2
6879	1
6880	0
6881	0
6882	0
6883	1
6884	0
6885	1
6886	1
6887	0
6888	1
6889	0
6890	0
6891	1
6892	1
6893	0
6894	0
6895	2
6896	2
6897	0
6898	1
6899	0
6900	0
6901	0
6902	0
6903	1
6904	2
6905	0
6906	0
6907	0
6908	0
6909	0
6910	0
6911	2
6912	0
6913	0
6914	0
6915	1
6916	0
6917	0
6918	0
6919	0
6920	0
6921	1
6922	0
6923	0
6924	2
6925	0
6926	0
6927	0
6928	0
6929	0
6930	0
6931	1
6932	0
6933	1
6934	0
6935	0
6936	1
6937	2
6938	0
6939	0
6940	1
6941	0
6942	1
6943	0
6944	1
6945	0
6946	0
6947	1
6948	0
6949	0
6950	2
6951	0
6952	0
6953	1
6954	0
6955	0
6956	0
6957	0
6958	0
6959	1
6960	1
6961	0
6962	0
6963	0
6964	1
6965	0
6966	1
6967	0
6968	0
6969	0
6970	0
6971	0
6972	0
6973	2
6974	0
6975	2
6976	0
6977	0
6978	2
6979	0
6980	1
6981	0
6982	0
6983	0
6984	0
6985	0
6986	0
6987	0
6988	1
6989	1
6990	0
6991	0
6992	0
6993	1
6994	1
6995	3
6996	1
6997	1
6998	0
6999	0
7000	0
7001	2
7002	0
7003	0
7004	1
7005	1
7006	0
7007	1
7008	0
7009	0
7010	0
7011	1
7012	1
7013	0
7014	1
7015	0
7016	0
7017	0
7018	0
7019	0
7020	1
7021	0
7022	0
7023	2
7024	1
7025	0
7026	0
7027	1
7028	0
7029	0
7030	0
7031	1
7032	0
7033	0
7034	0
7035	0
7036	0
7037	0
7038	1
7039	0
7040	0
7041	1
7042	0
7043	1
7044	0
7045	0
7046	0
7047	1
7048	0
7049	1
7050	0
7051	1
7052	0
7053	0
7054	2
7055	0
7056	1
7057	1
7058	0
7059	0
7060	1
7061	1
7062	0
7063	0
7064	0
7065	0
7066	0
7067	0
7068	0
7069	0
7070	0
7071	2
7072	0
7073	0
7074	0
7075	1
7076	0
7077	0
7078	0
7079	0
7080	0
7081	1
7082	0
7083	1
7084	0
7085	0
7086	1
7087	1
7088	1
7089	0
7090	0
7091	0
7092	0
7093	0
7094	1
7095	1
7096	0
7097	0
7098	0
7099	2
7100	0
7101	0
7102	0
7103	0
7104	1
7105	0
7106	1
7107	1
7108	0
7109	1
7110	0
7111	0
7112	1
7113	0
7114	0
7115	1
7116	0
7117	0
7118	0
7119	0
7120	1
7121	0
7122	0
7123	0
7124	0
7125	0
7126	0
7127	0
7128	0
7129	1
7130	0
7131	0
7132	0
7133	0
7134	0
7135	0
7136	0
7137	1
7138	0
7139	0
7140	1
7141	1
7142	0
7143	0
7144	0
7145	1
7146	0
7147	0
7148	0
7149	0
7150	1
7151	2
7152	0
7153	1
7154	0
7155	0
7156	0
7157	0
7158	0
7159	0
7160	0
7161	0
7162	0
7163	0
7164	1
7165	0
7166	0
7167	1
7168	0
7169	2
7170	0
7171	1
7172	1
7173	0
7174	0
7175	1
7176	1
7177	0
7178	0
7179	0
7180	0
7181	0
7182	0
7183	0
7184	0
7185	1
7186	0
7187	0
7188	0
7189	0
7190	0
7191	0
7192	0
7193	0
7194	0
7195	0
7196	1
7197	1
7198	0
7199	0
7200	0
7201	1
7202	0
7203	0
7204	1
7205	1
7206	0
7207	0
7208	1
7209	0
7210	0
7211	1
7212	0
7213	1
7214	0
7215	0
7216	0
7217	0
7218	0
7219	1
7220	0
7221	0
7222	0
7223	0
7224	3
7225	0
7226	1
7227	0
7228	0
7229	0
7230	0
7231	0
7232	0
7233	0
7234	0
7235	0
7236	0
7237	0
7238	1
7239	0
7240	0
7241	0
7242	1
7243	0
7244	0
7245	1
7246	2
7247	0
7248	0
7249	0
7250	0
7251	0
7252	0
7253	0
7254	0
7255	0
7256	1
7257	0
7258	0
7259	0
7260	1
7261	0
7262	2
7263	0
7264	0
7265	0
7266	1
7267	0
7268	0
7269	0
7270	1
7271	0
7272	0
7273	0
7274	0
7275	1
7276	0
7277	1
7278	0
7279	1
7280	1
7281	0
7282	0
7283	0
7284	0
7285	0
7286	0
7287	0
7288	0
7289	0
7290	0
7291	0
7292	0
7293	1
7294	1
7295	0
7296	1
7297	1
7298	1
7299	1
7300	1
7301	0
7302	0
7303	0
7304	0
7305	0
7306	0
7307	0
7308	0
7309	1
7310	0
7311	0
7312	1
7313	0
7314	1
7315	0
7316	1
7317	0
7318	0
7319	0
7320	0
7321	0
7322	0
7323	0
7324	1
7325	0
7326	0
7327	1
7328	0
7329	0
7330	1
7331	0
7332	0
7333	0
7334	0
7335	0
7336	0
7337	0
7338	1
7339	0
7340	0
7341	0
7342	1
7343	0
7344	0
7345	1
7346	0
7347	0
7348	0
7349	2
7350	0
7351	0
7352	1
7353	0
7354	0
7355	2
7356	0
7357	1
7358	0
7359	0
7360	0
7361	0
7362	1
7363	1
7364	0
7365	1
7366	0
7367	0
7368	1
7369	2
7370	1
7371	0
7372	0
7373	1
7374	1
7375	0
7376	0
7377	0
7378	0
7379	0
7380	0
7381	0
7382	0
7383	0
7384	0
7385	0
7386	1
7387	0
7388	0
7389	0
7390	0
7391	0
7392	0
7393	0
7394	0
7395	0
7396	0
7397	0
7398	0
7399	0
7400	1
7401	1
7402	0
7403	0
7404	0
7405	0
7406	1
7407	0
7408	0
7409	0
7410	0
7411	0
7412	0
7413	0
7414	0
7415	0
7416	0
7417	0
7418	0
7419	1
7420	0
7421	0
7422	0
7423	1
7424	0
7425	0
7426	0
7427	0
7428	0
7429	1
7430	0
7431	0
7432	1
7433	0
7434	0
7435	0
7436	0
7437	1
7438	0
7439	1
7440	0
7441	0
7442	0
7443	1
7444	0
7445	0
7446	1
7447	0
7448	0
7449	0
7450	1
7451	0
7452	0
7453	0
7454	0
7455	0
7456	0
7457	0
7458	0
7459	0
7460	0
7461	1
7462	0
7463	0
7464	0
7465	0
7466	0
7467	0
7468	0
7469	0
7470	0
7471	0
7472	0
7473	0
7474	0
7475	0
7476	0
7477	0
7478	0
7479	0
7480	0
7481	0
7482	1
7483	0
7484	0
7485	0
7486	0
7487	0
7488	0
7489	1
7490	0
7491	1
7492	0
7493	0
7494	0
7495	0
7496	0
7497	0
7498	0
7499	0
7500	0
7501	0
7502	0
7503	0
7504	0
7505	0
7506	0
7507	0
7508	0
7509	0
7510	2
7511	0
7512	0
7513	0
7514	0
7515	0
7516	0
7517	0
7518	1
7519	0
7520	0
7521	0
7522	0
7523	0
7524	0
7525	0
7526	0
7527	0
7528	0
7529	0
7530	0
7531	0
7532	1
7533	0
7534	0
7535	1
7536	0
7537	0
7538	0
7539	0
7540	0
7541	0
7542	0
7543	0
7544	0
7545	0
7546	0
7547	0
7548	0
7549	0
7550	0
7551	0
7552	0
7553	0
7554	0
7555	0
7556	0
7557	0
7558	0
7559	0
7560	0
7561	1
7562	0
7563	0
7564	1
7565	0
7566	0
7567	2
7568	0
7569	0
7570	0
7571	0
7572	0
7573	0
7574	0
7575	0
7576	1
7577	0
7578	0
7579	0
7580	0
7581	0
7582	0
7583	0
7584	0
7585	0
7586	0
7587	0
7588	2
7589	0
7590	0
7591	0
7592	0
7593	0
7594	0
7595	0
7596	0
7597	1
7598	0
7599	0
7600	1
7601	0
7602	1
7603	1
7604	0
7605	0
7606	0
7607	0
7608	0
7609	0
7610	0
7611	0
7612	0
7613	0
7614	0
7615	0
7616	1
7617	0
7618	0
7619	0
7620	0
7621	0
7622	0
7623	0
7624	0
7625	0
7626	0
7627	0
7628	0
7629	0
7630	0
7631	0
7632	0
7633	0
7634	0
7635	0
7636	1
7637	0
7638	0
7639	0
7640	0
7641	1
7642	0
7643	0
7644	0
7645	0
7646	0
7647	0
7648	1
7649	0
7650	0
7651	0
7652	0
7653	0
7654	0
7655	0
7656	0
7657	0
7658	0
7659	0
7660	0
7661	0
7662	0
7663	1
7664	0
7665	0
7666	0
7667	0
7668	0
7669	0
7670	0
7671	0
7672	0
7673	0
7674	0
7675	1
7676	0
7677	0
7678	0
7679	0
7680	0
7681	0
7682	0
7683	0
7684	0
7685	0
7686	0
7687	0
7688	0
7689	2
7690	0
7691	0
7692	0
7693	0
7694	0
7695	0
7696	1
7697	0
7698	0
7699	0
7700	0
7701	0
7702	0
7703	1
7704	0
7705	0
7706	0
7707	1
7708	0
7709	0
7710	1
7711	2
7712	0
7713	1
7714	0
7715	1
7716	0
7717	0
7718	0
7719	0
7720	1
7721	1
7722	1
7723	0
7724	0
7725	0
7726	0
7727	1
7728	2
7729	0
7730	2
7731	0
7732	1
7733	0
7734	0
7735	0
7736	0
7737	0
7738	2
7739	0
7740	0
7741	0
7742	0
7743	0
7744	1
7745	0
7746	1
7747	0
7748	0
7749	0
7750	0
7751	0
7752	0
7753	0
7754	0
7755	0
7756	1
7757	0
7758	0
7759	0
7760	0
7761	0
7762	0
7763	1
7764	0
7765	0
7766	0
7767	0
7768	0
7769	0
7770	1
7771	0
7772	1
7773	0
7774	0
7775	1
7776	3
7777	0
7778	0
7779	0
7780	0
7781	0
7782	0
7783	0
7784	0
7785	0
7786	0
7787	0
7788	0
7789	0
7790	1
7791	2
7792	0
7793	0
7794	1
7795	0
7796	1
7797	1
7798	0
7799	0
7800	0
7801	0
7802	0
7803	0
7804	0
7805	0
7806	1
7807	0
7808	0
7809	0
7810	1
7811	1
7812	1
7813	2
7814	1
7815	1
7816	0
7817	0
7818	0
7819	0
7820	1
7821	0
7822	0
7823	1
7824	0
7825	1
7826	0
7827	0
7828	0
7829	0
7830	0
7831	0
7832	0
7833	0
7834	0
7835	0
7836	0
7837	0
7838	1
7839	0
7840	0
7841	0
7842	0
7843	1
7844	2
7845	1
7846	0
7847	0
7848	0
7849	0
7850	0
7851	0
7852	0
7853	0
7854	1
7855	1
7856	1
7857	0
7858	0
7859	0
7860	0
7861	0
7862	0
7863	1
7864	0
7865	1
7866	1
7867	0
7868	0
7869	0
7870	1
7871	1
7872	0
7873	0
7874	1
7875	1
7876	1
7877	1
7878	0
7879	1
7880	3
7881	2
7882	1
7883	0
7884	1
7885	1
7886	0
7887	2
7888	0
7889	0
7890	0
7891	0
7892	1
7893	1
7894	0
7895	1
7896	0
7897	0
7898	0
7899	0
7900	0
7901	0
7902	0
7903	1
7904	1
7905	0
7906	1
7907	1
7908	1
7909	0
7910	0
7911	0
7912	0
7913	0
7914	0
7915	2
7916	0
7917	1
7918	0
7919	1
7920	1
7921	0
7922	0
7923	1
7924	0
7925	0
7926	0
7927	0
7928	1
7929	0
7930	1
7931	3
7932	2
7933	0
7934	4
7935	0
7936	1
7937	2
7938	1
7939	0
7940	0
7941	1
7942	0
7943	0
7944	0
7945	0
7946	0
7947	0
7948	0
7949	0
7950	0
7951	1
7952	1
7953	1
7954	1
7955	1
7956	0
7957	0
7958	1
7959	1
7960	0
7961	2
7962	0
7963	1
7964	2
7965	0
7966	2
7967	2
7968	0
7969	0
7970	0
7971	0
7972	0
7973	0
7974	0
7975	1
7976	2
7977	1
7978	0
7979	0
7980	1
7981	0
7982	0
7983	1
7984	0
7985	1
7986	0
7987	1
7988	1
7989	0
7990	1
7991	0
7992	1
7993	0
7994	0
7995	3
7996	0
7997	0
7998	0
7999	0
8000	1
8001	0
8002	2
8003	0
8004	0
8005	1
8006	2
8007	2
8008	1
8009	2
8010	1
8011	0
8012	1
8013	2
8014	0
8015	0
8016	0
8017	0
8018	0
8019	0
8020	0
8021	0
8022	0
8023	0
8024	0
8025	0
8026	0
8027	0
8028	0
8029	0
8030	0
8031	0
8032	0
8033	0
8034	0
8035	0
8036	0
8037	0
8038	0
8039	0
8040	0
8041	0
8042	0
8043	0
8044	0
8045	0
8046	0
8047	0
8048	0
8049	0
8050	0
8051	0
8052	0
8053	0
8054	0
8055	0
8056	0
8057	0
8058	0
8059	0
8060	0
8061	0
8062	0
8063	0
8064	0
8065	0
8066	0
8067	0
8068	0
8069	0
8070	0
8071	0
8072	0
8073	0
8074	0
8075	0
8076	0
8077	0
8078	0
8079	0
8080	0
8081	0
8082	0
8083	0
8084	0
8085	0
8086	0
8087	0
8088	0
8089	0
8090	0
8091	0
8092	0
8093	0
8094	0
8095	0
8096	0
8097	0
8098	0
8099	0
8100	0
8101	0
8102	0
8103	0
8104	0
8105	0
8106	0
8107	0
8108	0
8109	0
8110	0
8111	0
8112	0
8113	0
8114	0
8115	0
8116	0
8117	0
8118	0
8119	0
8120	0
8121	0
8122	0
8123	0
8124	0
8125	0
8126	0
8127	0
8128	0
8129	0
8130	0
8131	0
8132	0
8133	0
8134	0
8135	0
8136	0
8137	0
8138	0
8139	0
8140	0
8141	0
8142	0
8143	0
8144	0
8145	0
8146	0
8147	0
8148	0
8149	0
8150	0
8151	0
8152	0
8153	0
8154	0
8155	0
8156	0
8157	0
8158	0
8159	0
8160	0
8161	0
8162	0
8163	0
8164	0
8165	0
8166	0
8167	0
8168	0
8169	0
8170	0
8171	0
8172	0
8173	0
8174	0
8175	0
8176	0
8177	0
8178	0
8179	0
8180	0
8181	0
8182	0
8183	0
8184	0
8185	0
8186	0
8187	0
8188	0
8189	0
8190	0
8191	0
