0	0
1	0
2	0
3	0
4	0
5	0
6	0
7	0
8	0
9	0
10	0
11	0
12	0
13	0
14	0
15	0
16	0
17	0
18	0
19	0
20	0
21	0
22	0
23	0
24	0
25	0
26	0
27	0
28	0
29	0
30	0
31	0
32	0
33	0
34	1
35	0
36	0
37	0
38	0
39	0
40	0
41	2
42	1
43	2
44	41
45	80
46	119
47	133
48	111
49	126
50	122
51	93
52	97
53	76
54	67
55	66
56	82
57	75
58	72
59	83
60	62
61	61
62	90
63	90
64	88
65	67
66	74
67	68
68	74
69	76
70	69
71	56
72	54
73	73
74	78
75	85
76	65
77	96
78	92
79	88
80	68
81	70
82	69
83	63
84	73
85	67
86	61
87	72
88	60
89	58
90	54
91	70
92	63
93	62
94	72
95	59
96	61
97	59
98	62
99	60
100	77
101	60
102	64
103	71
104	65
105	68
106	48
107	61
108	70
109	59
110	70
111	68
112	74
113	70
114	48
115	69
116	71
117	75
118	75
119	61
120	71
121	70
122	71
123	70
124	79
125	59
126	68
127	73
128	81
129	63
130	72
131	72
132	65
133	71
134	67
135	84
136	70
137	72
138	77
139	80
140	72
141	80
142	88
143	73
144	79
145	83
146	80
147	73
148	80
149	87
150	74
151	72
152	108
153	78
154	98
155	90
156	93
157	92
158	94
159	86
160	82
161	79
162	88
163	89
164	82
165	88
166	81
167	96
168	86
169	99
170	113
171	90
172	96
173	90
174	112
175	94
176	100
177	98
178	117
179	100
180	96
181	112
182	117
183	120
184	121
185	109
186	117
187	110
188	122
189	121
190	98
191	120
192	119
193	117
194	112
195	127
196	129
197	142
198	132
199	119
200	141
201	110
202	121
203	125
204	130
205	118
206	126
207	134
208	116
209	137
210	138
211	139
212	153
213	133
214	124
215	143
216	121
217	153
218	125
219	155
220	142
221	139
222	127
223	157
224	127
225	136
226	159
227	156
228	142
229	140
230	166
231	169
232	171
233	155
234	127
235	161
236	149
237	173
238	154
239	156
240	157
241	168
242	166
243	174
244	169
245	166
246	183
247	183
248	176
249	190
250	167
251	192
252	174
253	172
254	176
255	172
256	172
257	185
258	190
259	183
260	156
261	172
262	181
263	188
264	167
265	161
266	165
267	178
268	198
269	171
270	154
271	177
272	161
273	181
274	176
275	164
276	183
277	157
278	191
279	196
280	161
281	197
282	171
283	181
284	174
285	199
286	172
287	182
288	178
289	188
290	175
291	164
292	164
293	165
294	201
295	184
296	157
297	183
298	192
299	173
300	161
301	185
302	212
303	166
304	182
305	157
306	173
307	182
308	176
309	186
310	178
311	152
312	171
313	179
314	163
315	160
316	152
317	183
318	178
319	144
320	173
321	204
322	148
323	173
324	161
325	192
326	157
327	171
328	185
329	152
330	180
331	171
332	155
333	156
334	205
335	178
336	173
337	178
338	161
339	164
340	165
341	183
342	183
343	163
344	185
345	164
346	183
347	150
348	191
349	173
350	181
351	167
352	180
353	154
354	145
355	159
356	159
357	132
358	157
359	169
360	147
361	141
362	160
363	163
364	167
365	150
366	143
367	146
368	148
369	176
370	165
371	139
372	158
373	146
374	153
375	155
376	166
377	150
378	204
379	140
380	178
381	158
382	155
383	154
384	162
385	187
386	163
387	148
388	167
389	165
390	150
391	170
392	150
393	148
394	162
395	150
396	180
397	153
398	146
399	167
400	161
401	162
402	178
403	169
404	155
405	148
406	145
407	167
408	147
409	147
410	166
411	148
412	168
413	146
414	169
415	157
416	151
417	142
418	165
419	167
420	149
421	162
422	145
423	152
424	146
425	139
426	167
427	136
428	150
429	144
430	141
431	130
432	139
433	146
434	173
435	164
436	165
437	128
438	123
439	142
440	144
441	140
442	154
443	136
444	152
445	138
446	166
447	153
448	147
449	127
450	168
451	148
452	158
453	139
454	155
455	136
456	161
457	152
458	134
459	164
460	143
461	166
462	128
463	149
464	141
465	141
466	122
467	159
468	136
469	160
470	139
471	143
472	127
473	130
474	130
475	129
476	142
477	142
478	148
479	145
480	129
481	139
482	143
483	142
484	136
485	152
486	134
487	141
488	150
489	128
490	119
491	133
492	137
493	134
494	144
495	130
496	149
497	124
498	112
499	136
500	151
501	128
502	135
503	139
504	133
505	152
506	131
507	118
508	114
509	110
510	126
511	108
512	135
513	116
514	139
515	125
516	143
517	130
518	132
519	127
520	130
521	141
522	127
523	110
524	139
525	125
526	124
527	132
528	119
529	116
530	125
531	130
532	135
533	146
534	138
535	124
536	138
537	128
538	121
539	134
540	113
541	104
542	134
543	114
544	113
545	134
546	117
547	129
548	132
549	109
550	113
551	145
552	108
553	148
554	134
555	140
556	154
557	137
558	122
559	120
560	126
561	146
562	127
563	126
564	136
565	107
566	142
567	138
568	129
569	118
570	142
571	149
572	135
573	147
574	134
575	140
576	137
577	163
578	126
579	125
580	145
581	141
582	130
583	128
584	111
585	118
586	137
587	144
588	133
589	133
590	140
591	142
592	138
593	138
594	140
595	133
596	154
597	131
598	123
599	123
600	106
601	122
602	140
603	143
604	123
605	132
606	123
607	129
608	128
609	122
610	125
611	121
612	129
613	139
614	140
615	117
616	114
617	132
618	120
619	121
620	102
621	117
622	111
623	125
624	119
625	121
626	121
627	117
628	120
629	130
630	143
631	105
632	107
633	108
634	114
635	135
636	134
637	124
638	120
639	123
640	114
641	114
642	129
643	123
644	115
645	119
646	112
647	119
648	132
649	132
650	127
651	112
652	124
653	116
654	90
655	134
656	116
657	121
658	110
659	110
660	121
661	128
662	119
663	106
664	126
665	102
666	120
667	115
668	95
669	109
670	109
671	97
672	98
673	110
674	99
675	121
676	107
677	104
678	114
679	101
680	105
681	111
682	121
683	116
684	87
685	90
686	106
687	121
688	108
689	120
690	100
691	111
692	113
693	102
694	94
695	97
696	100
697	103
698	109
699	117
700	94
701	117
702	91
703	107
704	101
705	109
706	101
707	112
708	100
709	120
710	97
711	97
712	109
713	109
714	103
715	114
716	103
717	105
718	103
719	111
720	110
721	108
722	87
723	103
724	109
725	93
726	93
727	92
728	104
729	97
730	106
731	92
732	112
733	98
734	103
735	95
736	104
737	104
738	96
739	115
740	78
741	101
742	109
743	101
744	97
745	101
746	93
747	105
748	104
749	99
750	101
751	102
752	105
753	108
754	83
755	95
756	117
757	89
758	97
759	89
760	110
761	88
762	96
763	104
764	97
765	104
766	106
767	88
768	94
769	110
770	101
771	95
772	103
773	101
774	89
775	97
776	88
777	99
778	100
779	83
780	86
781	95
782	85
783	113
784	93
785	86
786	76
787	88
788	91
789	90
790	100
791	96
792	93
793	80
794	98
795	90
796	85
797	76
798	84
799	81
800	103
801	93
802	91
803	90
804	107
805	86
806	90
807	93
808	84
809	100
810	91
811	95
812	105
813	88
814	86
815	82
816	84
817	102
818	87
819	90
820	73
821	81
822	88
823	99
824	95
825	89
826	82
827	77
828	75
829	78
830	81
831	99
832	87
833	79
834	75
835	72
836	95
837	82
838	78
839	81
840	97
841	97
842	83
843	73
844	71
845	93
846	89
847	90
848	94
849	80
850	75
851	87
852	79
853	80
854	96
855	84
856	102
857	80
858	88
859	93
860	78
861	82
862	90
863	76
864	68
865	89
866	93
867	92
868	86
869	83
870	88
871	76
872	80
873	90
874	88
875	76
876	71
877	73
878	90
879	92
880	66
881	87
882	86
883	92
884	81
885	79
886	101
887	79
888	72
889	79
890	91
891	91
892	87
893	88
894	85
895	93
896	81
897	88
898	81
899	67
900	90
901	70
902	70
903	74
904	90
905	91
906	65
907	77
908	86
909	81
910	73
911	79
912	73
913	93
914	89
915	64
916	78
917	74
918	73
919	74
920	85
921	94
922	78
923	75
924	81
925	71
926	80
927	94
928	75
929	82
930	67
931	72
932	71
933	68
934	69
935	68
936	79
937	87
938	65
939	83
940	79
941	84
942	73
943	88
944	58
945	85
946	73
947	82
948	83
949	66
950	61
951	92
952	87
953	92
954	86
955	86
956	85
957	78
958	71
959	81
960	84
961	90
962	78
963	73
964	84
965	64
966	79
967	74
968	82
969	67
970	91
971	62
972	75
973	68
974	72
975	98
976	82
977	79
978	75
979	79
980	64
981	77
982	73
983	84
984	63
985	58
986	78
987	80
988	75
989	69
990	84
991	68
992	73
993	74
994	84
995	84
996	71
997	79
998	59
999	65
1000	56
1001	73
1002	68
1003	72
1004	65
1005	65
1006	82
1007	71
1008	78
1009	85
1010	76
1011	80
1012	79
1013	87
1014	69
1015	84
1016	71
1017	73
1018	81
1019	57
1020	68
1021	81
1022	74
1023	75
1024	57
1025	61
1026	78
1027	65
1028	66
1029	74
1030	68
1031	68
1032	87
1033	56
1034	70
1035	69
1036	67
1037	60
1038	49
1039	72
1040	67
1041	73
1042	74
1043	63
1044	56
1045	51
1046	54
1047	72
1048	57
1049	70
1050	61
1051	72
1052	54
1053	75
1054	58
1055	60
1056	59
1057	70
1058	46
1059	54
1060	51
1061	58
1062	71
1063	71
1064	58
1065	74
1066	66
1067	45
1068	62
1069	53
1070	47
1071	54
1072	61
1073	52
1074	53
1075	53
1076	59
1077	50
1078	52
1079	52
1080	55
1081	56
1082	48
1083	47
1084	51
1085	48
1086	50
1087	49
1088	54
1089	61
1090	74
1091	51
1092	59
1093	43
1094	56
1095	54
1096	56
1097	49
1098	44
1099	49
1100	55
1101	47
1102	48
1103	58
1104	45
1105	43
1106	63
1107	50
1108	56
1109	52
1110	45
1111	41
1112	54
1113	48
1114	54
1115	51
1116	43
1117	50
1118	48
1119	58
1120	41
1121	38
1122	41
1123	40
1124	42
1125	53
1126	58
1127	50
1128	57
1129	50
1130	48
1131	42
1132	62
1133	44
1134	41
1135	45
1136	55
1137	60
1138	40
1139	52
1140	54
1141	47
1142	39
1143	53
1144	51
1145	47
1146	63
1147	48
1148	41
1149	63
1150	51
1151	34
1152	43
1153	55
1154	41
1155	42
1156	42
1157	43
1158	36
1159	43
1160	47
1161	50
1162	40
1163	43
1164	38
1165	34
1166	28
1167	49
1168	43
1169	40
1170	45
1171	40
1172	41
1173	54
1174	38
1175	51
1176	46
1177	38
1178	35
1179	53
1180	47
1181	34
1182	35
1183	42
1184	51
1185	38
1186	39
1187	42
1188	50
1189	38
1190	33
1191	29
1192	38
1193	45
1194	46
1195	55
1196	47
1197	34
1198	43
1199	48
1200	48
1201	40
1202	32
1203	34
1204	36
1205	36
1206	50
1207	50
1208	37
1209	43
1210	48
1211	32
1212	44
1213	37
1214	35
1215	34
1216	37
1217	38
1218	34
1219	40
1220	37
1221	35
1222	36
1223	48
1224	37
1225	43
1226	41
1227	43
1228	42
1229	47
1230	42
1231	30
1232	39
1233	36
1234	46
1235	44
1236	34
1237	41
1238	30
1239	40
1240	29
1241	47
1242	46
1243	48
1244	42
1245	35
1246	41
1247	41
1248	37
1249	41
1250	37
1251	41
1252	41
1253	44
1254	33
1255	38
1256	41
1257	50
1258	40
1259	37
1260	30
1261	35
1262	44
1263	34
1264	35
1265	33
1266	48
1267	40
1268	34
1269	43
1270	52
1271	39
1272	42
1273	30
1274	45
1275	35
1276	38
1277	28
1278	50
1279	42
1280	37
1281	36
1282	34
1283	39
1284	38
1285	41
1286	40
1287	33
1288	50
1289	31
1290	41
1291	35
1292	34
1293	42
1294	37
1295	38
1296	36
1297	36
1298	34
1299	40
1300	34
1301	38
1302	31
1303	32
1304	40
1305	23
1306	42
1307	39
1308	43
1309	47
1310	32
1311	41
1312	31
1313	43
1314	32
1315	31
1316	51
1317	35
1318	34
1319	42
1320	35
1321	40
1322	42
1323	41
1324	47
1325	35
1326	33
1327	34
1328	38
1329	36
1330	26
1331	32
1332	41
1333	37
1334	40
1335	42
1336	47
1337	40
1338	46
1339	37
1340	40
1341	37
1342	25
1343	26
1344	26
1345	28
1346	37
1347	50
1348	38
1349	37
1350	40
1351	37
1352	38
1353	47
1354	33
1355	43
1356	41
1357	42
1358	39
1359	43
1360	33
1361	52
1362	37
1363	35
1364	50
1365	35
1366	36
1367	37
1368	32
1369	55
1370	42
1371	42
1372	49
1373	35
1374	42
1375	42
1376	38
1377	33
1378	44
1379	45
1380	32
1381	40
1382	28
1383	31
1384	36
1385	36
1386	29
1387	29
1388	31
1389	39
1390	35
1391	47
1392	46
1393	46
1394	38
1395	50
1396	32
1397	29
1398	37
1399	33
1400	36
1401	39
1402	29
1403	53
1404	40
1405	42
1406	35
1407	42
1408	38
1409	30
1410	37
1411	42
1412	40
1413	43
1414	37
1415	42
1416	38
1417	34
1418	32
1419	31
1420	45
1421	37
1422	31
1423	33
1424	46
1425	38
1426	42
1427	35
1428	46
1429	44
1430	36
1431	43
1432	40
1433	34
1434	41
1435	47
1436	24
1437	43
1438	32
1439	44
1440	43
1441	38
1442	37
1443	44
1444	36
1445	28
1446	46
1447	35
1448	35
1449	40
1450	40
1451	43
1452	48
1453	49
1454	36
1455	43
1456	49
1457	26
1458	33
1459	36
1460	27
1461	50
1462	48
1463	31
1464	46
1465	41
1466	38
1467	46
1468	41
1469	39
1470	43
1471	47
1472	51
1473	44
1474	39
1475	35
1476	39
1477	42
1478	63
1479	50
1480	43
1481	39
1482	59
1483	53
1484	55
1485	45
1486	53
1487	40
1488	47
1489	51
1490	69
1491	55
1492	42
1493	46
1494	42
1495	45
1496	64
1497	63
1498	50
1499	59
1500	66
1501	59
1502	62
1503	64
1504	72
1505	66
1506	71
1507	77
1508	68
1509	66
1510	71
1511	78
1512	74
1513	97
1514	79
1515	102
1516	69
1517	89
1518	91
1519	90
1520	102
1521	116
1522	88
1523	111
1524	91
1525	82
1526	83
1527	110
1528	106
1529	103
1530	106
1531	122
1532	134
1533	110
1534	133
1535	116
1536	122
1537	133
1538	128
1539	116
1540	136
1541	129
1542	150
1543	148
1544	148
1545	160
1546	142
1547	160
1548	149
1549	168
1550	153
1551	158
1552	174
1553	169
1554	165
1555	154
1556	200
1557	187
1558	185
1559	195
1560	200
1561	200
1562	200
1563	206
1564	226
1565	234
1566	209
1567	217
1568	219
1569	237
1570	243
1571	252
1572	227
1573	257
1574	267
1575	245
1576	259
1577	216
1578	255
1579	249
1580	258
1581	323
1582	270
1583	300
1584	294
1585	302
1586	328
1587	281
1588	275
1589	317
1590	264
1591	297
1592	328
1593	329
1594	342
1595	337
1596	350
1597	299
1598	363
1599	342
1600	357
1601	362
1602	358
1603	337
1604	359
1605	360
1606	337
1607	368
1608	354
1609	405
1610	358
1611	373
1612	381
1613	378
1614	376
1615	403
1616	371
1617	440
1618	427
1619	378
1620	393
1621	394
1622	441
1623	389
1624	382
1625	407
1626	381
1627	422
1628	427
1629	398
1630	376
1631	425
1632	416
1633	439
1634	411
1635	423
1636	424
1637	410
1638	441
1639	441
1640	369
1641	403
1642	431
1643	344
1644	425
1645	405
1646	414
1647	382
1648	390
1649	417
1650	380
1651	367
1652	382
1653	406
1654	392
1655	371
1656	372
1657	372
1658	349
1659	380
1660	374
1661	384
1662	352
1663	411
1664	398
1665	371
1666	390
1667	369
1668	338
1669	328
1670	342
1671	328
1672	318
1673	344
1674	296
1675	306
1676	283
1677	291
1678	313
1679	276
1680	275
1681	282
1682	297
1683	272
1684	276
1685	247
1686	285
1687	262
1688	260
1689	283
1690	254
1691	248
1692	220
1693	208
1694	270
1695	218
1696	197
1697	234
1698	226
1699	195
1700	202
1701	191
1702	172
1703	176
1704	185
1705	179
1706	194
1707	193
1708	165
1709	185
1710	175
1711	170
1712	154
1713	133
1714	165
1715	163
1716	127
1717	154
1718	132
1719	122
1720	140
1721	138
1722	140
1723	129
1724	113
1725	110
1726	117
1727	97
1728	121
1729	108
1730	108
1731	112
1732	96
1733	97
1734	60
1735	94
1736	93
1737	94
1738	76
1739	68
1740	66
1741	68
1742	73
1743	65
1744	63
1745	67
1746	67
1747	71
1748	62
1749	67
1750	56
1751	69
1752	62
1753	51
1754	60
1755	55
1756	40
1757	48
1758	47
1759	41
1760	38
1761	42
1762	46
1763	50
1764	38
1765	43
1766	31
1767	41
1768	40
1769	30
1770	23
1771	35
1772	25
1773	25
1774	16
1775	27
1776	33
1777	27
1778	18
1779	31
1780	23
1781	19
1782	25
1783	28
1784	28
1785	24
1786	22
1787	13
1788	29
1789	24
1790	22
1791	27
1792	26
1793	20
1794	11
1795	25
1796	21
1797	24
1798	17
1799	27
1800	21
1801	16
1802	21
1803	21
1804	24
1805	15
1806	18
1807	21
1808	19
1809	20
1810	10
1811	27
1812	20
1813	22
1814	19
1815	19
1816	21
1817	17
1818	17
1819	17
1820	26
1821	20
1822	19
1823	16
1824	19
1825	18
1826	14
1827	16
1828	17
1829	20
1830	18
1831	11
1832	22
1833	23
1834	17
1835	22
1836	15
1837	21
1838	26
1839	22
1840	12
1841	16
1842	14
1843	14
1844	19
1845	18
1846	16
1847	20
1848	18
1849	23
1850	20
1851	13
1852	16
1853	17
1854	19
1855	16
1856	22
1857	18
1858	23
1859	23
1860	16
1861	14
1862	32
1863	26
1864	21
1865	16
1866	19
1867	19
1868	18
1869	17
1870	22
1871	19
1872	24
1873	22
1874	20
1875	10
1876	26
1877	28
1878	25
1879	14
1880	13
1881	14
1882	14
1883	21
1884	20
1885	26
1886	16
1887	14
1888	30
1889	13
1890	21
1891	19
1892	10
1893	17
1894	15
1895	24
1896	22
1897	21
1898	25
1899	14
1900	18
1901	18
1902	20
1903	19
1904	30
1905	15
1906	19
1907	25
1908	20
1909	13
1910	14
1911	10
1912	16
1913	21
1914	14
1915	21
1916	18
1917	15
1918	24
1919	19
1920	11
1921	22
1922	23
1923	21
1924	27
1925	15
1926	24
1927	22
1928	12
1929	19
1930	15
1931	16
1932	20
1933	17
1934	13
1935	21
1936	20
1937	17
1938	22
1939	19
1940	21
1941	13
1942	15
1943	21
1944	24
1945	20
1946	17
1947	22
1948	23
1949	9
1950	23
1951	22
1952	19
1953	19
1954	24
1955	11
1956	24
1957	25
1958	17
1959	16
1960	18
1961	22
1962	17
1963	15
1964	19
1965	27
1966	18
1967	25
1968	18
1969	23
1970	24
1971	10
1972	14
1973	20
1974	12
1975	16
1976	21
1977	19
1978	22
1979	18
1980	15
1981	20
1982	20
1983	22
1984	11
1985	22
1986	16
1987	15
1988	18
1989	10
1990	17
1991	17
1992	17
1993	19
1994	12
1995	16
1996	16
1997	13
1998	10
1999	17
2000	18
2001	24
2002	11
2003	15
2004	14
2005	18
2006	17
2007	16
2008	11
2009	21
2010	17
2011	19
2012	16
2013	21
2014	21
2015	15
2016	14
2017	18
2018	14
2019	12
2020	16
2021	10
2022	17
2023	16
2024	14
2025	11
2026	18
2027	21
2028	17
2029	16
2030	13
2031	18
2032	30
2033	23
2034	14
2035	16
2036	13
2037	20
2038	14
2039	13
2040	18
2041	15
2042	12
2043	11
2044	14
2045	20
2046	19
2047	18
2048	20
2049	23
2050	19
2051	17
2052	20
2053	13
2054	15
2055	13
2056	19
2057	11
2058	10
2059	17
2060	14
2061	22
2062	18
2063	18
2064	23
2065	22
2066	12
2067	18
2068	13
2069	23
2070	21
2071	18
2072	17
2073	20
2074	18
2075	21
2076	20
2077	9
2078	16
2079	25
2080	19
2081	18
2082	21
2083	17
2084	19
2085	17
2086	15
2087	15
2088	25
2089	20
2090	24
2091	19
2092	22
2093	24
2094	22
2095	18
2096	27
2097	21
2098	22
2099	18
2100	15
2101	27
2102	19
2103	13
2104	22
2105	19
2106	22
2107	23
2108	20
2109	23
2110	26
2111	20
2112	20
2113	17
2114	21
2115	17
2116	17
2117	22
2118	24
2119	15
2120	17
2121	16
2122	18
2123	17
2124	19
2125	17
2126	14
2127	17
2128	19
2129	15
2130	19
2131	23
2132	18
2133	14
2134	23
2135	11
2136	14
2137	20
2138	15
2139	22
2140	15
2141	21
2142	16
2143	16
2144	13
2145	14
2146	15
2147	19
2148	28
2149	15
2150	14
2151	15
2152	20
2153	18
2154	15
2155	15
2156	21
2157	20
2158	16
2159	18
2160	9
2161	15
2162	13
2163	21
2164	15
2165	12
2166	16
2167	19
2168	8
2169	21
2170	13
2171	22
2172	13
2173	21
2174	19
2175	19
2176	15
2177	10
2178	19
2179	17
2180	10
2181	9
2182	17
2183	18
2184	17
2185	20
2186	16
2187	15
2188	16
2189	22
2190	19
2191	15
2192	14
2193	8
2194	25
2195	18
2196	9
2197	26
2198	15
2199	20
2200	16
2201	15
2202	14
2203	17
2204	10
2205	16
2206	23
2207	18
2208	18
2209	13
2210	13
2211	16
2212	15
2213	21
2214	15
2215	21
2216	15
2217	15
2218	19
2219	12
2220	18
2221	9
2222	8
2223	14
2224	20
2225	16
2226	15
2227	14
2228	14
2229	8
2230	17
2231	9
2232	22
2233	12
2234	20
2235	12
2236	12
2237	12
2238	17
2239	20
2240	16
2241	13
2242	12
2243	13
2244	23
2245	11
2246	14
2247	11
2248	18
2249	14
2250	13
2251	17
2252	12
2253	13
2254	13
2255	11
2256	17
2257	21
2258	17
2259	12
2260	12
2261	17
2262	20
2263	11
2264	13
2265	23
2266	12
2267	10
2268	11
2269	9
2270	10
2271	18
2272	17
2273	13
2274	18
2275	17
2276	15
2277	15
2278	17
2279	18
2280	12
2281	9
2282	16
2283	15
2284	16
2285	19
2286	20
2287	22
2288	10
2289	17
2290	16
2291	16
2292	16
2293	17
2294	20
2295	24
2296	13
2297	12
2298	12
2299	10
2300	18
2301	14
2302	14
2303	16
2304	13
2305	20
2306	15
2307	18
2308	15
2309	16
2310	21
2311	14
2312	12
2313	18
2314	11
2315	10
2316	12
2317	21
2318	11
2319	15
2320	12
2321	13
2322	7
2323	14
2324	13
2325	13
2326	14
2327	14
2328	15
2329	14
2330	15
2331	21
2332	13
2333	8
2334	16
2335	18
2336	15
2337	15
2338	17
2339	10
2340	11
2341	16
2342	14
2343	22
2344	18
2345	12
2346	21
2347	16
2348	22
2349	15
2350	16
2351	18
2352	10
2353	20
2354	15
2355	12
2356	12
2357	25
2358	12
2359	13
2360	17
2361	11
2362	18
2363	15
2364	9
2365	13
2366	27
2367	14
2368	15
2369	12
2370	11
2371	13
2372	16
2373	10
2374	12
2375	13
2376	15
2377	9
2378	14
2379	16
2380	13
2381	17
2382	17
2383	7
2384	16
2385	13
2386	15
2387	20
2388	16
2389	10
2390	14
2391	8
2392	14
2393	8
2394	10
2395	13
2396	12
2397	12
2398	17
2399	13
2400	21
2401	11
2402	12
2403	19
2404	11
2405	18
2406	16
2407	8
2408	12
2409	19
2410	19
2411	12
2412	19
2413	12
2414	14
2415	10
2416	14
2417	11
2418	16
2419	9
2420	20
2421	10
2422	17
2423	16
2424	13
2425	21
2426	15
2427	17
2428	22
2429	11
2430	13
2431	14
2432	19
2433	16
2434	10
2435	16
2436	17
2437	13
2438	18
2439	10
2440	14
2441	19
2442	9
2443	16
2444	16
2445	15
2446	15
2447	15
2448	18
2449	18
2450	21
2451	20
2452	19
2453	18
2454	15
2455	11
2456	7
2457	16
2458	11
2459	19
2460	16
2461	11
2462	21
2463	18
2464	15
2465	16
2466	11
2467	6
2468	15
2469	11
2470	13
2471	21
2472	13
2473	12
2474	12
2475	20
2476	23
2477	13
2478	12
2479	14
2480	10
2481	17
2482	12
2483	13
2484	13
2485	17
2486	13
2487	6
2488	17
2489	14
2490	13
2491	15
2492	17
2493	11
2494	13
2495	21
2496	12
2497	12
2498	20
2499	11
2500	18
2501	11
2502	13
2503	23
2504	20
2505	14
2506	12
2507	11
2508	15
2509	17
2510	17
2511	11
2512	20
2513	14
2514	13
2515	19
2516	14
2517	12
2518	14
2519	15
2520	16
2521	15
2522	6
2523	12
2524	15
2525	11
2526	14
2527	14
2528	19
2529	18
2530	14
2531	16
2532	14
2533	14
2534	16
2535	10
2536	14
2537	13
2538	14
2539	7
2540	10
2541	12
2542	12
2543	11
2544	19
2545	10
2546	10
2547	16
2548	18
2549	18
2550	14
2551	16
2552	17
2553	16
2554	14
2555	15
2556	22
2557	6
2558	17
2559	19
2560	20
2561	13
2562	27
2563	13
2564	15
2565	15
2566	12
2567	10
2568	12
2569	15
2570	13
2571	16
2572	9
2573	20
2574	22
2575	19
2576	6
2577	11
2578	11
2579	23
2580	11
2581	14
2582	11
2583	17
2584	18
2585	17
2586	15
2587	18
2588	14
2589	17
2590	17
2591	8
2592	11
2593	13
2594	15
2595	24
2596	12
2597	14
2598	7
2599	22
2600	18
2601	16
2602	15
2603	11
2604	17
2605	13
2606	13
2607	15
2608	14
2609	8
2610	14
2611	12
2612	16
2613	11
2614	11
2615	19
2616	9
2617	11
2618	14
2619	19
2620	10
2621	14
2622	14
2623	12
2624	19
2625	14
2626	13
2627	18
2628	11
2629	20
2630	12
2631	8
2632	11
2633	14
2634	15
2635	12
2636	9
2637	25
2638	12
2639	18
2640	14
2641	12
2642	13
2643	12
2644	17
2645	14
2646	12
2647	15
2648	15
2649	11
2650	13
2651	11
2652	10
2653	11
2654	9
2655	10
2656	16
2657	16
2658	14
2659	13
2660	6
2661	28
2662	18
2663	14
2664	12
2665	9
2666	10
2667	8
2668	13
2669	9
2670	21
2671	13
2672	14
2673	10
2674	17
2675	16
2676	11
2677	16
2678	21
2679	16
2680	19
2681	17
2682	14
2683	19
2684	23
2685	13
2686	16
2687	20
2688	14
2689	10
2690	12
2691	19
2692	16
2693	21
2694	14
2695	15
2696	8
2697	15
2698	16
2699	16
2700	18
2701	15
2702	14
2703	13
2704	17
2705	9
2706	11
2707	9
2708	9
2709	9
2710	17
2711	18
2712	11
2713	14
2714	14
2715	19
2716	21
2717	21
2718	14
2719	17
2720	12
2721	13
2722	15
2723	11
2724	19
2725	13
2726	16
2727	15
2728	7
2729	10
2730	9
2731	23
2732	13
2733	17
2734	18
2735	11
2736	12
2737	19
2738	14
2739	11
2740	10
2741	22
2742	16
2743	14
2744	20
2745	21
2746	20
2747	14
2748	21
2749	16
2750	8
2751	11
2752	15
2753	15
2754	20
2755	10
2756	14
2757	10
2758	14
2759	16
2760	9
2761	16
2762	15
2763	11
2764	8
2765	16
2766	13
2767	14
2768	19
2769	12
2770	9
2771	13
2772	12
2773	17
2774	12
2775	11
2776	16
2777	12
2778	8
2779	11
2780	22
2781	15
2782	5
2783	19
2784	12
2785	12
2786	13
2787	11
2788	17
2789	10
2790	5
2791	13
2792	9
2793	13
2794	16
2795	18
2796	6
2797	11
2798	14
2799	13
2800	13
2801	14
2802	16
2803	16
2804	17
2805	13
2806	13
2807	14
2808	9
2809	10
2810	13
2811	23
2812	14
2813	5
2814	17
2815	16
2816	12
2817	18
2818	18
2819	19
2820	12
2821	16
2822	18
2823	14
2824	18
2825	16
2826	13
2827	11
2828	17
2829	13
2830	24
2831	18
2832	19
2833	17
2834	17
2835	9
2836	11
2837	15
2838	16
2839	9
2840	11
2841	10
2842	17
2843	10
2844	18
2845	11
2846	12
2847	18
2848	17
2849	13
2850	17
2851	16
2852	12
2853	15
2854	11
2855	17
2856	16
2857	13
2858	11
2859	14
2860	17
2861	18
2862	14
2863	15
2864	14
2865	21
2866	12
2867	15
2868	13
2869	22
2870	16
2871	9
2872	21
2873	16
2874	13
2875	11
2876	24
2877	11
2878	12
2879	9
2880	12
2881	18
2882	15
2883	20
2884	14
2885	13
2886	11
2887	8
2888	14
2889	28
2890	16
2891	15
2892	9
2893	27
2894	20
2895	15
2896	15
2897	15
2898	11
2899	16
2900	12
2901	13
2902	19
2903	16
2904	20
2905	20
2906	12
2907	25
2908	18
2909	19
2910	15
2911	24
2912	14
2913	14
2914	21
2915	16
2916	9
2917	16
2918	14
2919	13
2920	18
2921	24
2922	16
2923	17
2924	17
2925	20
2926	11
2927	10
2928	16
2929	8
2930	14
2931	13
2932	13
2933	21
2934	12
2935	12
2936	10
2937	20
2938	17
2939	14
2940	16
2941	15
2942	14
2943	17
2944	17
2945	13
2946	24
2947	16
2948	20
2949	21
2950	17
2951	15
2952	18
2953	17
2954	17
2955	8
2956	15
2957	18
2958	12
2959	15
2960	18
2961	14
2962	18
2963	16
2964	13
2965	8
2966	11
2967	14
2968	20
2969	19
2970	10
2971	16
2972	13
2973	9
2974	21
2975	16
2976	11
2977	17
2978	19
2979	19
2980	21
2981	16
2982	14
2983	14
2984	13
2985	13
2986	15
2987	14
2988	19
2989	15
2990	16
2991	17
2992	17
2993	14
2994	16
2995	17
2996	19
2997	21
2998	17
2999	14
3000	11
3001	17
3002	10
3003	19
3004	14
3005	12
3006	8
3007	14
3008	16
3009	7
3010	10
3011	13
3012	15
3013	16
3014	14
3015	17
3016	22
3017	16
3018	17
3019	15
3020	16
3021	12
3022	11
3023	8
3024	9
3025	21
3026	14
3027	13
3028	17
3029	11
3030	14
3031	17
3032	17
3033	10
3034	18
3035	12
3036	17
3037	12
3038	20
3039	17
3040	17
3041	13
3042	17
3043	13
3044	22
3045	12
3046	12
3047	14
3048	16
3049	17
3050	13
3051	8
3052	16
3053	15
3054	10
3055	12
3056	17
3057	21
3058	16
3059	15
3060	12
3061	21
3062	25
3063	21
3064	17
3065	13
3066	20
3067	24
3068	27
3069	18
3070	17
3071	12
3072	12
3073	18
3074	22
3075	23
3076	17
3077	20
3078	8
3079	13
3080	9
3081	8
3082	20
3083	15
3084	24
3085	21
3086	17
3087	20
3088	9
3089	15
3090	13
3091	8
3092	17
3093	13
3094	19
3095	12
3096	11
3097	15
3098	14
3099	19
3100	10
3101	21
3102	11
3103	18
3104	17
3105	13
3106	19
3107	16
3108	19
3109	18
3110	11
3111	19
3112	13
3113	8
3114	12
3115	15
3116	16
3117	15
3118	17
3119	9
3120	17
3121	21
3122	15
3123	15
3124	16
3125	15
3126	21
3127	20
3128	18
3129	17
3130	13
3131	10
3132	14
3133	14
3134	13
3135	19
3136	9
3137	13
3138	24
3139	17
3140	10
3141	9
3142	12
3143	14
3144	17
3145	15
3146	9
3147	16
3148	23
3149	14
3150	15
3151	27
3152	17
3153	12
3154	19
3155	14
3156	12
3157	14
3158	13
3159	13
3160	16
3161	15
3162	7
3163	13
3164	12
3165	11
3166	9
3167	9
3168	14
3169	20
3170	12
3171	16
3172	10
3173	14
3174	20
3175	18
3176	6
3177	17
3178	10
3179	18
3180	9
3181	15
3182	10
3183	12
3184	14
3185	13
3186	15
3187	20
3188	18
3189	9
3190	7
3191	10
3192	16
3193	14
3194	16
3195	12
3196	8
3197	9
3198	10
3199	9
3200	16
3201	11
3202	15
3203	18
3204	15
3205	15
3206	17
3207	15
3208	15
3209	10
3210	11
3211	17
3212	6
3213	13
3214	19
3215	13
3216	10
3217	15
3218	19
3219	11
3220	13
3221	13
3222	13
3223	18
3224	10
3225	10
3226	16
3227	16
3228	13
3229	10
3230	18
3231	11
3232	6
3233	12
3234	8
3235	7
3236	15
3237	10
3238	11
3239	9
3240	11
3241	10
3242	6
3243	9
3244	6
3245	13
3246	11
3247	10
3248	8
3249	11
3250	16
3251	13
3252	14
3253	8
3254	10
3255	9
3256	7
3257	10
3258	9
3259	7
3260	7
3261	9
3262	8
3263	13
3264	12
3265	6
3266	11
3267	5
3268	11
3269	7
3270	12
3271	8
3272	13
3273	6
3274	12
3275	11
3276	14
3277	6
3278	14
3279	10
3280	11
3281	8
3282	12
3283	9
3284	10
3285	10
3286	4
3287	11
3288	8
3289	9
3290	12
3291	6
3292	12
3293	12
3294	10
3295	12
3296	8
3297	7
3298	13
3299	6
3300	8
3301	6
3302	12
3303	10
3304	11
3305	5
3306	7
3307	11
3308	13
3309	10
3310	8
3311	5
3312	5
3313	5
3314	6
3315	11
3316	7
3317	9
3318	4
3319	9
3320	11
3321	8
3322	5
3323	10
3324	11
3325	2
3326	9
3327	11
3328	5
3329	11
3330	12
3331	7
3332	5
3333	9
3334	4
3335	9
3336	9
3337	9
3338	4
3339	8
3340	12
3341	6
3342	3
3343	9
3344	9
3345	4
3346	4
3347	8
3348	6
3349	11
3350	7
3351	5
3352	4
3353	8
3354	12
3355	7
3356	4
3357	8
3358	7
3359	7
3360	6
3361	5
3362	6
3363	7
3364	6
3365	7
3366	7
3367	4
3368	7
3369	0
3370	3
3371	9
3372	4
3373	5
3374	5
3375	7
3376	4
3377	9
3378	5
3379	9
3380	7
3381	6
3382	9
3383	4
3384	6
3385	6
3386	8
3387	4
3388	4
3389	6
3390	8
3391	4
3392	4
3393	1
3394	6
3395	10
3396	4
3397	2
3398	11
3399	12
3400	6
3401	9
3402	5
3403	6
3404	5
3405	6
3406	7
3407	2
3408	5
3409	7
3410	5
3411	8
3412	6
3413	9
3414	6
3415	4
3416	5
3417	4
3418	6
3419	6
3420	8
3421	6
3422	7
3423	5
3424	4
3425	5
3426	6
3427	6
3428	4
3429	4
3430	9
3431	11
3432	9
3433	3
3434	5
3435	6
3436	4
3437	4
3438	4
3439	6
3440	4
3441	7
3442	4
3443	4
3444	5
3445	4
3446	4
3447	11
3448	6
3449	9
3450	2
3451	4
3452	7
3453	2
3454	6
3455	7
3456	1
3457	4
3458	7
3459	2
3460	2
3461	4
3462	7
3463	8
3464	3
3465	3
3466	4
3467	5
3468	4
3469	6
3470	5
3471	5
3472	4
3473	3
3474	4
3475	5
3476	10
3477	9
3478	8
3479	3
3480	3
3481	11
3482	6
3483	6
3484	3
3485	6
3486	3
3487	6
3488	4
3489	5
3490	2
3491	5
3492	3
3493	5
3494	1
3495	8
3496	3
3497	3
3498	2
3499	2
3500	5
3501	1
3502	4
3503	6
3504	4
3505	6
3506	3
3507	5
3508	5
3509	0
3510	2
3511	4
3512	5
3513	4
3514	5
3515	5
3516	4
3517	3
3518	3
3519	2
3520	9
3521	5
3522	7
3523	7
3524	4
3525	4
3526	4
3527	3
3528	4
3529	3
3530	5
3531	5
3532	2
3533	6
3534	3
3535	2
3536	5
3537	1
3538	2
3539	3
3540	4
3541	6
3542	5
3543	4
3544	2
3545	5
3546	2
3547	5
3548	2
3549	3
3550	0
3551	4
3552	4
3553	2
3554	3
3555	4
3556	2
3557	3
3558	3
3559	4
3560	3
3561	9
3562	8
3563	2
3564	4
3565	3
3566	3
3567	2
3568	3
3569	4
3570	3
3571	2
3572	2
3573	3
3574	2
3575	3
3576	2
3577	7
3578	5
3579	6
3580	1
3581	7
3582	4
3583	3
3584	3
3585	6
3586	4
3587	6
3588	3
3589	3
3590	4
3591	4
3592	4
3593	4
3594	6
3595	1
3596	4
3597	2
3598	2
3599	2
3600	5
3601	2
3602	4
3603	4
3604	4
3605	5
3606	2
3607	4
3608	2
3609	2
3610	3
3611	7
3612	4
3613	5
3614	5
3615	2
3616	3
3617	5
3618	3
3619	2
3620	2
3621	2
3622	6
3623	4
3624	2
3625	1
3626	1
3627	2
3628	3
3629	8
3630	3
3631	2
3632	1
3633	1
3634	7
3635	7
3636	4
3637	5
3638	3
3639	2
3640	7
3641	2
3642	4
3643	3
3644	4
3645	5
3646	6
3647	5
3648	3
3649	5
3650	3
3651	2
3652	7
3653	1
3654	10
3655	4
3656	7
3657	5
3658	1
3659	3
3660	3
3661	4
3662	7
3663	8
3664	4
3665	2
3666	2
3667	1
3668	4
3669	4
3670	3
3671	5
3672	5
3673	2
3674	6
3675	2
3676	3
3677	9
3678	3
3679	3
3680	7
3681	7
3682	3
3683	5
3684	7
3685	4
3686	4
3687	2
3688	4
3689	2
3690	7
3691	5
3692	4
3693	8
3694	7
3695	3
3696	3
3697	8
3698	6
3699	5
3700	5
3701	8
3702	5
3703	4
3704	2
3705	4
3706	7
3707	2
3708	3
3709	4
3710	0
3711	7
3712	5
3713	6
3714	5
3715	5
3716	6
3717	9
3718	3
3719	4
3720	6
3721	4
3722	2
3723	6
3724	7
3725	9
3726	6
3727	4
3728	9
3729	6
3730	8
3731	6
3732	8
3733	4
3734	10
3735	5
3736	6
3737	9
3738	2
3739	11
3740	8
3741	5
3742	10
3743	11
3744	3
3745	6
3746	8
3747	9
3748	10
3749	8
3750	6
3751	9
3752	12
3753	8
3754	9
3755	11
3756	12
3757	5
3758	7
3759	10
3760	10
3761	13
3762	14
3763	11
3764	10
3765	10
3766	8
3767	14
3768	10
3769	16
3770	11
3771	8
3772	13
3773	8
3774	8
3775	8
3776	9
3777	9
3778	9
3779	8
3780	12
3781	13
3782	11
3783	12
3784	17
3785	14
3786	18
3787	13
3788	14
3789	15
3790	9
3791	8
3792	15
3793	11
3794	17
3795	13
3796	7
3797	21
3798	15
3799	19
3800	15
3801	14
3802	13
3803	10
3804	21
3805	14
3806	14
3807	17
3808	18
3809	17
3810	21
3811	14
3812	14
3813	24
3814	21
3815	14
3816	15
3817	20
3818	20
3819	17
3820	25
3821	17
3822	17
3823	22
3824	14
3825	22
3826	13
3827	17
3828	27
3829	23
3830	30
3831	21
3832	22
3833	31
3834	31
3835	22
3836	32
3837	32
3838	20
3839	28
3840	30
3841	28
3842	18
3843	23
3844	25
3845	25
3846	30
3847	32
3848	25
3849	27
3850	40
3851	30
3852	34
3853	28
3854	29
3855	28
3856	34
3857	25
3858	32
3859	25
3860	36
3861	36
3862	41
3863	27
3864	38
3865	37
3866	35
3867	34
3868	40
3869	22
3870	37
3871	35
3872	32
3873	37
3874	32
3875	43
3876	35
3877	35
3878	37
3879	42
3880	45
3881	39
3882	43
3883	36
3884	41
3885	33
3886	47
3887	40
3888	38
3889	45
3890	39
3891	49
3892	42
3893	49
3894	48
3895	24
3896	60
3897	53
3898	37
3899	35
3900	42
3901	38
3902	51
3903	48
3904	36
3905	37
3906	51
3907	43
3908	52
3909	41
3910	47
3911	59
3912	49
3913	39
3914	48
3915	40
3916	51
3917	48
3918	52
3919	61
3920	45
3921	43
3922	53
3923	60
3924	48
3925	54
3926	65
3927	53
3928	59
3929	50
3930	65
3931	61
3932	49
3933	55
3934	58
3935	57
3936	62
3937	62
3938	53
3939	63
3940	55
3941	54
3942	46
3943	58
3944	52
3945	64
3946	82
3947	53
3948	66
3949	51
3950	55
3951	62
3952	44
3953	53
3954	41
3955	64
3956	51
3957	53
3958	59
3959	55
3960	64
3961	55
3962	60
3963	58
3964	58
3965	57
3966	35
3967	62
3968	47
3969	52
3970	50
3971	51
3972	50
3973	49
3974	53
3975	70
3976	49
3977	73
3978	78
3979	54
3980	64
3981	47
3982	45
3983	59
3984	59
3985	55
3986	52
3987	61
3988	53
3989	55
3990	60
3991	68
3992	58
3993	67
3994	63
3995	58
3996	65
3997	58
3998	58
3999	58
4000	56
4001	52
4002	44
4003	53
4004	54
4005	69
4006	57
4007	63
4008	47
4009	56
4010	62
4011	52
4012	53
4013	62
4014	67
4015	44
4016	45
4017	58
4018	54
4019	39
4020	68
4021	43
4022	48
4023	57
4024	55
4025	43
4026	52
4027	43
4028	53
4029	32
4030	43
4031	49
4032	48
4033	51
4034	48
4035	64
4036	44
4037	42
4038	31
4039	49
4040	48
4041	55
4042	43
4043	49
4044	47
4045	38
4046	58
4047	44
4048	46
4049	44
4050	26
4051	47
4052	39
4053	34
4054	41
4055	37
4056	49
4057	40
4058	41
4059	42
4060	44
4061	46
4062	39
4063	46
4064	30
4065	39
4066	40
4067	33
4068	36
4069	30
4070	34
4071	28
4072	37
4073	36
4074	34
4075	29
4076	32
4077	36
4078	33
4079	29
4080	32
4081	34
4082	23
4083	26
4084	30
4085	29
4086	28
4087	40
4088	24
4089	29
4090	38
4091	32
4092	25
4093	26
4094	28
4095	28
4096	25
4097	26
4098	31
4099	30
4100	22
4101	29
4102	22
4103	20
4104	24
4105	21
4106	28
4107	21
4108	18
4109	22
4110	24
4111	29
4112	17
4113	17
4114	22
4115	22
4116	13
4117	23
4118	22
4119	22
4120	18
4121	23
4122	18
4123	16
4124	12
4125	19
4126	21
4127	16
4128	19
4129	23
4130	17
4131	23
4132	12
4133	13
4134	19
4135	15
4136	14
4137	12
4138	22
4139	11
4140	17
4141	9
4142	8
4143	10
4144	13
4145	12
4146	12
4147	13
4148	17
4149	17
4150	11
4151	16
4152	14
4153	10
4154	12
4155	13
4156	6
4157	7
4158	11
4159	10
4160	7
4161	5
4162	11
4163	10
4164	12
4165	9
4166	7
4167	11
4168	8
4169	13
4170	6
4171	13
4172	7
4173	7
4174	7
4175	9
4176	10
4177	5
4178	13
4179	11
4180	6
4181	16
4182	7
4183	4
4184	6
4185	13
4186	10
4187	7
4188	4
4189	4
4190	5
4191	5
4192	5
4193	9
4194	5
4195	8
4196	7
4197	7
4198	8
4199	8
4200	7
4201	4
4202	7
4203	2
4204	2
4205	6
4206	9
4207	6
4208	1
4209	8
4210	4
4211	7
4212	2
4213	11
4214	4
4215	5
4216	4
4217	8
4218	3
4219	4
4220	4
4221	3
4222	3
4223	2
4224	5
4225	5
4226	4
4227	8
4228	6
4229	3
4230	3
4231	5
4232	0
4233	2
4234	4
4235	2
4236	3
4237	4
4238	8
4239	1
4240	5
4241	3
4242	2
4243	4
4244	1
4245	1
4246	4
4247	3
4248	4
4249	4
4250	3
4251	2
4252	1
4253	2
4254	3
4255	4
4256	0
4257	3
4258	3
4259	4
4260	2
4261	1
4262	1
4263	6
4264	3
4265	3
4266	2
4267	2
4268	3
4269	2
4270	4
4271	1
4272	3
4273	3
4274	3
4275	0
4276	4
4277	2
4278	0
4279	3
4280	3
4281	3
4282	2
4283	2
4284	3
4285	1
4286	1
4287	3
4288	2
4289	3
4290	1
4291	1
4292	1
4293	2
4294	5
4295	3
4296	3
4297	3
4298	4
4299	3
4300	0
4301	3
4302	3
4303	4
4304	2
4305	2
4306	3
4307	1
4308	4
4309	3
4310	2
4311	3
4312	0
4313	1
4314	0
4315	1
4316	1
4317	3
4318	2
4319	0
4320	3
4321	3
4322	1
4323	2
4324	3
4325	2
4326	3
4327	1
4328	4
4329	3
4330	3
4331	0
4332	4
4333	2
4334	4
4335	1
4336	2
4337	3
4338	2
4339	3
4340	0
4341	3
4342	2
4343	1
4344	2
4345	2
4346	3
4347	1
4348	3
4349	3
4350	4
4351	4
4352	2
4353	1
4354	3
4355	1
4356	0
4357	0
4358	2
4359	1
4360	0
4361	2
4362	0
4363	3
4364	2
4365	5
4366	1
4367	1
4368	0
4369	1
4370	4
4371	2
4372	1
4373	3
4374	5
4375	4
4376	1
4377	5
4378	1
4379	1
4380	1
4381	2
4382	3
4383	3
4384	2
4385	5
4386	1
4387	0
4388	2
4389	1
4390	2
4391	1
4392	2
4393	2
4394	1
4395	2
4396	3
4397	4
4398	1
4399	1
4400	3
4401	4
4402	6
4403	4
4404	0
4405	0
4406	3
4407	3
4408	2
4409	3
4410	2
4411	3
4412	4
4413	2
4414	4
4415	3
4416	6
4417	3
4418	3
4419	6
4420	2
4421	1
4422	2
4423	4
4424	7
4425	4
4426	3
4427	1
4428	6
4429	2
4430	0
4431	6
4432	4
4433	5
4434	4
4435	6
4436	5
4437	1
4438	2
4439	2
4440	3
4441	1
4442	1
4443	2
4444	3
4445	3
4446	2
4447	4
4448	4
4449	2
4450	0
4451	3
4452	4
4453	4
4454	5
4455	1
4456	5
4457	3
4458	8
4459	2
4460	6
4461	3
4462	4
4463	4
4464	2
4465	2
4466	2
4467	5
4468	2
4469	8
4470	3
4471	1
4472	3
4473	2
4474	3
4475	1
4476	5
4477	0
4478	2
4479	2
4480	2
4481	5
4482	2
4483	5
4484	4
4485	1
4486	4
4487	4
4488	1
4489	4
4490	8
4491	3
4492	4
4493	1
4494	3
4495	5
4496	3
4497	1
4498	2
4499	4
4500	6
4501	6
4502	4
4503	6
4504	4
4505	7
4506	9
4507	7
4508	2
4509	1
4510	3
4511	4
4512	4
4513	8
4514	4
4515	5
4516	4
4517	5
4518	6
4519	1
4520	6
4521	4
4522	1
4523	6
4524	6
4525	6
4526	5
4527	9
4528	5
4529	4
4530	5
4531	1
4532	2
4533	3
4534	3
4535	3
4536	4
4537	1
4538	4
4539	1
4540	3
4541	1
4542	3
4543	2
4544	4
4545	9
4546	4
4547	3
4548	6
4549	5
4550	6
4551	3
4552	3
4553	3
4554	6
4555	6
4556	8
4557	4
4558	3
4559	5
4560	4
4561	2
4562	8
4563	1
4564	4
4565	5
4566	2
4567	6
4568	5
4569	2
4570	1
4571	2
4572	5
4573	4
4574	4
4575	2
4576	1
4577	6
4578	3
4579	0
4580	6
4581	6
4582	1
4583	4
4584	3
4585	2
4586	1
4587	2
4588	0
4589	3
4590	4
4591	2
4592	2
4593	3
4594	1
4595	3
4596	9
4597	2
4598	4
4599	2
4600	2
4601	3
4602	4
4603	5
4604	2
4605	4
4606	4
4607	5
4608	1
4609	3
4610	0
4611	3
4612	6
4613	4
4614	1
4615	2
4616	4
4617	5
4618	7
4619	2
4620	3
4621	5
4622	2
4623	4
4624	7
4625	6
4626	4
4627	3
4628	3
4629	5
4630	5
4631	5
4632	2
4633	5
4634	2
4635	2
4636	0
4637	6
4638	4
4639	1
4640	3
4641	2
4642	0
4643	5
4644	2
4645	4
4646	1
4647	1
4648	2
4649	0
4650	2
4651	2
4652	0
4653	1
4654	3
4655	2
4656	1
4657	6
4658	1
4659	1
4660	3
4661	3
4662	2
4663	6
4664	2
4665	2
4666	4
4667	0
4668	3
4669	3
4670	2
4671	0
4672	4
4673	5
4674	2
4675	2
4676	0
4677	4
4678	1
4679	1
4680	0
4681	1
4682	4
4683	1
4684	0
4685	2
4686	2
4687	3
4688	0
4689	5
4690	0
4691	2
4692	2
4693	2
4694	2
4695	0
4696	1
4697	0
4698	4
4699	1
4700	0
4701	1
4702	1
4703	0
4704	3
4705	3
4706	1
4707	3
4708	1
4709	0
4710	1
4711	1
4712	2
4713	2
4714	2
4715	3
4716	3
4717	1
4718	3
4719	2
4720	1
4721	2
4722	4
4723	2
4724	2
4725	1
4726	1
4727	3
4728	2
4729	0
4730	4
4731	1
4732	0
4733	2
4734	1
4735	2
4736	0
4737	1
4738	1
4739	3
4740	1
4741	0
4742	0
4743	2
4744	1
4745	4
4746	2
4747	1
4748	2
4749	0
4750	0
4751	0
4752	0
4753	1
4754	1
4755	1
4756	3
4757	1
4758	0
4759	2
4760	3
4761	2
4762	0
4763	1
4764	2
4765	1
4766	1
4767	1
4768	1
4769	0
4770	0
4771	0
4772	1
4773	1
4774	3
4775	2
4776	0
4777	2
4778	1
4779	2
4780	0
4781	1
4782	1
4783	0
4784	0
4785	0
4786	1
4787	2
4788	0
4789	0
4790	1
4791	0
4792	2
4793	1
4794	3
4795	3
4796	0
4797	0
4798	0
4799	2
4800	1
4801	2
4802	0
4803	1
4804	1
4805	1
4806	2
4807	0
4808	1
4809	0
4810	1
4811	1
4812	0
4813	2
4814	3
4815	3
4816	0
4817	0
4818	0
4819	3
4820	0
4821	0
4822	0
4823	0
4824	2
4825	0
4826	2
4827	0
4828	1
4829	0
4830	1
4831	2
4832	1
4833	3
4834	2
4835	0
4836	1
4837	1
4838	3
4839	0
4840	1
4841	1
4842	0
4843	0
4844	0
4845	1
4846	2
4847	1
4848	1
4849	1
4850	2
4851	2
4852	1
4853	0
4854	0
4855	2
4856	1
4857	0
4858	0
4859	0
4860	1
4861	1
4862	0
4863	1
4864	1
4865	2
4866	0
4867	0
4868	0
4869	0
4870	0
4871	1
4872	0
4873	0
4874	1
4875	1
4876	2
4877	1
4878	2
4879	0
4880	1
4881	1
4882	0
4883	0
4884	1
4885	0
4886	1
4887	3
4888	0
4889	1
4890	3
4891	2
4892	0
4893	1
4894	3
4895	0
4896	1
4897	0
4898	0
4899	2
4900	0
4901	1
4902	1
4903	1
4904	2
4905	1
4906	0
4907	0
4908	0
4909	1
4910	0
4911	2
4912	0
4913	1
4914	1
4915	0
4916	1
4917	1
4918	0
4919	0
4920	2
4921	3
4922	1
4923	1
4924	3
4925	0
4926	2
4927	1
4928	2
4929	0
4930	1
4931	0
4932	0
4933	1
4934	1
4935	2
4936	1
4937	0
4938	0
4939	0
4940	1
4941	2
4942	1
4943	0
4944	1
4945	2
4946	0
4947	0
4948	1
4949	1
4950	1
4951	0
4952	0
4953	2
4954	1
4955	1
4956	1
4957	3
4958	0
4959	0
4960	0
4961	1
4962	0
4963	1
4964	2
4965	1
4966	0
4967	0
4968	1
4969	0
4970	0
4971	0
4972	1
4973	0
4974	1
4975	1
4976	1
4977	0
4978	0
4979	0
4980	0
4981	2
4982	0
4983	1
4984	0
4985	0
4986	0
4987	1
4988	0
4989	0
4990	1
4991	0
4992	0
4993	2
4994	1
4995	1
4996	1
4997	2
4998	1
4999	1
5000	2
5001	1
5002	1
5003	1
5004	0
5005	0
5006	0
5007	0
5008	0
5009	0
5010	1
5011	1
5012	0
5013	0
5014	0
5015	2
5016	1
5017	0
5018	0
5019	0
5020	0
5021	1
5022	0
5023	0
5024	0
5025	1
5026	1
5027	0
5028	0
5029	1
5030	0
5031	0
5032	1
5033	0
5034	0
5035	1
5036	1
5037	0
5038	1
5039	0
5040	1
5041	1
5042	0
5043	3
5044	2
5045	0
5046	0
5047	0
5048	0
5049	0
5050	1
5051	0
5052	1
5053	1
5054	0
5055	1
5056	0
5057	0
5058	2
5059	0
5060	0
5061	2
5062	1
5063	0
5064	0
5065	0
5066	0
5067	1
5068	0
5069	0
5070	0
5071	1
5072	0
5073	0
5074	1
5075	1
5076	0
5077	0
5078	1
5079	2
5080	1
5081	3
5082	0
5083	0
5084	1
5085	1
5086	1
5087	0
5088	2
5089	1
5090	0
5091	0
5092	0
5093	3
5094	2
5095	0
5096	0
5097	0
5098	1
5099	0
5100	1
5101	0
5102	1
5103	1
5104	1
5105	1
5106	1
5107	0
5108	0
5109	1
5110	2
5111	1
5112	0
5113	0
5114	1
5115	0
5116	0
5117	0
5118	0
5119	0
5120	0
5121	1
5122	0
5123	0
5124	0
5125	1
5126	0
5127	1
5128	0
5129	0
5130	0
5131	1
5132	0
5133	3
5134	0
5135	1
5136	0
5137	0
5138	1
5139	0
5140	0
5141	0
5142	1
5143	0
5144	1
5145	2
5146	0
5147	1
5148	0
5149	0
5150	2
5151	0
5152	1
5153	1
5154	0
5155	1
5156	0
5157	1
5158	0
5159	1
5160	0
5161	0
5162	1
5163	0
5164	0
5165	1
5166	0
5167	1
5168	1
5169	0
5170	1
5171	0
5172	2
5173	1
5174	1
5175	0
5176	0
5177	1
5178	0
5179	1
5180	0
5181	0
5182	0
5183	0
5184	0
5185	1
5186	1
5187	1
5188	0
5189	0
5190	0
5191	0
5192	0
5193	1
5194	0
5195	2
5196	0
5197	1
5198	1
5199	1
5200	2
5201	0
5202	0
5203	0
5204	2
5205	1
5206	1
5207	0
5208	0
5209	1
5210	0
5211	1
5212	0
5213	0
5214	1
5215	0
5216	0
5217	1
5218	0
5219	0
5220	0
5221	2
5222	2
5223	0
5224	0
5225	0
5226	1
5227	0
5228	0
5229	1
5230	0
5231	1
5232	4
5233	0
5234	0
5235	1
5236	0
5237	1
5238	0
5239	0
5240	0
5241	0
5242	2
5243	0
5244	1
5245	0
5246	1
5247	0
5248	0
5249	0
5250	2
5251	1
5252	0
5253	0
5254	1
5255	0
5256	1
5257	0
5258	0
5259	1
5260	0
5261	1
5262	0
5263	0
5264	0
5265	1
5266	0
5267	1
5268	0
5269	0
5270	1
5271	2
5272	0
5273	1
5274	0
5275	0
5276	0
5277	0
5278	0
5279	0
5280	1
5281	1
5282	1
5283	2
5284	0
5285	1
5286	0
5287	0
5288	1
5289	1
5290	0
5291	0
5292	0
5293	1
5294	3
5295	0
5296	1
5297	1
5298	1
5299	0
5300	2
5301	0
5302	0
5303	0
5304	0
5305	0
5306	1
5307	2
5308	1
5309	0
5310	0
5311	0
5312	0
5313	0
5314	0
5315	2
5316	0
5317	1
5318	0
5319	1
5320	1
5321	0
5322	1
5323	0
5324	2
5325	1
5326	0
5327	2
5328	0
5329	0
5330	0
5331	0
5332	0
5333	1
5334	0
5335	0
5336	1
5337	0
5338	1
5339	2
5340	1
5341	0
5342	0
5343	0
5344	0
5345	0
5346	0
5347	1
5348	1
5349	0
5350	1
5351	0
5352	0
5353	0
5354	0
5355	1
5356	0
5357	0
5358	0
5359	0
5360	1
5361	1
5362	2
5363	0
5364	0
5365	1
5366	0
5367	0
5368	0
5369	1
5370	0
5371	1
5372	1
5373	0
5374	1
5375	1
5376	0
5377	1
5378	1
5379	1
5380	0
5381	2
5382	0
5383	1
5384	2
5385	3
5386	0
5387	0
5388	0
5389	0
5390	1
5391	2
5392	0
5393	2
5394	0
5395	3
5396	2
5397	0
5398	0
5399	1
5400	0
5401	1
5402	0
5403	0
5404	2
5405	1
5406	1
5407	1
5408	4
5409	2
5410	2
5411	1
5412	0
5413	0
5414	2
5415	2
5416	1
5417	0
5418	2
5419	1
5420	1
5421	0
5422	2
5423	0
5424	1
5425	0
5426	1
5427	0
5428	0
5429	1
5430	0
5431	0
5432	0
5433	0
5434	1
5435	1
5436	1
5437	0
5438	1
5439	1
5440	0
5441	0
5442	1
5443	0
5444	0
5445	1
5446	0
5447	0
5448	0
5449	2
5450	0
5451	2
5452	1
5453	0
5454	1
5455	3
5456	2
5457	0
5458	0
5459	0
5460	0
5461	0
5462	0
5463	1
5464	2
5465	1
5466	2
5467	0
5468	0
5469	1
5470	1
5471	0
5472	1
5473	0
5474	0
5475	0
5476	2
5477	0
5478	0
5479	0
5480	0
5481	0
5482	2
5483	1
5484	0
5485	0
5486	0
5487	4
5488	1
5489	1
5490	1
5491	0
5492	0
5493	1
5494	1
5495	1
5496	0
5497	1
5498	1
5499	0
5500	1
5501	1
5502	0
5503	0
5504	3
5505	2
5506	1
5507	0
5508	5
5509	0
5510	0
5511	0
5512	0
5513	2
5514	0
5515	0
5516	2
5517	2
5518	1
5519	0
5520	1
5521	1
5522	1
5523	0
5524	3
5525	1
5526	0
5527	1
5528	0
5529	1
5530	2
5531	2
5532	1
5533	0
5534	0
5535	2
5536	0
5537	2
5538	3
5539	0
5540	0
5541	1
5542	1
5543	0
5544	0
5545	1
5546	0
5547	1
5548	1
5549	2
5550	0
5551	0
5552	2
5553	0
5554	1
5555	2
5556	0
5557	0
5558	3
5559	0
5560	1
5561	2
5562	0
5563	2
5564	0
5565	2
5566	0
5567	1
5568	0
5569	0
5570	1
5571	1
5572	1
5573	1
5574	0
5575	1
5576	2
5577	1
5578	0
5579	1
5580	1
5581	2
5582	1
5583	0
5584	0
5585	0
5586	1
5587	1
5588	2
5589	2
5590	1
5591	0
5592	1
5593	2
5594	1
5595	3
5596	2
5597	0
5598	2
5599	0
5600	2
5601	1
5602	0
5603	0
5604	0
5605	0
5606	3
5607	0
5608	1
5609	1
5610	0
5611	0
5612	1
5613	0
5614	0
5615	2
5616	0
5617	1
5618	1
5619	0
5620	1
5621	1
5622	0
5623	0
5624	0
5625	1
5626	0
5627	1
5628	0
5629	0
5630	1
5631	1
5632	2
5633	0
5634	1
5635	2
5636	1
5637	1
5638	2
5639	1
5640	2
5641	1
5642	2
5643	0
5644	0
5645	0
5646	0
5647	1
5648	3
5649	1
5650	0
5651	1
5652	2
5653	1
5654	0
5655	0
5656	1
5657	0
5658	1
5659	0
5660	0
5661	1
5662	2
5663	1
5664	0
5665	0
5666	1
5667	0
5668	0
5669	0
5670	3
5671	0
5672	0
5673	0
5674	1
5675	3
5676	1
5677	1
5678	1
5679	0
5680	1
5681	0
5682	1
5683	3
5684	1
5685	2
5686	0
5687	0
5688	0
5689	2
5690	0
5691	2
5692	0
5693	1
5694	0
5695	0
5696	0
5697	2
5698	0
5699	1
5700	1
5701	0
5702	0
5703	1
5704	1
5705	0
5706	0
5707	0
5708	0
5709	0
5710	0
5711	1
5712	0
5713	2
5714	0
5715	1
5716	1
5717	0
5718	1
5719	0
5720	0
5721	2
5722	1
5723	0
5724	0
5725	0
5726	0
5727	1
5728	1
5729	1
5730	0
5731	1
5732	0
5733	3
5734	2
5735	0
5736	0
5737	0
5738	0
5739	0
5740	1
5741	0
5742	1
5743	0
5744	0
5745	1
5746	2
5747	0
5748	1
5749	0
5750	1
5751	1
5752	1
5753	0
5754	0
5755	2
5756	0
5757	2
5758	0
5759	0
5760	2
5761	0
5762	0
5763	1
5764	0
5765	1
5766	2
5767	0
5768	0
5769	0
5770	1
5771	0
5772	0
5773	1
5774	0
5775	1
5776	0
5777	0
5778	0
5779	2
5780	0
5781	0
5782	0
5783	0
5784	0
5785	0
5786	1
5787	0
5788	0
5789	0
5790	0
5791	1
5792	0
5793	0
5794	0
5795	1
5796	0
5797	0
5798	0
5799	0
5800	0
5801	1
5802	0
5803	0
5804	2
5805	0
5806	0
5807	1
5808	0
5809	1
5810	2
5811	0
5812	0
5813	0
5814	0
5815	0
5816	1
5817	0
5818	1
5819	0
5820	0
5821	0
5822	0
5823	0
5824	0
5825	0
5826	0
5827	0
5828	0
5829	0
5830	0
5831	0
5832	0
5833	0
5834	0
5835	0
5836	0
5837	0
5838	1
5839	1
5840	0
5841	2
5842	0
5843	0
5844	0
5845	0
5846	1
5847	0
5848	2
5849	2
5850	0
5851	0
5852	0
5853	1
5854	1
5855	0
5856	1
5857	0
5858	0
5859	0
5860	0
5861	1
5862	0
5863	0
5864	0
5865	0
5866	0
5867	0
5868	0
5869	0
5870	0
5871	0
5872	1
5873	0
5874	0
5875	0
5876	0
5877	0
5878	0
5879	1
5880	0
5881	0
5882	1
5883	1
5884	0
5885	0
5886	0
5887	1
5888	0
5889	0
5890	1
5891	1
5892	0
5893	1
5894	0
5895	1
5896	2
5897	0
5898	0
5899	0
5900	1
5901	0
5902	0
5903	0
5904	0
5905	1
5906	1
5907	0
5908	0
5909	0
5910	1
5911	0
5912	1
5913	1
5914	0
5915	0
5916	0
5917	0
5918	1
5919	1
5920	0
5921	0
5922	0
5923	0
5924	0
5925	0
5926	1
5927	0
5928	0
5929	1
5930	0
5931	0
5932	0
5933	1
5934	0
5935	0
5936	1
5937	0
5938	1
5939	0
5940	0
5941	0
5942	0
5943	0
5944	0
5945	0
5946	1
5947	0
5948	0
5949	0
5950	0
5951	0
5952	0
5953	0
5954	0
5955	0
5956	0
5957	0
5958	2
5959	1
5960	2
5961	0
5962	0
5963	0
5964	0
5965	0
5966	0
5967	0
5968	0
5969	0
5970	1
5971	1
5972	0
5973	0
5974	0
5975	0
5976	0
5977	0
5978	1
5979	0
5980	0
5981	0
5982	0
5983	0
5984	0
5985	0
5986	0
5987	0
5988	0
5989	0
5990	0
5991	0
5992	0
5993	0
5994	0
5995	0
5996	1
5997	0
5998	0
5999	0
6000	0
6001	1
6002	0
6003	1
6004	0
6005	0
6006	0
6007	0
6008	1
6009	0
6010	0
6011	1
6012	0
6013	0
6014	0
6015	0
6016	0
6017	0
6018	0
6019	0
6020	2
6021	0
6022	1
6023	1
6024	0
6025	0
6026	0
6027	0
6028	0
6029	0
6030	0
6031	1
6032	0
6033	1
6034	0
6035	0
6036	0
6037	0
6038	0
6039	0
6040	0
6041	0
6042	0
6043	1
6044	0
6045	0
6046	0
6047	0
6048	0
6049	0
6050	0
6051	0
6052	1
6053	0
6054	0
6055	0
6056	0
6057	1
6058	1
6059	0
6060	0
6061	0
6062	0
6063	0
6064	1
6065	0
6066	0
6067	0
6068	0
6069	0
6070	0
6071	0
6072	0
6073	1
6074	1
6075	0
6076	1
6077	0
6078	0
6079	0
6080	0
6081	1
6082	0
6083	1
6084	0
6085	0
6086	0
6087	1
6088	2
6089	1
6090	0
6091	0
6092	0
6093	0
6094	0
6095	0
6096	0
6097	0
6098	1
6099	0
6100	0
6101	0
6102	0
6103	0
6104	0
6105	0
6106	0
6107	0
6108	0
6109	0
6110	0
6111	0
6112	0
6113	0
6114	0
6115	1
6116	1
6117	0
6118	0
6119	0
6120	0
6121	0
6122	0
6123	0
6124	0
6125	0
6126	0
6127	1
6128	0
6129	0
6130	0
6131	1
6132	0
6133	0
6134	0
6135	0
6136	0
6137	1
6138	1
6139	0
6140	0
6141	0
6142	0
6143	0
6144	1
6145	0
6146	0
6147	0
6148	0
6149	0
6150	1
6151	0
6152	0
6153	2
6154	0
6155	0
6156	0
6157	0
6158	0
6159	0
6160	0
6161	0
6162	0
6163	1
6164	0
6165	1
6166	0
6167	0
6168	1
6169	0
6170	0
6171	0
6172	0
6173	0
6174	0
6175	0
6176	0
6177	0
6178	0
6179	0
6180	0
6181	0
6182	1
6183	3
6184	0
6185	0
6186	0
6187	0
6188	0
6189	0
6190	2
6191	0
6192	0
6193	0
6194	0
6195	0
6196	0
6197	0
6198	1
6199	0
6200	0
6201	0
6202	0
6203	0
6204	2
6205	0
6206	1
6207	1
6208	1
6209	0
6210	0
6211	1
6212	0
6213	0
6214	0
6215	0
6216	1
6217	0
6218	0
6219	0
6220	1
6221	0
6222	0
6223	1
6224	0
6225	0
6226	1
6227	1
6228	0
6229	0
6230	0
6231	0
6232	1
6233	0
6234	0
6235	0
6236	0
6237	0
6238	0
6239	0
6240	0
6241	0
6242	0
6243	1
6244	1
6245	0
6246	0
6247	0
6248	0
6249	0
6250	0
6251	1
6252	0
6253	0
6254	1
6255	0
6256	0
6257	1
6258	0
6259	0
6260	2
6261	0
6262	0
6263	0
6264	0
6265	0
6266	0
6267	0
6268	0
6269	0
6270	0
6271	0
6272	0
6273	0
6274	0
6275	0
6276	0
6277	1
6278	0
6279	1
6280	1
6281	1
6282	0
6283	0
6284	0
6285	0
6286	0
6287	0
6288	0
6289	0
6290	0
6291	1
6292	0
6293	0
6294	0
6295	0
6296	0
6297	0
6298	0
6299	0
6300	0
6301	0
6302	0
6303	1
6304	0
6305	0
6306	0
6307	1
6308	1
6309	0
6310	0
6311	0
6312	0
6313	1
6314	0
6315	1
6316	0
6317	0
6318	1
6319	1
6320	0
6321	0
6322	0
6323	1
6324	0
6325	0
6326	0
6327	1
6328	0
6329	0
6330	0
6331	0
6332	0
6333	1
6334	1
6335	1
6336	0
6337	0
6338	1
6339	0
6340	1
6341	0
6342	0
6343	0
6344	0
6345	0
6346	0
6347	2
6348	0
6349	0
6350	0
6351	0
6352	0
6353	0
6354	0
6355	1
6356	1
6357	0
6358	0
6359	0
6360	1
6361	0
6362	0
6363	0
6364	0
6365	0
6366	0
6367	0
6368	0
6369	0
6370	0
6371	0
6372	0
6373	0
6374	0
6375	0
6376	0
6377	0
6378	1
6379	0
6380	0
6381	0
6382	0
6383	0
6384	0
6385	0
6386	0
6387	0
6388	0
6389	0
6390	0
6391	0
6392	0
6393	0
6394	0
6395	0
6396	0
6397	0
6398	0
6399	0
6400	0
6401	1
6402	0
6403	0
6404	0
6405	0
6406	0
6407	0
6408	0
6409	0
6410	0
6411	0
6412	0
6413	0
6414	0
6415	0
6416	0
6417	0
6418	1
6419	3
6420	0
6421	0
6422	0
6423	0
6424	3
6425	0
6426	0
6427	0
6428	0
6429	0
6430	0
6431	0
6432	0
6433	0
6434	0
6435	0
6436	1
6437	1
6438	0
6439	1
6440	2
6441	0
6442	1
6443	0
6444	0
6445	0
6446	1
6447	1
6448	1
6449	0
6450	0
6451	0
6452	0
6453	1
6454	0
6455	0
6456	1
6457	0
6458	0
6459	0
6460	0
6461	0
6462	0
6463	0
6464	0
6465	0
6466	0
6467	0
6468	0
6469	0
6470	1
6471	1
6472	0
6473	0
6474	1
6475	1
6476	0
6477	0
6478	0
6479	1
6480	0
6481	0
6482	0
6483	0
6484	1
6485	0
6486	0
6487	0
6488	0
6489	0
6490	0
6491	0
6492	0
6493	0
6494	0
6495	0
6496	0
6497	0
6498	0
6499	0
6500	0
6501	1
6502	0
6503	0
6504	2
6505	0
6506	0
6507	0
6508	2
6509	1
6510	0
6511	0
6512	1
6513	0
6514	0
6515	0
6516	0
6517	0
6518	0
6519	0
6520	0
6521	0
6522	2
6523	0
6524	0
6525	0
6526	1
6527	0
6528	2
6529	1
6530	0
6531	0
6532	1
6533	1
6534	0
6535	1
6536	0
6537	0
6538	0
6539	1
6540	0
6541	0
6542	0
6543	0
6544	1
6545	0
6546	0
6547	1
6548	0
6549	0
6550	0
6551	0
6552	0
6553	0
6554	0
6555	0
6556	0
6557	0
6558	2
6559	1
6560	0
6561	0
6562	1
6563	1
6564	0
6565	0
6566	0
6567	1
6568	0
6569	0
6570	0
6571	0
6572	0
6573	0
6574	1
6575	0
6576	0
6577	0
6578	1
6579	0
6580	0
6581	1
6582	0
6583	0
6584	0
6585	1
6586	1
6587	0
6588	0
6589	0
6590	0
6591	0
6592	0
6593	0
6594	0
6595	1
6596	0
6597	0
6598	0
6599	0
6600	1
6601	0
6602	0
6603	1
6604	0
6605	1
6606	0
6607	0
6608	0
6609	1
6610	1
6611	0
6612	0
6613	0
6614	1
6615	1
6616	0
6617	0
6618	1
6619	0
6620	1
6621	0
6622	0
6623	1
6624	0
6625	2
6626	1
6627	0
6628	0
6629	0
6630	1
6631	1
6632	1
6633	0
6634	0
6635	0
6636	0
6637	0
6638	0
6639	0
6640	0
6641	0
6642	0
6643	0
6644	0
6645	2
6646	0
6647	0
6648	0
6649	0
6650	2
6651	0
6652	0
6653	0
6654	1
6655	0
6656	1
6657	0
6658	1
6659	1
6660	0
6661	0
6662	0
6663	0
6664	2
6665	0
6666	0
6667	0
6668	0
6669	0
6670	0
6671	1
6672	0
6673	0
6674	1
6675	0
6676	0
6677	0
6678	1
6679	1
6680	0
6681	0
6682	0
6683	0
6684	1
6685	0
6686	0
6687	0
6688	0
6689	0
6690	0
6691	0
6692	0
6693	1
6694	0
6695	1
6696	0
6697	0
6698	0
6699	0
6700	0
6701	0
6702	0
6703	0
6704	0
6705	0
6706	0
6707	1
6708	0
6709	1
6710	1
6711	0
6712	0
6713	0
6714	0
6715	1
6716	1
6717	0
6718	1
6719	0
6720	0
6721	0
6722	1
6723	0
6724	0
6725	0
6726	2
6727	1
6728	1
6729	0
6730	0
6731	0
6732	0
6733	2
6734	0
6735	0
6736	0
6737	1
6738	0
6739	0
6740	1
6741	0
6742	0
6743	3
6744	0
6745	0
6746	0
6747	1
6748	1
6749	0
6750	0
6751	0
6752	0
6753	0
6754	0
6755	0
6756	1
6757	0
6758	0
6759	0
6760	0
6761	0
6762	0
6763	1
6764	0
6765	0
6766	0
6767	0
6768	0
6769	0
6770	0
6771	0
6772	0
6773	1
6774	0
6775	0
6776	0
6777	0
6778	0
6779	0
6780	1
6781	0
6782	0
6783	1
6784	0
6785	0
6786	0
6787	1
6788	0
6789	0
6790	0
6791	1
6792	0
6793	0
6794	0
6795	1
6796	1
6797	0
6798	0
6799	1
6800	0
6801	0
6802	0
6803	0
6804	1
6805	0
6806	0
6807	0
6808	0
6809	1
6810	2
6811	0
6812	0
6813	0
6814	0
6815	0
6816	1
6817	0
6818	0
6819	1
6820	0
6821	0
6822	0
6823	0
6824	0
6825	1
6826	0
6827	0
6828	0
6829	2
6830	0
6831	0
6832	0
6833	1
6834	1
6835	0
6836	0
6837	1
6838	0
6839	1
6840	0
6841	0
6842	1
6843	0
6844	0
6845	0
6846	0
6847	0
6848	0
6849	1
6850	0
6851	0
6852	0
6853	0
6854	0
6855	0
6856	0
6857	0
6858	0
6859	0
6860	0
6861	0
6862	0
6863	0
6864	0
6865	1
6866	0
6867	0
6868	2
6869	0
6870	0
6871	0
6872	0
6873	1
6874	0
6875	0
6876	2
6877	0
6878	1
6879	0
6880	0
6881	0
6882	0
6883	2
6884	0
6885	0
6886	0
6887	0
6888	0
6889	0
6890	1
6891	0
6892	0
6893	0
6894	0
6895	2
6896	0
6897	1
6898	0
6899	0
6900	0
6901	0
6902	1
6903	0
6904	0
6905	0
6906	0
6907	0
6908	0
6909	0
6910	0
6911	0
6912	1
6913	0
6914	0
6915	0
6916	0
6917	0
6918	0
6919	0
6920	1
6921	0
6922	0
6923	0
6924	0
6925	0
6926	0
6927	0
6928	1
6929	0
6930	0
6931	0
6932	0
6933	0
6934	0
6935	1
6936	0
6937	1
6938	0
6939	0
6940	0
6941	0
6942	1
6943	0
6944	0
6945	1
6946	0
6947	0
6948	0
6949	0
6950	0
6951	0
6952	1
6953	0
6954	0
6955	1
6956	0
6957	1
6958	0
6959	0
6960	0
6961	0
6962	0
6963	0
6964	0
6965	0
6966	0
6967	1
6968	0
6969	2
6970	1
6971	0
6972	1
6973	0
6974	0
6975	0
6976	1
6977	0
6978	0
6979	0
6980	0
6981	1
6982	0
6983	0
6984	1
6985	0
6986	0
6987	1
6988	1
6989	0
6990	1
6991	0
6992	0
6993	0
6994	0
6995	0
6996	0
6997	0
6998	1
6999	0
7000	2
7001	1
7002	0
7003	0
7004	0
7005	1
7006	0
7007	0
7008	1
7009	0
7010	0
7011	0
7012	0
7013	0
7014	0
7015	0
7016	0
7017	0
7018	0
7019	1
7020	0
7021	0
7022	0
7023	2
7024	0
7025	0
7026	0
7027	1
7028	0
7029	0
7030	0
7031	0
7032	1
7033	0
7034	0
7035	0
7036	1
7037	1
7038	1
7039	0
7040	0
7041	0
7042	0
7043	2
7044	0
7045	0
7046	0
7047	1
7048	0
7049	0
7050	0
7051	0
7052	0
7053	0
7054	0
7055	1
7056	0
7057	0
7058	0
7059	0
7060	2
7061	0
7062	0
7063	0
7064	0
7065	0
7066	0
7067	0
7068	0
7069	0
7070	3
7071	0
7072	0
7073	0
7074	0
7075	0
7076	0
7077	0
7078	0
7079	0
7080	0
7081	0
7082	1
7083	0
7084	2
7085	0
7086	1
7087	1
7088	1
7089	0
7090	0
7091	0
7092	0
7093	0
7094	0
7095	0
7096	0
7097	0
7098	0
7099	1
7100	0
7101	0
7102	0
7103	0
7104	0
7105	0
7106	0
7107	0
7108	0
7109	0
7110	0
7111	0
7112	0
7113	0
7114	0
7115	0
7116	0
7117	0
7118	0
7119	0
7120	0
7121	0
7122	0
7123	0
7124	0
7125	0
7126	0
7127	0
7128	1
7129	0
7130	1
7131	0
7132	0
7133	0
7134	1
7135	1
7136	1
7137	0
7138	0
7139	0
7140	0
7141	0
7142	0
7143	1
7144	2
7145	0
7146	0
7147	0
7148	1
7149	0
7150	1
7151	0
7152	0
7153	0
7154	1
7155	0
7156	0
7157	1
7158	0
7159	0
7160	0
7161	0
7162	2
7163	0
7164	1
7165	0
7166	0
7167	0
7168	1
7169	0
7170	0
7171	0
7172	1
7173	0
7174	0
7175	0
7176	2
7177	0
7178	0
7179	0
7180	0
7181	1
7182	0
7183	0
7184	1
7185	0
7186	0
7187	1
7188	0
7189	0
7190	0
7191	0
7192	0
7193	0
7194	0
7195	0
7196	0
7197	0
7198	0
7199	0
7200	0
7201	0
7202	1
7203	0
7204	1
7205	0
7206	0
7207	1
7208	0
7209	0
7210	0
7211	1
7212	0
7213	1
7214	1
7215	0
7216	1
7217	0
7218	0
7219	0
7220	0
7221	1
7222	0
7223	0
7224	0
7225	0
7226	0
7227	0
7228	0
7229	1
7230	0
7231	0
7232	0
7233	2
7234	0
7235	0
7236	0
7237	0
7238	0
7239	0
7240	0
7241	0
7242	0
7243	0
7244	0
7245	0
7246	0
7247	0
7248	1
7249	0
7250	1
7251	1
7252	0
7253	0
7254	0
7255	0
7256	0
7257	0
7258	0
7259	1
7260	0
7261	0
7262	0
7263	0
7264	0
7265	0
7266	0
7267	0
7268	0
7269	0
7270	0
7271	1
7272	0
7273	0
7274	0
7275	0
7276	0
7277	0
7278	1
7279	1
7280	0
7281	0
7282	0
7283	1
7284	0
7285	0
7286	0
7287	0
7288	0
7289	0
7290	0
7291	0
7292	0
7293	0
7294	0
7295	0
7296	0
7297	0
7298	0
7299	1
7300	0
7301	0
7302	0
7303	0
7304	0
7305	0
7306	0
7307	0
7308	0
7309	0
7310	0
7311	0
7312	1
7313	0
7314	0
7315	0
7316	0
7317	0
7318	0
7319	0
7320	0
7321	0
7322	0
7323	0
7324	0
7325	0
7326	1
7327	0
7328	0
7329	1
7330	0
7331	0
7332	0
7333	1
7334	0
7335	0
7336	1
7337	2
7338	0
7339	0
7340	0
7341	0
7342	0
7343	0
7344	0
7345	0
7346	0
7347	0
7348	1
7349	0
7350	0
7351	0
7352	0
7353	1
7354	0
7355	0
7356	0
7357	0
7358	0
7359	0
7360	0
7361	0
7362	1
7363	0
7364	1
7365	1
7366	0
7367	0
7368	0
7369	0
7370	0
7371	0
7372	1
7373	0
7374	0
7375	0
7376	0
7377	0
7378	0
7379	0
7380	0
7381	0
7382	1
7383	0
7384	0
7385	0
7386	1
7387	0
7388	0
7389	1
7390	0
7391	1
7392	0
7393	0
7394	1
7395	0
7396	0
7397	0
7398	0
7399	0
7400	0
7401	1
7402	0
7403	0
7404	0
7405	0
7406	0
7407	0
7408	0
7409	0
7410	0
7411	0
7412	0
7413	0
7414	1
7415	0
7416	0
7417	0
7418	1
7419	0
7420	1
7421	0
7422	1
7423	0
7424	0
7425	0
7426	0
7427	0
7428	0
7429	0
7430	0
7431	0
7432	1
7433	0
7434	0
7435	0
7436	0
7437	0
7438	0
7439	0
7440	1
7441	0
7442	0
7443	0
7444	0
7445	0
7446	0
7447	0
7448	1
7449	0
7450	0
7451	0
7452	0
7453	1
7454	0
7455	0
7456	0
7457	0
7458	0
7459	0
7460	0
7461	0
7462	1
7463	0
7464	0
7465	0
7466	0
7467	0
7468	0
7469	0
7470	1
7471	0
7472	0
7473	0
7474	1
7475	1
7476	0
7477	0
7478	1
7479	0
7480	0
7481	0
7482	0
7483	0
7484	0
7485	1
7486	1
7487	2
7488	0
7489	0
7490	0
7491	1
7492	0
7493	0
7494	0
7495	0
7496	0
7497	0
7498	0
7499	0
7500	0
7501	0
7502	0
7503	0
7504	0
7505	0
7506	0
7507	0
7508	0
7509	0
7510	0
7511	0
7512	0
7513	0
7514	0
7515	0
7516	0
7517	0
7518	1
7519	0
7520	0
7521	0
7522	2
7523	0
7524	0
7525	1
7526	0
7527	0
7528	0
7529	0
7530	1
7531	0
7532	0
7533	0
7534	0
7535	0
7536	0
7537	0
7538	1
7539	0
7540	1
7541	0
7542	0
7543	0
7544	1
7545	0
7546	0
7547	0
7548	0
7549	1
7550	1
7551	0
7552	1
7553	0
7554	0
7555	0
7556	0
7557	0
7558	0
7559	1
7560	0
7561	0
7562	0
7563	0
7564	0
7565	0
7566	0
7567	0
7568	0
7569	0
7570	0
7571	0
7572	1
7573	1
7574	1
7575	0
7576	0
7577	0
7578	0
7579	1
7580	0
7581	0
7582	0
7583	1
7584	0
7585	0
7586	0
7587	0
7588	0
7589	0
7590	0
7591	1
7592	0
7593	0
7594	0
7595	0
7596	0
7597	0
7598	0
7599	0
7600	0
7601	1
7602	0
7603	0
7604	0
7605	0
7606	0
7607	1
7608	0
7609	0
7610	0
7611	0
7612	0
7613	0
7614	0
7615	0
7616	0
7617	0
7618	0
7619	0
7620	0
7621	0
7622	1
7623	1
7624	1
7625	1
7626	0
7627	0
7628	0
7629	1
7630	0
7631	0
7632	0
7633	0
7634	0
7635	0
7636	0
7637	0
7638	0
7639	0
7640	0
7641	1
7642	0
7643	0
7644	0
7645	0
7646	0
7647	1
7648	1
7649	0
7650	0
7651	0
7652	0
7653	0
7654	1
7655	0
7656	0
7657	0
7658	0
7659	0
7660	0
7661	0
7662	0
7663	0
7664	2
7665	0
7666	0
7667	0
7668	0
7669	0
7670	0
7671	0
7672	0
7673	0
7674	0
7675	0
7676	1
7677	0
7678	1
7679	0
7680	0
7681	0
7682	0
7683	0
7684	1
7685	0
7686	0
7687	0
7688	1
7689	0
7690	0
7691	1
7692	0
7693	1
7694	0
7695	0
7696	0
7697	0
7698	0
7699	0
7700	1
7701	0
7702	0
7703	0
7704	0
7705	0
7706	0
7707	0
7708	0
7709	0
7710	0
7711	0
7712	0
7713	0
7714	0
7715	0
7716	0
7717	0
7718	0
7719	0
7720	0
7721	0
7722	0
7723	0
7724	0
7725	0
7726	0
7727	0
7728	0
7729	0
7730	0
7731	0
7732	1
7733	0
7734	0
7735	1
7736	1
7737	0
7738	1
7739	0
7740	0
7741	0
7742	0
7743	1
7744	0
7745	0
7746	0
7747	0
7748	0
7749	0
7750	0
7751	0
7752	1
7753	0
7754	0
7755	0
7756	1
7757	0
7758	0
7759	0
7760	0
7761	1
7762	0
7763	0
7764	0
7765	0
7766	0
7767	0
7768	0
7769	0
7770	0
7771	0
7772	0
7773	0
7774	0
7775	0
7776	0
7777	0
7778	0
7779	0
7780	0
7781	0
7782	0
7783	1
7784	0
7785	1
7786	0
7787	0
7788	0
7789	0
7790	0
7791	0
7792	0
7793	0
7794	0
7795	0
7796	0
7797	0
7798	1
7799	0
7800	0
7801	1
7802	0
7803	1
7804	0
7805	0
7806	0
7807	0
7808	0
7809	2
7810	0
7811	1
7812	0
7813	0
7814	0
7815	0
7816	0
7817	0
7818	0
7819	1
7820	1
7821	0
7822	1
7823	0
7824	1
7825	0
7826	0
7827	0
7828	0
7829	0
7830	0
7831	0
7832	0
7833	0
7834	0
7835	1
7836	0
7837	0
7838	0
7839	0
7840	1
7841	0
7842	0
7843	1
7844	0
7845	1
7846	0
7847	0
7848	0
7849	1
7850	0
7851	0
7852	0
7853	0
7854	0
7855	0
7856	0
7857	0
7858	0
7859	0
7860	0
7861	0
7862	0
7863	0
7864	0
7865	0
7866	0
7867	1
7868	0
7869	1
7870	0
7871	0
7872	0
7873	0
7874	0
7875	1
7876	0
7877	0
7878	0
7879	0
7880	0
7881	0
7882	0
7883	0
7884	0
7885	1
7886	0
7887	0
7888	0
7889	0
7890	0
7891	0
7892	0
7893	0
7894	0
7895	1
7896	0
7897	0
7898	0
7899	0
7900	0
7901	0
7902	0
7903	0
7904	0
7905	1
7906	0
7907	0
7908	0
7909	0
7910	2
7911	0
7912	0
7913	0
7914	0
7915	2
7916	0
7917	0
7918	2
7919	1
7920	0
7921	0
7922	0
7923	1
7924	0
7925	0
7926	0
7927	0
7928	0
7929	0
7930	1
7931	0
7932	0
7933	1
7934	0
7935	1
7936	0
7937	0
7938	0
7939	0
7940	0
7941	0
7942	0
7943	1
7944	0
7945	0
7946	0
7947	1
7948	1
7949	0
7950	2
7951	0
7952	0
7953	0
7954	0
7955	1
7956	2
7957	0
7958	1
7959	0
7960	1
7961	0
7962	2
7963	0
7964	0
7965	0
7966	0
7967	0
7968	1
7969	0
7970	1
7971	0
7972	1
7973	1
7974	0
7975	0
7976	0
7977	0
7978	0
7979	1
7980	0
7981	1
7982	0
7983	1
7984	0
7985	0
7986	1
7987	0
7988	1
7989	1
7990	1
7991	0
7992	1
7993	1
7994	0
7995	0
7996	1
7997	0
7998	0
7999	0
8000	0
8001	0
8002	2
8003	0
8004	0
8005	0
8006	1
8007	1
8008	0
8009	0
8010	0
8011	1
8012	1
8013	0
8014	0
8015	0
8016	0
8017	0
8018	0
8019	0
8020	0
8021	0
8022	0
8023	0
8024	0
8025	0
8026	0
8027	0
8028	0
8029	0
8030	0
8031	0
8032	0
8033	0
8034	0
8035	0
8036	0
8037	0
8038	0
8039	0
8040	0
8041	0
8042	0
8043	0
8044	0
8045	0
8046	0
8047	0
8048	0
8049	0
8050	0
8051	0
8052	0
8053	0
8054	0
8055	0
8056	0
8057	0
8058	0
8059	0
8060	0
8061	0
8062	0
8063	0
8064	0
8065	0
8066	0
8067	0
8068	0
8069	0
8070	0
8071	0
8072	0
8073	0
8074	0
8075	0
8076	0
8077	0
8078	0
8079	0
8080	0
8081	0
8082	0
8083	0
8084	0
8085	0
8086	0
8087	0
8088	0
8089	0
8090	0
8091	0
8092	0
8093	0
8094	0
8095	0
8096	0
8097	0
8098	0
8099	0
8100	0
8101	0
8102	0
8103	0
8104	0
8105	0
8106	0
8107	0
8108	0
8109	0
8110	0
8111	0
8112	0
8113	0
8114	0
8115	0
8116	0
8117	0
8118	0
8119	0
8120	0
8121	0
8122	0
8123	0
8124	0
8125	0
8126	0
8127	0
8128	0
8129	0
8130	0
8131	0
8132	0
8133	0
8134	0
8135	0
8136	0
8137	0
8138	0
8139	0
8140	0
8141	0
8142	0
8143	0
8144	0
8145	0
8146	0
8147	0
8148	0
8149	0
8150	0
8151	0
8152	0
8153	0
8154	0
8155	0
8156	0
8157	0
8158	0
8159	0
8160	0
8161	0
8162	0
8163	0
8164	0
8165	0
8166	0
8167	0
8168	0
8169	0
8170	0
8171	0
8172	0
8173	0
8174	0
8175	0
8176	0
8177	0
8178	0
8179	0
8180	0
8181	0
8182	0
8183	0
8184	0
8185	0
8186	0
8187	0
8188	0
8189	0
8190	0
8191	0
