0	0
1	0
2	0
3	0
4	0
5	0
6	0
7	0
8	0
9	0
10	0
11	0
12	0
13	0
14	0
15	0
16	0
17	0
18	0
19	0
20	0
21	0
22	0
23	0
24	0
25	0
26	0
27	0
28	0
29	0
30	0
31	0
32	1
33	0
34	0
35	1
36	0
37	0
38	0
39	0
40	0
41	0
42	0
43	7
44	44
45	94
46	126
47	159
48	137
49	145
50	136
51	123
52	116
53	85
54	96
55	92
56	83
57	92
58	85
59	109
60	80
61	99
62	94
63	95
64	96
65	96
66	103
67	97
68	69
69	90
70	87
71	95
72	89
73	91
74	95
75	102
76	96
77	105
78	89
79	113
80	81
81	97
82	66
83	67
84	76
85	83
86	71
87	74
88	74
89	82
90	87
91	82
92	74
93	86
94	82
95	90
96	76
97	76
98	77
99	73
100	87
101	79
102	61
103	63
104	79
105	77
106	87
107	93
108	76
109	90
110	78
111	86
112	83
113	66
114	61
115	88
116	70
117	81
118	79
119	81
120	77
121	67
122	90
123	76
124	95
125	75
126	104
127	88
128	97
129	90
130	99
131	76
132	91
133	106
134	96
135	88
136	84
137	96
138	102
139	87
140	96
141	113
142	85
143	115
144	95
145	80
146	105
147	86
148	99
149	115
150	105
151	100
152	113
153	117
154	95
155	132
156	115
157	105
158	109
159	122
160	111
161	110
162	105
163	97
164	124
165	106
166	114
167	128
168	129
169	112
170	121
171	93
172	128
173	124
174	113
175	137
176	120
177	139
178	149
179	137
180	138
181	123
182	158
183	140
184	123
185	150
186	141
187	126
188	137
189	159
190	140
191	154
192	128
193	122
194	148
195	145
196	168
197	138
198	143
199	143
200	146
201	162
202	155
203	138
204	169
205	171
206	161
207	134
208	169
209	166
210	159
211	153
212	156
213	181
214	179
215	176
216	148
217	150
218	184
219	157
220	158
221	178
222	188
223	174
224	155
225	161
226	163
227	178
228	184
229	200
230	189
231	163
232	203
233	182
234	158
235	192
236	210
237	211
238	178
239	236
240	176
241	203
242	207
243	212
244	244
245	210
246	209
247	204
248	205
249	220
250	223
251	201
252	219
253	235
254	245
255	214
256	219
257	228
258	210
259	234
260	221
261	247
262	207
263	225
264	221
265	217
266	213
267	211
268	226
269	239
270	233
271	193
272	200
273	186
274	202
275	195
276	204
277	203
278	196
279	191
280	229
281	220
282	219
283	223
284	216
285	215
286	226
287	188
288	201
289	207
290	205
291	195
292	206
293	190
294	209
295	232
296	199
297	206
298	221
299	226
300	222
301	218
302	211
303	204
304	178
305	222
306	206
307	212
308	194
309	201
310	206
311	217
312	203
313	204
314	200
315	200
316	181
317	201
318	212
319	201
320	186
321	190
322	210
323	197
324	198
325	207
326	217
327	188
328	202
329	201
330	217
331	190
332	217
333	176
334	190
335	203
336	190
337	176
338	232
339	192
340	206
341	185
342	194
343	180
344	176
345	187
346	189
347	210
348	224
349	219
350	194
351	218
352	222
353	201
354	214
355	188
356	183
357	196
358	211
359	213
360	197
361	182
362	172
363	174
364	175
365	193
366	192
367	194
368	188
369	191
370	177
371	190
372	201
373	186
374	201
375	182
376	189
377	181
378	196
379	188
380	218
381	171
382	175
383	178
384	170
385	178
386	190
387	194
388	191
389	193
390	160
391	186
392	202
393	189
394	196
395	208
396	195
397	191
398	183
399	180
400	186
401	177
402	163
403	175
404	214
405	200
406	189
407	190
408	173
409	195
410	196
411	189
412	185
413	164
414	184
415	191
416	208
417	182
418	169
419	197
420	177
421	205
422	178
423	157
424	174
425	173
426	177
427	166
428	183
429	170
430	188
431	177
432	171
433	148
434	168
435	171
436	204
437	159
438	163
439	181
440	172
441	158
442	175
443	145
444	168
445	164
446	185
447	171
448	181
449	198
450	157
451	172
452	162
453	168
454	185
455	166
456	180
457	146
458	173
459	160
460	181
461	172
462	170
463	173
464	154
465	162
466	178
467	166
468	165
469	178
470	173
471	162
472	151
473	174
474	188
475	161
476	194
477	143
478	170
479	175
480	135
481	150
482	146
483	167
484	145
485	154
486	166
487	179
488	174
489	136
490	173
491	180
492	157
493	137
494	175
495	160
496	171
497	161
498	147
499	162
500	151
501	157
502	166
503	157
504	155
505	149
506	145
507	148
508	177
509	143
510	154
511	175
512	166
513	163
514	151
515	168
516	164
517	178
518	176
519	168
520	172
521	155
522	149
523	159
524	159
525	140
526	159
527	139
528	144
529	151
530	153
531	154
532	152
533	144
534	151
535	167
536	133
537	173
538	161
539	162
540	165
541	162
542	154
543	148
544	133
545	151
546	137
547	154
548	143
549	166
550	148
551	164
552	136
553	157
554	150
555	159
556	154
557	152
558	160
559	157
560	141
561	154
562	152
563	167
564	141
565	145
566	168
567	161
568	178
569	164
570	164
571	151
572	164
573	160
574	162
575	134
576	159
577	139
578	158
579	185
580	159
581	170
582	154
583	166
584	161
585	167
586	165
587	139
588	147
589	172
590	176
591	168
592	148
593	157
594	160
595	144
596	162
597	154
598	137
599	132
600	152
601	159
602	149
603	167
604	144
605	151
606	164
607	144
608	153
609	146
610	154
611	174
612	158
613	137
614	145
615	139
616	150
617	151
618	154
619	146
620	149
621	130
622	137
623	159
624	135
625	142
626	145
627	150
628	148
629	135
630	148
631	138
632	151
633	141
634	138
635	150
636	148
637	144
638	124
639	121
640	143
641	138
642	152
643	124
644	144
645	153
646	132
647	132
648	143
649	142
650	114
651	140
652	141
653	126
654	137
655	125
656	135
657	165
658	149
659	140
660	117
661	137
662	117
663	138
664	156
665	141
666	108
667	134
668	128
669	111
670	128
671	153
672	124
673	129
674	137
675	131
676	101
677	128
678	147
679	148
680	124
681	124
682	127
683	142
684	128
685	137
686	131
687	120
688	122
689	104
690	114
691	122
692	112
693	120
694	134
695	116
696	142
697	124
698	121
699	115
700	116
701	140
702	110
703	104
704	134
705	108
706	119
707	130
708	129
709	118
710	127
711	123
712	129
713	116
714	120
715	113
716	119
717	122
718	132
719	131
720	128
721	115
722	105
723	120
724	122
725	109
726	120
727	112
728	96
729	107
730	140
731	111
732	128
733	109
734	124
735	116
736	102
737	131
738	119
739	112
740	105
741	112
742	131
743	120
744	110
745	108
746	100
747	111
748	117
749	117
750	113
751	119
752	107
753	137
754	122
755	134
756	125
757	112
758	115
759	118
760	114
761	107
762	110
763	103
764	114
765	105
766	98
767	103
768	113
769	108
770	113
771	113
772	118
773	109
774	103
775	113
776	94
777	119
778	110
779	116
780	114
781	109
782	136
783	114
784	102
785	110
786	109
787	102
788	98
789	124
790	112
791	88
792	107
793	101
794	124
795	98
796	109
797	93
798	86
799	112
800	102
801	88
802	90
803	84
804	119
805	109
806	112
807	110
808	100
809	109
810	110
811	89
812	101
813	98
814	102
815	93
816	94
817	100
818	78
819	114
820	91
821	111
822	90
823	110
824	105
825	97
826	98
827	95
828	122
829	95
830	92
831	122
832	101
833	81
834	102
835	86
836	110
837	92
838	99
839	88
840	79
841	97
842	96
843	83
844	84
845	113
846	104
847	105
848	92
849	108
850	96
851	84
852	95
853	91
854	101
855	106
856	105
857	101
858	114
859	98
860	82
861	81
862	104
863	95
864	92
865	97
866	100
867	87
868	95
869	78
870	101
871	104
872	96
873	103
874	97
875	106
876	89
877	93
878	108
879	63
880	107
881	102
882	101
883	98
884	97
885	109
886	100
887	93
888	86
889	78
890	68
891	112
892	75
893	88
894	91
895	95
896	104
897	85
898	88
899	90
900	103
901	84
902	75
903	83
904	96
905	81
906	101
907	77
908	94
909	79
910	98
911	91
912	87
913	95
914	79
915	77
916	101
917	104
918	77
919	93
920	77
921	89
922	101
923	106
924	96
925	64
926	84
927	96
928	102
929	93
930	71
931	91
932	99
933	88
934	91
935	90
936	96
937	82
938	84
939	83
940	103
941	90
942	81
943	94
944	102
945	85
946	85
947	89
948	92
949	87
950	85
951	83
952	83
953	88
954	91
955	89
956	103
957	75
958	95
959	79
960	88
961	88
962	88
963	80
964	81
965	90
966	84
967	97
968	78
969	88
970	80
971	91
972	85
973	84
974	81
975	91
976	97
977	90
978	90
979	95
980	101
981	75
982	92
983	76
984	86
985	83
986	94
987	93
988	88
989	82
990	90
991	96
992	79
993	98
994	86
995	81
996	93
997	94
998	85
999	76
1000	88
1001	75
1002	85
1003	103
1004	109
1005	76
1006	75
1007	93
1008	84
1009	82
1010	76
1011	81
1012	90
1013	83
1014	86
1015	86
1016	80
1017	90
1018	89
1019	74
1020	91
1021	101
1022	80
1023	70
1024	89
1025	94
1026	73
1027	78
1028	77
1029	74
1030	69
1031	78
1032	81
1033	84
1034	83
1035	70
1036	80
1037	79
1038	67
1039	75
1040	78
1041	74
1042	85
1043	75
1044	76
1045	83
1046	79
1047	71
1048	64
1049	67
1050	67
1051	71
1052	71
1053	61
1054	77
1055	71
1056	69
1057	73
1058	74
1059	64
1060	70
1061	71
1062	73
1063	65
1064	71
1065	70
1066	75
1067	53
1068	77
1069	79
1070	74
1071	67
1072	69
1073	71
1074	60
1075	71
1076	62
1077	57
1078	81
1079	45
1080	79
1081	66
1082	71
1083	52
1084	61
1085	70
1086	66
1087	83
1088	61
1089	62
1090	63
1091	69
1092	61
1093	66
1094	59
1095	64
1096	64
1097	57
1098	70
1099	67
1100	67
1101	61
1102	64
1103	58
1104	70
1105	52
1106	65
1107	56
1108	68
1109	67
1110	57
1111	50
1112	48
1113	55
1114	57
1115	75
1116	69
1117	69
1118	61
1119	62
1120	57
1121	45
1122	45
1123	55
1124	55
1125	48
1126	62
1127	67
1128	58
1129	52
1130	63
1131	53
1132	41
1133	57
1134	54
1135	53
1136	59
1137	54
1138	63
1139	48
1140	52
1141	55
1142	57
1143	54
1144	55
1145	68
1146	73
1147	60
1148	53
1149	67
1150	59
1151	55
1152	46
1153	54
1154	45
1155	44
1156	46
1157	52
1158	47
1159	56
1160	62
1161	48
1162	51
1163	53
1164	52
1165	54
1166	56
1167	41
1168	49
1169	47
1170	60
1171	55
1172	56
1173	40
1174	50
1175	46
1176	47
1177	49
1178	51
1179	42
1180	53
1181	50
1182	46
1183	54
1184	46
1185	67
1186	53
1187	58
1188	49
1189	26
1190	49
1191	49
1192	50
1193	45
1194	51
1195	46
1196	64
1197	49
1198	45
1199	51
1200	40
1201	59
1202	48
1203	49
1204	39
1205	38
1206	47
1207	68
1208	53
1209	51
1210	55
1211	42
1212	45
1213	51
1214	55
1215	41
1216	50
1217	48
1218	44
1219	36
1220	51
1221	44
1222	34
1223	54
1224	53
1225	38
1226	56
1227	45
1228	43
1229	41
1230	35
1231	53
1232	50
1233	48
1234	38
1235	49
1236	51
1237	59
1238	51
1239	49
1240	50
1241	47
1242	53
1243	44
1244	42
1245	52
1246	50
1247	61
1248	49
1249	46
1250	51
1251	40
1252	41
1253	38
1254	35
1255	35
1256	50
1257	36
1258	54
1259	54
1260	47
1261	39
1262	39
1263	39
1264	48
1265	47
1266	41
1267	42
1268	49
1269	42
1270	45
1271	32
1272	53
1273	52
1274	52
1275	40
1276	53
1277	41
1278	41
1279	51
1280	47
1281	41
1282	50
1283	42
1284	47
1285	49
1286	44
1287	60
1288	42
1289	52
1290	39
1291	39
1292	54
1293	50
1294	52
1295	40
1296	49
1297	51
1298	48
1299	45
1300	52
1301	53
1302	48
1303	46
1304	50
1305	45
1306	51
1307	52
1308	51
1309	44
1310	55
1311	39
1312	35
1313	47
1314	37
1315	50
1316	53
1317	40
1318	47
1319	40
1320	57
1321	47
1322	49
1323	42
1324	42
1325	46
1326	53
1327	37
1328	46
1329	33
1330	44
1331	53
1332	28
1333	44
1334	46
1335	53
1336	49
1337	39
1338	43
1339	43
1340	46
1341	50
1342	49
1343	37
1344	53
1345	43
1346	46
1347	57
1348	48
1349	57
1350	50
1351	53
1352	39
1353	43
1354	50
1355	44
1356	39
1357	31
1358	45
1359	40
1360	51
1361	47
1362	50
1363	43
1364	51
1365	53
1366	38
1367	42
1368	48
1369	43
1370	42
1371	42
1372	60
1373	45
1374	44
1375	53
1376	38
1377	62
1378	33
1379	47
1380	44
1381	51
1382	45
1383	46
1384	47
1385	45
1386	41
1387	39
1388	48
1389	58
1390	41
1391	60
1392	39
1393	38
1394	37
1395	47
1396	34
1397	50
1398	38
1399	40
1400	42
1401	44
1402	54
1403	45
1404	46
1405	57
1406	53
1407	49
1408	46
1409	38
1410	45
1411	45
1412	35
1413	39
1414	40
1415	45
1416	41
1417	50
1418	47
1419	32
1420	45
1421	45
1422	56
1423	42
1424	52
1425	47
1426	51
1427	40
1428	42
1429	44
1430	47
1431	59
1432	44
1433	54
1434	39
1435	47
1436	50
1437	56
1438	35
1439	44
1440	48
1441	46
1442	50
1443	47
1444	34
1445	45
1446	47
1447	35
1448	48
1449	48
1450	41
1451	49
1452	40
1453	52
1454	37
1455	50
1456	55
1457	39
1458	52
1459	38
1460	38
1461	51
1462	52
1463	43
1464	41
1465	47
1466	63
1467	51
1468	39
1469	51
1470	53
1471	57
1472	51
1473	60
1474	49
1475	48
1476	57
1477	47
1478	48
1479	55
1480	52
1481	61
1482	60
1483	56
1484	54
1485	44
1486	64
1487	50
1488	62
1489	57
1490	58
1491	56
1492	55
1493	64
1494	65
1495	50
1496	55
1497	63
1498	89
1499	82
1500	72
1501	75
1502	54
1503	68
1504	82
1505	70
1506	81
1507	65
1508	95
1509	90
1510	89
1511	99
1512	83
1513	93
1514	96
1515	97
1516	96
1517	115
1518	102
1519	106
1520	122
1521	103
1522	112
1523	114
1524	115
1525	103
1526	121
1527	109
1528	126
1529	135
1530	127
1531	132
1532	124
1533	148
1534	154
1535	138
1536	144
1537	154
1538	154
1539	150
1540	147
1541	155
1542	177
1543	152
1544	160
1545	165
1546	202
1547	169
1548	188
1549	203
1550	210
1551	218
1552	188
1553	214
1554	206
1555	202
1556	248
1557	206
1558	224
1559	246
1560	232
1561	234
1562	249
1563	233
1564	269
1565	252
1566	262
1567	236
1568	242
1569	270
1570	254
1571	273
1572	291
1573	300
1574	287
1575	291
1576	290
1577	306
1578	277
1579	345
1580	356
1581	338
1582	327
1583	329
1584	353
1585	356
1586	314
1587	382
1588	331
1589	345
1590	375
1591	372
1592	357
1593	368
1594	351
1595	379
1596	359
1597	376
1598	407
1599	365
1600	391
1601	422
1602	395
1603	427
1604	426
1605	388
1606	411
1607	425
1608	434
1609	486
1610	441
1611	459
1612	420
1613	448
1614	456
1615	409
1616	484
1617	476
1618	516
1619	454
1620	464
1621	490
1622	447
1623	465
1624	467
1625	528
1626	481
1627	455
1628	502
1629	490
1630	442
1631	484
1632	498
1633	457
1634	489
1635	471
1636	462
1637	465
1638	524
1639	465
1640	461
1641	528
1642	499
1643	469
1644	441
1645	492
1646	501
1647	497
1648	450
1649	464
1650	494
1651	467
1652	436
1653	464
1654	413
1655	461
1656	433
1657	443
1658	387
1659	438
1660	421
1661	403
1662	399
1663	387
1664	422
1665	411
1666	422
1667	378
1668	410
1669	377
1670	356
1671	359
1672	367
1673	376
1674	388
1675	372
1676	365
1677	363
1678	328
1679	327
1680	339
1681	360
1682	297
1683	329
1684	356
1685	326
1686	330
1687	311
1688	310
1689	277
1690	267
1691	289
1692	282
1693	243
1694	300
1695	256
1696	251
1697	259
1698	252
1699	253
1700	228
1701	221
1702	213
1703	206
1704	209
1705	214
1706	202
1707	185
1708	206
1709	202
1710	200
1711	185
1712	189
1713	165
1714	171
1715	165
1716	155
1717	154
1718	159
1719	133
1720	152
1721	156
1722	152
1723	147
1724	142
1725	141
1726	146
1727	115
1728	136
1729	113
1730	122
1731	108
1732	111
1733	111
1734	101
1735	109
1736	102
1737	114
1738	89
1739	95
1740	86
1741	80
1742	78
1743	62
1744	75
1745	79
1746	56
1747	69
1748	79
1749	63
1750	81
1751	71
1752	75
1753	61
1754	52
1755	71
1756	53
1757	59
1758	55
1759	50
1760	47
1761	35
1762	47
1763	37
1764	49
1765	44
1766	43
1767	39
1768	46
1769	43
1770	41
1771	39
1772	30
1773	50
1774	44
1775	29
1776	41
1777	36
1778	33
1779	39
1780	30
1781	33
1782	42
1783	44
1784	21
1785	25
1786	30
1787	41
1788	34
1789	22
1790	24
1791	23
1792	26
1793	22
1794	21
1795	25
1796	26
1797	31
1798	24
1799	31
1800	33
1801	24
1802	19
1803	21
1804	32
1805	18
1806	26
1807	25
1808	21
1809	26
1810	21
1811	17
1812	23
1813	27
1814	26
1815	23
1816	28
1817	17
1818	24
1819	33
1820	20
1821	26
1822	24
1823	19
1824	28
1825	19
1826	27
1827	31
1828	19
1829	25
1830	25
1831	24
1832	20
1833	15
1834	22
1835	27
1836	30
1837	27
1838	19
1839	16
1840	23
1841	23
1842	22
1843	23
1844	22
1845	27
1846	19
1847	16
1848	29
1849	29
1850	36
1851	22
1852	25
1853	17
1854	25
1855	18
1856	25
1857	24
1858	29
1859	26
1860	19
1861	29
1862	23
1863	26
1864	17
1865	24
1866	27
1867	29
1868	20
1869	27
1870	15
1871	21
1872	23
1873	25
1874	18
1875	16
1876	22
1877	18
1878	20
1879	14
1880	20
1881	15
1882	29
1883	20
1884	26
1885	17
1886	27
1887	22
1888	16
1889	17
1890	22
1891	15
1892	20
1893	15
1894	26
1895	23
1896	19
1897	25
1898	24
1899	24
1900	31
1901	19
1902	26
1903	20
1904	20
1905	28
1906	23
1907	13
1908	22
1909	19
1910	24
1911	24
1912	16
1913	21
1914	21
1915	25
1916	22
1917	20
1918	18
1919	21
1920	21
1921	19
1922	20
1923	17
1924	18
1925	23
1926	14
1927	25
1928	27
1929	32
1930	19
1931	16
1932	25
1933	15
1934	28
1935	26
1936	27
1937	20
1938	24
1939	24
1940	15
1941	14
1942	30
1943	35
1944	25
1945	25
1946	30
1947	20
1948	28
1949	21
1950	25
1951	22
1952	26
1953	23
1954	18
1955	22
1956	24
1957	39
1958	23
1959	14
1960	18
1961	21
1962	28
1963	14
1964	15
1965	20
1966	27
1967	21
1968	15
1969	18
1970	19
1971	24
1972	23
1973	14
1974	18
1975	13
1976	23
1977	22
1978	22
1979	24
1980	26
1981	19
1982	21
1983	24
1984	27
1985	25
1986	15
1987	20
1988	18
1989	22
1990	21
1991	21
1992	28
1993	24
1994	21
1995	20
1996	20
1997	25
1998	22
1999	34
2000	18
2001	28
2002	21
2003	15
2004	15
2005	16
2006	24
2007	29
2008	19
2009	25
2010	19
2011	21
2012	21
2013	26
2014	21
2015	25
2016	19
2017	18
2018	20
2019	13
2020	23
2021	21
2022	23
2023	19
2024	14
2025	18
2026	17
2027	18
2028	20
2029	17
2030	28
2031	21
2032	15
2033	16
2034	23
2035	17
2036	18
2037	16
2038	17
2039	19
2040	23
2041	28
2042	22
2043	21
2044	22
2045	19
2046	18
2047	26
2048	25
2049	21
2050	20
2051	18
2052	15
2053	17
2054	21
2055	19
2056	21
2057	17
2058	18
2059	15
2060	25
2061	25
2062	16
2063	27
2064	6
2065	20
2066	24
2067	15
2068	13
2069	22
2070	15
2071	20
2072	23
2073	28
2074	24
2075	22
2076	19
2077	25
2078	25
2079	22
2080	17
2081	21
2082	12
2083	20
2084	22
2085	21
2086	24
2087	27
2088	13
2089	18
2090	22
2091	25
2092	17
2093	13
2094	27
2095	17
2096	21
2097	19
2098	20
2099	20
2100	13
2101	16
2102	20
2103	12
2104	19
2105	24
2106	25
2107	17
2108	16
2109	17
2110	15
2111	24
2112	23
2113	12
2114	14
2115	21
2116	20
2117	22
2118	21
2119	18
2120	21
2121	15
2122	9
2123	18
2124	34
2125	21
2126	19
2127	17
2128	23
2129	20
2130	20
2131	17
2132	22
2133	11
2134	17
2135	15
2136	25
2137	9
2138	16
2139	21
2140	17
2141	19
2142	22
2143	12
2144	20
2145	14
2146	18
2147	20
2148	20
2149	19
2150	18
2151	18
2152	21
2153	18
2154	19
2155	14
2156	21
2157	24
2158	14
2159	16
2160	16
2161	19
2162	15
2163	19
2164	27
2165	19
2166	14
2167	27
2168	18
2169	23
2170	28
2171	20
2172	18
2173	18
2174	15
2175	19
2176	18
2177	12
2178	19
2179	20
2180	18
2181	19
2182	16
2183	24
2184	15
2185	17
2186	16
2187	20
2188	7
2189	23
2190	17
2191	22
2192	19
2193	19
2194	15
2195	16
2196	29
2197	17
2198	12
2199	25
2200	20
2201	27
2202	16
2203	13
2204	20
2205	17
2206	18
2207	17
2208	20
2209	21
2210	17
2211	18
2212	21
2213	19
2214	18
2215	24
2216	22
2217	18
2218	12
2219	16
2220	18
2221	16
2222	14
2223	24
2224	21
2225	19
2226	16
2227	18
2228	14
2229	18
2230	22
2231	21
2232	12
2233	20
2234	11
2235	15
2236	22
2237	19
2238	24
2239	21
2240	16
2241	17
2242	20
2243	10
2244	19
2245	15
2246	17
2247	23
2248	18
2249	17
2250	11
2251	19
2252	26
2253	12
2254	14
2255	20
2256	18
2257	20
2258	22
2259	26
2260	19
2261	13
2262	20
2263	16
2264	14
2265	25
2266	16
2267	26
2268	18
2269	15
2270	20
2271	14
2272	20
2273	14
2274	12
2275	19
2276	13
2277	18
2278	23
2279	13
2280	18
2281	16
2282	16
2283	15
2284	15
2285	19
2286	15
2287	18
2288	14
2289	16
2290	14
2291	18
2292	23
2293	19
2294	23
2295	11
2296	16
2297	14
2298	19
2299	20
2300	22
2301	21
2302	17
2303	15
2304	15
2305	18
2306	19
2307	22
2308	16
2309	16
2310	11
2311	17
2312	14
2313	17
2314	18
2315	12
2316	22
2317	18
2318	20
2319	20
2320	26
2321	19
2322	21
2323	9
2324	14
2325	19
2326	13
2327	15
2328	12
2329	22
2330	17
2331	17
2332	21
2333	17
2334	19
2335	16
2336	19
2337	11
2338	15
2339	22
2340	13
2341	14
2342	16
2343	17
2344	21
2345	14
2346	17
2347	22
2348	19
2349	19
2350	21
2351	20
2352	16
2353	18
2354	18
2355	16
2356	19
2357	15
2358	17
2359	17
2360	17
2361	24
2362	16
2363	23
2364	19
2365	12
2366	16
2367	8
2368	18
2369	13
2370	20
2371	11
2372	16
2373	19
2374	13
2375	16
2376	16
2377	17
2378	22
2379	14
2380	17
2381	29
2382	23
2383	17
2384	13
2385	21
2386	21
2387	18
2388	17
2389	12
2390	28
2391	15
2392	19
2393	24
2394	15
2395	18
2396	15
2397	24
2398	16
2399	10
2400	13
2401	18
2402	21
2403	19
2404	17
2405	13
2406	20
2407	13
2408	23
2409	17
2410	24
2411	19
2412	17
2413	17
2414	21
2415	19
2416	18
2417	18
2418	13
2419	20
2420	23
2421	18
2422	27
2423	16
2424	19
2425	23
2426	24
2427	15
2428	12
2429	21
2430	13
2431	24
2432	21
2433	18
2434	18
2435	21
2436	17
2437	17
2438	11
2439	16
2440	17
2441	20
2442	14
2443	15
2444	19
2445	16
2446	21
2447	13
2448	20
2449	18
2450	14
2451	15
2452	17
2453	16
2454	17
2455	22
2456	16
2457	19
2458	13
2459	21
2460	17
2461	8
2462	16
2463	23
2464	21
2465	20
2466	15
2467	26
2468	14
2469	18
2470	23
2471	16
2472	21
2473	20
2474	21
2475	18
2476	24
2477	18
2478	22
2479	12
2480	27
2481	14
2482	12
2483	17
2484	15
2485	21
2486	24
2487	22
2488	27
2489	23
2490	17
2491	15
2492	16
2493	17
2494	16
2495	20
2496	17
2497	15
2498	24
2499	12
2500	19
2501	19
2502	25
2503	24
2504	13
2505	15
2506	20
2507	25
2508	18
2509	23
2510	15
2511	22
2512	23
2513	17
2514	19
2515	19
2516	17
2517	27
2518	12
2519	13
2520	24
2521	14
2522	18
2523	17
2524	10
2525	17
2526	12
2527	17
2528	19
2529	15
2530	14
2531	14
2532	18
2533	23
2534	21
2535	16
2536	21
2537	14
2538	13
2539	20
2540	15
2541	16
2542	23
2543	11
2544	17
2545	20
2546	17
2547	22
2548	19
2549	15
2550	13
2551	18
2552	20
2553	13
2554	21
2555	12
2556	14
2557	14
2558	16
2559	13
2560	18
2561	19
2562	17
2563	10
2564	13
2565	14
2566	21
2567	12
2568	16
2569	13
2570	18
2571	21
2572	15
2573	19
2574	18
2575	12
2576	21
2577	22
2578	16
2579	26
2580	19
2581	13
2582	23
2583	15
2584	22
2585	13
2586	23
2587	17
2588	24
2589	19
2590	13
2591	20
2592	19
2593	23
2594	13
2595	11
2596	16
2597	22
2598	20
2599	17
2600	10
2601	18
2602	17
2603	26
2604	26
2605	9
2606	17
2607	17
2608	21
2609	20
2610	21
2611	19
2612	21
2613	20
2614	12
2615	20
2616	12
2617	21
2618	15
2619	16
2620	12
2621	21
2622	20
2623	15
2624	16
2625	18
2626	16
2627	22
2628	24
2629	21
2630	12
2631	17
2632	17
2633	9
2634	16
2635	24
2636	15
2637	22
2638	16
2639	11
2640	16
2641	18
2642	16
2643	18
2644	18
2645	15
2646	19
2647	12
2648	20
2649	19
2650	15
2651	21
2652	22
2653	12
2654	19
2655	19
2656	20
2657	19
2658	17
2659	29
2660	15
2661	11
2662	17
2663	24
2664	22
2665	18
2666	16
2667	21
2668	18
2669	23
2670	17
2671	14
2672	14
2673	22
2674	17
2675	14
2676	18
2677	14
2678	15
2679	18
2680	19
2681	19
2682	27
2683	11
2684	19
2685	22
2686	18
2687	20
2688	15
2689	15
2690	13
2691	17
2692	19
2693	23
2694	17
2695	13
2696	14
2697	17
2698	20
2699	18
2700	21
2701	21
2702	24
2703	23
2704	20
2705	20
2706	18
2707	20
2708	14
2709	15
2710	19
2711	17
2712	24
2713	17
2714	18
2715	15
2716	23
2717	19
2718	17
2719	15
2720	7
2721	11
2722	17
2723	15
2724	20
2725	28
2726	19
2727	18
2728	19
2729	17
2730	14
2731	15
2732	18
2733	13
2734	25
2735	12
2736	19
2737	13
2738	23
2739	17
2740	17
2741	18
2742	19
2743	16
2744	13
2745	18
2746	15
2747	17
2748	19
2749	19
2750	26
2751	12
2752	16
2753	15
2754	12
2755	14
2756	14
2757	19
2758	10
2759	24
2760	16
2761	26
2762	14
2763	19
2764	16
2765	12
2766	15
2767	20
2768	22
2769	18
2770	16
2771	27
2772	15
2773	16
2774	12
2775	30
2776	19
2777	17
2778	21
2779	25
2780	13
2781	15
2782	20
2783	16
2784	12
2785	18
2786	15
2787	18
2788	10
2789	18
2790	17
2791	16
2792	22
2793	16
2794	12
2795	19
2796	16
2797	14
2798	18
2799	8
2800	18
2801	14
2802	14
2803	16
2804	12
2805	22
2806	24
2807	14
2808	18
2809	23
2810	16
2811	15
2812	19
2813	16
2814	21
2815	19
2816	23
2817	16
2818	24
2819	19
2820	16
2821	16
2822	17
2823	13
2824	17
2825	21
2826	19
2827	17
2828	17
2829	19
2830	17
2831	14
2832	16
2833	19
2834	26
2835	20
2836	21
2837	14
2838	22
2839	21
2840	22
2841	26
2842	13
2843	14
2844	13
2845	19
2846	18
2847	18
2848	17
2849	21
2850	17
2851	13
2852	24
2853	18
2854	21
2855	17
2856	19
2857	15
2858	21
2859	26
2860	17
2861	21
2862	18
2863	18
2864	14
2865	28
2866	20
2867	16
2868	27
2869	20
2870	19
2871	24
2872	15
2873	13
2874	14
2875	10
2876	13
2877	16
2878	11
2879	23
2880	14
2881	17
2882	19
2883	25
2884	13
2885	18
2886	15
2887	10
2888	19
2889	20
2890	11
2891	17
2892	16
2893	13
2894	14
2895	17
2896	22
2897	12
2898	11
2899	17
2900	17
2901	18
2902	23
2903	13
2904	16
2905	14
2906	19
2907	10
2908	8
2909	16
2910	21
2911	21
2912	10
2913	19
2914	12
2915	14
2916	21
2917	28
2918	14
2919	26
2920	17
2921	16
2922	22
2923	14
2924	21
2925	12
2926	19
2927	13
2928	24
2929	19
2930	25
2931	11
2932	13
2933	16
2934	18
2935	21
2936	14
2937	16
2938	15
2939	14
2940	25
2941	7
2942	13
2943	19
2944	15
2945	17
2946	19
2947	17
2948	19
2949	25
2950	13
2951	19
2952	12
2953	14
2954	23
2955	21
2956	15
2957	18
2958	18
2959	23
2960	15
2961	16
2962	23
2963	15
2964	29
2965	21
2966	16
2967	17
2968	19
2969	13
2970	23
2971	22
2972	25
2973	14
2974	18
2975	20
2976	19
2977	25
2978	25
2979	15
2980	18
2981	23
2982	13
2983	17
2984	16
2985	17
2986	11
2987	13
2988	22
2989	29
2990	18
2991	17
2992	17
2993	27
2994	16
2995	19
2996	12
2997	17
2998	23
2999	17
3000	22
3001	24
3002	23
3003	22
3004	16
3005	12
3006	20
3007	24
3008	18
3009	13
3010	19
3011	9
3012	22
3013	14
3014	24
3015	19
3016	20
3017	22
3018	14
3019	23
3020	15
3021	25
3022	22
3023	20
3024	23
3025	16
3026	13
3027	19
3028	27
3029	20
3030	14
3031	17
3032	20
3033	19
3034	21
3035	16
3036	18
3037	19
3038	18
3039	13
3040	27
3041	13
3042	14
3043	23
3044	15
3045	20
3046	17
3047	21
3048	18
3049	11
3050	22
3051	14
3052	23
3053	9
3054	19
3055	19
3056	15
3057	20
3058	17
3059	17
3060	20
3061	20
3062	14
3063	23
3064	20
3065	23
3066	15
3067	22
3068	18
3069	19
3070	17
3071	16
3072	16
3073	22
3074	19
3075	19
3076	14
3077	15
3078	25
3079	16
3080	24
3081	8
3082	20
3083	9
3084	14
3085	12
3086	13
3087	16
3088	21
3089	23
3090	24
3091	19
3092	19
3093	24
3094	26
3095	22
3096	17
3097	18
3098	18
3099	16
3100	21
3101	23
3102	13
3103	17
3104	20
3105	18
3106	16
3107	25
3108	22
3109	14
3110	16
3111	11
3112	14
3113	16
3114	17
3115	24
3116	19
3117	18
3118	14
3119	17
3120	13
3121	21
3122	11
3123	19
3124	18
3125	19
3126	18
3127	18
3128	15
3129	22
3130	20
3131	13
3132	14
3133	18
3134	15
3135	13
3136	15
3137	14
3138	12
3139	23
3140	21
3141	9
3142	11
3143	16
3144	29
3145	17
3146	17
3147	15
3148	11
3149	15
3150	18
3151	15
3152	9
3153	10
3154	27
3155	18
3156	16
3157	23
3158	20
3159	14
3160	15
3161	15
3162	24
3163	11
3164	9
3165	14
3166	16
3167	16
3168	16
3169	21
3170	17
3171	21
3172	16
3173	8
3174	16
3175	14
3176	16
3177	14
3178	16
3179	19
3180	14
3181	15
3182	14
3183	20
3184	21
3185	14
3186	14
3187	17
3188	16
3189	10
3190	16
3191	17
3192	13
3193	14
3194	9
3195	22
3196	17
3197	19
3198	12
3199	14
3200	19
3201	19
3202	19
3203	15
3204	15
3205	12
3206	13
3207	9
3208	21
3209	10
3210	13
3211	16
3212	8
3213	16
3214	20
3215	12
3216	21
3217	12
3218	12
3219	12
3220	20
3221	8
3222	11
3223	17
3224	18
3225	12
3226	18
3227	17
3228	20
3229	8
3230	16
3231	13
3232	14
3233	18
3234	15
3235	14
3236	12
3237	14
3238	17
3239	19
3240	13
3241	13
3242	15
3243	10
3244	16
3245	13
3246	16
3247	11
3248	9
3249	7
3250	13
3251	12
3252	10
3253	13
3254	5
3255	7
3256	8
3257	9
3258	7
3259	19
3260	12
3261	15
3262	14
3263	10
3264	12
3265	13
3266	13
3267	11
3268	14
3269	10
3270	14
3271	9
3272	8
3273	14
3274	11
3275	7
3276	9
3277	10
3278	12
3279	10
3280	17
3281	13
3282	13
3283	15
3284	15
3285	11
3286	6
3287	8
3288	14
3289	9
3290	4
3291	5
3292	13
3293	7
3294	11
3295	5
3296	7
3297	3
3298	13
3299	9
3300	6
3301	9
3302	9
3303	14
3304	13
3305	12
3306	12
3307	9
3308	9
3309	12
3310	11
3311	12
3312	13
3313	10
3314	12
3315	9
3316	7
3317	8
3318	5
3319	12
3320	15
3321	10
3322	16
3323	11
3324	11
3325	10
3326	6
3327	11
3328	12
3329	7
3330	7
3331	5
3332	8
3333	6
3334	9
3335	9
3336	5
3337	11
3338	6
3339	3
3340	9
3341	10
3342	4
3343	12
3344	10
3345	8
3346	12
3347	10
3348	8
3349	10
3350	7
3351	11
3352	11
3353	9
3354	9
3355	8
3356	6
3357	4
3358	1
3359	7
3360	15
3361	8
3362	12
3363	5
3364	4
3365	6
3366	10
3367	7
3368	10
3369	9
3370	11
3371	5
3372	7
3373	6
3374	5
3375	6
3376	4
3377	4
3378	8
3379	6
3380	11
3381	5
3382	9
3383	8
3384	5
3385	9
3386	10
3387	15
3388	6
3389	6
3390	6
3391	6
3392	6
3393	5
3394	4
3395	7
3396	7
3397	7
3398	9
3399	8
3400	6
3401	11
3402	10
3403	9
3404	7
3405	8
3406	2
3407	7
3408	8
3409	8
3410	6
3411	5
3412	7
3413	2
3414	6
3415	7
3416	8
3417	9
3418	6
3419	11
3420	9
3421	5
3422	6
3423	5
3424	8
3425	9
3426	8
3427	6
3428	3
3429	4
3430	8
3431	12
3432	9
3433	8
3434	7
3435	11
3436	7
3437	7
3438	5
3439	8
3440	8
3441	6
3442	7
3443	6
3444	5
3445	5
3446	10
3447	5
3448	7
3449	5
3450	8
3451	7
3452	5
3453	5
3454	4
3455	12
3456	6
3457	6
3458	4
3459	2
3460	11
3461	7
3462	6
3463	5
3464	6
3465	4
3466	3
3467	6
3468	5
3469	7
3470	7
3471	5
3472	5
3473	5
3474	3
3475	8
3476	8
3477	4
3478	5
3479	7
3480	5
3481	7
3482	4
3483	10
3484	6
3485	7
3486	10
3487	6
3488	4
3489	11
3490	6
3491	4
3492	8
3493	7
3494	5
3495	7
3496	9
3497	3
3498	6
3499	9
3500	5
3501	4
3502	6
3503	8
3504	9
3505	4
3506	2
3507	4
3508	14
3509	10
3510	5
3511	5
3512	6
3513	8
3514	4
3515	6
3516	2
3517	4
3518	4
3519	7
3520	4
3521	5
3522	7
3523	4
3524	4
3525	6
3526	1
3527	6
3528	3
3529	6
3530	3
3531	1
3532	7
3533	3
3534	0
3535	6
3536	7
3537	8
3538	6
3539	7
3540	5
3541	5
3542	4
3543	5
3544	6
3545	8
3546	8
3547	3
3548	5
3549	6
3550	8
3551	7
3552	4
3553	6
3554	3
3555	1
3556	4
3557	8
3558	4
3559	6
3560	2
3561	3
3562	1
3563	7
3564	7
3565	8
3566	3
3567	8
3568	3
3569	4
3570	4
3571	10
3572	5
3573	5
3574	3
3575	4
3576	4
3577	7
3578	5
3579	7
3580	11
3581	3
3582	9
3583	8
3584	4
3585	3
3586	5
3587	6
3588	3
3589	5
3590	5
3591	3
3592	5
3593	3
3594	2
3595	4
3596	2
3597	6
3598	3
3599	4
3600	2
3601	6
3602	5
3603	6
3604	3
3605	2
3606	5
3607	4
3608	5
3609	4
3610	7
3611	7
3612	6
3613	8
3614	2
3615	4
3616	2
3617	5
3618	7
3619	4
3620	10
3621	5
3622	4
3623	4
3624	7
3625	5
3626	6
3627	4
3628	5
3629	9
3630	7
3631	5
3632	4
3633	6
3634	4
3635	3
3636	3
3637	7
3638	8
3639	6
3640	6
3641	4
3642	2
3643	3
3644	2
3645	4
3646	7
3647	4
3648	8
3649	5
3650	3
3651	4
3652	7
3653	4
3654	4
3655	5
3656	6
3657	4
3658	3
3659	3
3660	6
3661	7
3662	0
3663	8
3664	7
3665	4
3666	6
3667	4
3668	2
3669	4
3670	7
3671	1
3672	9
3673	5
3674	4
3675	5
3676	6
3677	6
3678	7
3679	3
3680	2
3681	9
3682	4
3683	7
3684	5
3685	4
3686	7
3687	6
3688	7
3689	5
3690	5
3691	7
3692	2
3693	2
3694	5
3695	5
3696	7
3697	4
3698	2
3699	6
3700	7
3701	5
3702	1
3703	5
3704	4
3705	4
3706	6
3707	6
3708	7
3709	4
3710	6
3711	6
3712	9
3713	5
3714	3
3715	7
3716	7
3717	5
3718	8
3719	11
3720	6
3721	7
3722	7
3723	7
3724	3
3725	10
3726	7
3727	3
3728	5
3729	10
3730	12
3731	5
3732	12
3733	14
3734	12
3735	7
3736	6
3737	9
3738	8
3739	7
3740	8
3741	12
3742	8
3743	7
3744	11
3745	4
3746	9
3747	4
3748	17
3749	8
3750	11
3751	6
3752	13
3753	17
3754	11
3755	13
3756	12
3757	16
3758	9
3759	5
3760	12
3761	14
3762	7
3763	12
3764	14
3765	11
3766	10
3767	8
3768	18
3769	9
3770	15
3771	2
3772	5
3773	17
3774	14
3775	9
3776	12
3777	14
3778	9
3779	18
3780	14
3781	22
3782	14
3783	17
3784	9
3785	20
3786	19
3787	14
3788	19
3789	17
3790	16
3791	14
3792	14
3793	27
3794	15
3795	17
3796	19
3797	19
3798	27
3799	19
3800	27
3801	18
3802	22
3803	19
3804	22
3805	25
3806	19
3807	18
3808	25
3809	20
3810	25
3811	18
3812	21
3813	31
3814	28
3815	22
3816	24
3817	19
3818	31
3819	26
3820	22
3821	27
3822	21
3823	23
3824	24
3825	32
3826	31
3827	18
3828	37
3829	29
3830	22
3831	32
3832	30
3833	35
3834	34
3835	40
3836	35
3837	24
3838	26
3839	31
3840	21
3841	27
3842	38
3843	38
3844	31
3845	30
3846	34
3847	37
3848	34
3849	36
3850	34
3851	35
3852	27
3853	41
3854	39
3855	29
3856	40
3857	47
3858	40
3859	36
3860	35
3861	34
3862	48
3863	45
3864	35
3865	38
3866	33
3867	47
3868	40
3869	28
3870	50
3871	39
3872	53
3873	31
3874	44
3875	46
3876	44
3877	43
3878	48
3879	47
3880	62
3881	48
3882	42
3883	40
3884	56
3885	57
3886	50
3887	67
3888	54
3889	55
3890	40
3891	52
3892	46
3893	37
3894	52
3895	53
3896	49
3897	50
3898	59
3899	60
3900	60
3901	68
3902	57
3903	63
3904	46
3905	74
3906	52
3907	65
3908	49
3909	55
3910	74
3911	46
3912	57
3913	48
3914	53
3915	59
3916	59
3917	66
3918	53
3919	58
3920	62
3921	71
3922	53
3923	69
3924	72
3925	56
3926	61
3927	65
3928	77
3929	69
3930	68
3931	55
3932	63
3933	69
3934	81
3935	67
3936	81
3937	58
3938	58
3939	66
3940	67
3941	64
3942	70
3943	69
3944	72
3945	61
3946	80
3947	56
3948	71
3949	63
3950	59
3951	57
3952	58
3953	66
3954	86
3955	74
3956	75
3957	76
3958	65
3959	61
3960	57
3961	58
3962	63
3963	60
3964	85
3965	68
3966	64
3967	59
3968	66
3969	72
3970	78
3971	64
3972	80
3973	69
3974	74
3975	71
3976	64
3977	60
3978	78
3979	83
3980	76
3981	65
3982	64
3983	67
3984	59
3985	74
3986	55
3987	59
3988	67
3989	58
3990	52
3991	63
3992	52
3993	62
3994	79
3995	67
3996	69
3997	66
3998	60
3999	84
4000	68
4001	76
4002	54
4003	68
4004	70
4005	56
4006	63
4007	59
4008	63
4009	52
4010	60
4011	53
4012	53
4013	65
4014	65
4015	76
4016	60
4017	49
4018	59
4019	66
4020	48
4021	65
4022	54
4023	58
4024	58
4025	46
4026	50
4027	57
4028	63
4029	49
4030	62
4031	59
4032	68
4033	63
4034	62
4035	60
4036	56
4037	61
4038	48
4039	59
4040	51
4041	52
4042	46
4043	55
4044	41
4045	47
4046	41
4047	43
4048	47
4049	47
4050	40
4051	52
4052	50
4053	55
4054	42
4055	48
4056	50
4057	42
4058	28
4059	41
4060	43
4061	36
4062	53
4063	36
4064	40
4065	62
4066	34
4067	46
4068	41
4069	44
4070	43
4071	50
4072	37
4073	40
4074	39
4075	30
4076	28
4077	33
4078	42
4079	36
4080	34
4081	35
4082	32
4083	42
4084	34
4085	46
4086	31
4087	40
4088	35
4089	38
4090	30
4091	35
4092	34
4093	37
4094	29
4095	28
4096	31
4097	29
4098	35
4099	28
4100	24
4101	21
4102	22
4103	25
4104	24
4105	23
4106	25
4107	30
4108	30
4109	24
4110	27
4111	24
4112	31
4113	27
4114	27
4115	25
4116	20
4117	20
4118	29
4119	12
4120	22
4121	19
4122	26
4123	27
4124	21
4125	25
4126	21
4127	15
4128	21
4129	29
4130	25
4131	17
4132	18
4133	19
4134	18
4135	13
4136	22
4137	22
4138	11
4139	13
4140	20
4141	10
4142	13
4143	9
4144	8
4145	16
4146	9
4147	12
4148	16
4149	14
4150	18
4151	16
4152	12
4153	18
4154	19
4155	10
4156	14
4157	14
4158	14
4159	11
4160	11
4161	17
4162	20
4163	6
4164	10
4165	7
4166	7
4167	10
4168	14
4169	11
4170	13
4171	13
4172	13
4173	8
4174	4
4175	10
4176	7
4177	9
4178	5
4179	8
4180	9
4181	10
4182	6
4183	10
4184	9
4185	9
4186	8
4187	7
4188	8
4189	13
4190	10
4191	14
4192	7
4193	10
4194	6
4195	3
4196	9
4197	8
4198	10
4199	6
4200	11
4201	6
4202	6
4203	5
4204	5
4205	6
4206	3
4207	5
4208	7
4209	4
4210	5
4211	4
4212	11
4213	3
4214	8
4215	6
4216	6
4217	4
4218	8
4219	9
4220	6
4221	7
4222	5
4223	5
4224	5
4225	5
4226	3
4227	7
4228	5
4229	7
4230	4
4231	7
4232	5
4233	2
4234	6
4235	5
4236	3
4237	3
4238	7
4239	3
4240	4
4241	4
4242	1
4243	6
4244	2
4245	3
4246	4
4247	6
4248	2
4249	6
4250	3
4251	3
4252	1
4253	1
4254	5
4255	2
4256	6
4257	1
4258	2
4259	4
4260	3
4261	3
4262	1
4263	3
4264	4
4265	3
4266	2
4267	3
4268	8
4269	3
4270	5
4271	1
4272	1
4273	2
4274	2
4275	2
4276	2
4277	4
4278	1
4279	4
4280	2
4281	5
4282	2
4283	1
4284	1
4285	5
4286	5
4287	2
4288	1
4289	0
4290	1
4291	2
4292	0
4293	0
4294	2
4295	2
4296	1
4297	5
4298	2
4299	0
4300	2
4301	3
4302	5
4303	3
4304	0
4305	3
4306	2
4307	2
4308	0
4309	2
4310	2
4311	2
4312	0
4313	3
4314	2
4315	0
4316	2
4317	2
4318	1
4319	1
4320	1
4321	0
4322	2
4323	3
4324	0
4325	7
4326	3
4327	4
4328	3
4329	2
4330	2
4331	2
4332	1
4333	1
4334	2
4335	1
4336	1
4337	2
4338	7
4339	0
4340	4
4341	3
4342	2
4343	2
4344	3
4345	3
4346	0
4347	5
4348	3
4349	0
4350	1
4351	3
4352	3
4353	1
4354	2
4355	4
4356	2
4357	6
4358	3
4359	2
4360	0
4361	1
4362	3
4363	4
4364	0
4365	3
4366	3
4367	0
4368	5
4369	4
4370	4
4371	4
4372	3
4373	3
4374	3
4375	5
4376	2
4377	6
4378	3
4379	4
4380	2
4381	4
4382	2
4383	5
4384	1
4385	3
4386	4
4387	5
4388	3
4389	4
4390	9
4391	0
4392	2
4393	6
4394	6
4395	4
4396	4
4397	2
4398	5
4399	4
4400	3
4401	3
4402	2
4403	2
4404	5
4405	3
4406	2
4407	0
4408	4
4409	5
4410	2
4411	2
4412	2
4413	3
4414	7
4415	1
4416	2
4417	1
4418	4
4419	3
4420	3
4421	3
4422	5
4423	2
4424	3
4425	4
4426	3
4427	3
4428	3
4429	4
4430	5
4431	4
4432	3
4433	5
4434	2
4435	2
4436	4
4437	4
4438	4
4439	4
4440	2
4441	2
4442	1
4443	6
4444	2
4445	7
4446	2
4447	4
4448	7
4449	5
4450	5
4451	3
4452	1
4453	1
4454	2
4455	5
4456	2
4457	4
4458	1
4459	3
4460	3
4461	4
4462	5
4463	4
4464	5
4465	3
4466	4
4467	3
4468	6
4469	2
4470	5
4471	2
4472	4
4473	3
4474	5
4475	5
4476	2
4477	2
4478	5
4479	2
4480	5
4481	4
4482	3
4483	2
4484	5
4485	4
4486	3
4487	3
4488	2
4489	4
4490	2
4491	3
4492	5
4493	5
4494	5
4495	6
4496	3
4497	3
4498	4
4499	4
4500	3
4501	4
4502	5
4503	3
4504	7
4505	4
4506	7
4507	5
4508	4
4509	2
4510	3
4511	2
4512	10
4513	4
4514	7
4515	4
4516	6
4517	5
4518	3
4519	5
4520	3
4521	3
4522	3
4523	4
4524	2
4525	4
4526	3
4527	5
4528	2
4529	7
4530	4
4531	3
4532	5
4533	7
4534	6
4535	4
4536	6
4537	9
4538	5
4539	5
4540	4
4541	6
4542	5
4543	5
4544	6
4545	4
4546	2
4547	4
4548	1
4549	6
4550	3
4551	4
4552	5
4553	3
4554	5
4555	2
4556	3
4557	9
4558	8
4559	1
4560	2
4561	2
4562	9
4563	5
4564	5
4565	1
4566	3
4567	8
4568	5
4569	4
4570	3
4571	8
4572	4
4573	2
4574	9
4575	6
4576	4
4577	5
4578	3
4579	6
4580	1
4581	3
4582	7
4583	2
4584	1
4585	6
4586	7
4587	2
4588	2
4589	10
4590	3
4591	1
4592	3
4593	2
4594	3
4595	6
4596	5
4597	8
4598	2
4599	7
4600	5
4601	3
4602	4
4603	2
4604	4
4605	6
4606	5
4607	5
4608	7
4609	2
4610	2
4611	4
4612	6
4613	3
4614	6
4615	5
4616	6
4617	3
4618	3
4619	5
4620	2
4621	1
4622	6
4623	3
4624	5
4625	3
4626	2
4627	7
4628	5
4629	3
4630	3
4631	1
4632	1
4633	9
4634	4
4635	6
4636	2
4637	6
4638	4
4639	4
4640	3
4641	0
4642	5
4643	1
4644	3
4645	3
4646	3
4647	3
4648	2
4649	3
4650	4
4651	3
4652	5
4653	3
4654	4
4655	3
4656	3
4657	4
4658	1
4659	1
4660	6
4661	5
4662	1
4663	3
4664	3
4665	3
4666	2
4667	2
4668	3
4669	2
4670	4
4671	1
4672	2
4673	2
4674	2
4675	4
4676	3
4677	4
4678	2
4679	3
4680	2
4681	2
4682	2
4683	4
4684	6
4685	2
4686	1
4687	0
4688	1
4689	2
4690	3
4691	3
4692	3
4693	1
4694	1
4695	2
4696	1
4697	2
4698	2
4699	2
4700	4
4701	1
4702	2
4703	3
4704	1
4705	3
4706	1
4707	2
4708	1
4709	2
4710	3
4711	1
4712	2
4713	2
4714	1
4715	3
4716	2
4717	1
4718	0
4719	2
4720	2
4721	1
4722	1
4723	3
4724	2
4725	3
4726	2
4727	2
4728	3
4729	1
4730	1
4731	5
4732	0
4733	3
4734	0
4735	1
4736	1
4737	2
4738	2
4739	1
4740	2
4741	4
4742	3
4743	4
4744	2
4745	2
4746	2
4747	1
4748	0
4749	0
4750	1
4751	1
4752	1
4753	1
4754	2
4755	1
4756	0
4757	1
4758	1
4759	1
4760	0
4761	2
4762	3
4763	1
4764	1
4765	1
4766	1
4767	3
4768	0
4769	0
4770	1
4771	1
4772	3
4773	1
4774	0
4775	1
4776	0
4777	1
4778	0
4779	0
4780	2
4781	0
4782	2
4783	0
4784	2
4785	1
4786	2
4787	0
4788	3
4789	1
4790	1
4791	1
4792	2
4793	1
4794	1
4795	2
4796	0
4797	0
4798	1
4799	1
4800	0
4801	3
4802	2
4803	1
4804	0
4805	1
4806	0
4807	1
4808	1
4809	0
4810	1
4811	1
4812	1
4813	0
4814	2
4815	1
4816	2
4817	2
4818	1
4819	0
4820	1
4821	1
4822	0
4823	3
4824	1
4825	1
4826	1
4827	1
4828	0
4829	0
4830	0
4831	0
4832	1
4833	0
4834	1
4835	0
4836	1
4837	0
4838	2
4839	0
4840	0
4841	0
4842	1
4843	0
4844	0
4845	0
4846	1
4847	1
4848	2
4849	1
4850	1
4851	2
4852	0
4853	1
4854	0
4855	3
4856	0
4857	2
4858	1
4859	1
4860	0
4861	1
4862	0
4863	2
4864	1
4865	3
4866	0
4867	0
4868	1
4869	0
4870	1
4871	1
4872	0
4873	1
4874	0
4875	1
4876	1
4877	1
4878	0
4879	1
4880	0
4881	0
4882	1
4883	0
4884	2
4885	1
4886	2
4887	1
4888	1
4889	0
4890	1
4891	1
4892	0
4893	0
4894	0
4895	1
4896	1
4897	1
4898	2
4899	1
4900	1
4901	1
4902	0
4903	0
4904	0
4905	1
4906	0
4907	1
4908	0
4909	0
4910	0
4911	0
4912	2
4913	0
4914	1
4915	1
4916	0
4917	3
4918	2
4919	0
4920	0
4921	4
4922	0
4923	2
4924	1
4925	1
4926	1
4927	1
4928	1
4929	0
4930	0
4931	1
4932	1
4933	0
4934	0
4935	1
4936	2
4937	0
4938	1
4939	0
4940	0
4941	0
4942	1
4943	0
4944	1
4945	3
4946	2
4947	1
4948	0
4949	0
4950	1
4951	0
4952	0
4953	0
4954	1
4955	1
4956	2
4957	1
4958	0
4959	1
4960	1
4961	1
4962	0
4963	1
4964	1
4965	2
4966	0
4967	0
4968	0
4969	0
4970	1
4971	2
4972	1
4973	1
4974	0
4975	0
4976	0
4977	0
4978	0
4979	2
4980	0
4981	2
4982	2
4983	0
4984	0
4985	1
4986	3
4987	1
4988	1
4989	0
4990	1
4991	0
4992	1
4993	1
4994	0
4995	1
4996	0
4997	2
4998	2
4999	0
5000	0
5001	0
5002	3
5003	0
5004	0
5005	0
5006	1
5007	1
5008	2
5009	0
5010	0
5011	0
5012	1
5013	0
5014	0
5015	0
5016	0
5017	0
5018	1
5019	1
5020	0
5021	1
5022	0
5023	3
5024	1
5025	0
5026	0
5027	0
5028	1
5029	0
5030	1
5031	0
5032	1
5033	1
5034	5
5035	1
5036	0
5037	2
5038	0
5039	1
5040	0
5041	0
5042	0
5043	2
5044	1
5045	2
5046	0
5047	1
5048	2
5049	2
5050	0
5051	0
5052	0
5053	0
5054	0
5055	2
5056	1
5057	1
5058	1
5059	0
5060	0
5061	0
5062	2
5063	0
5064	1
5065	0
5066	0
5067	0
5068	0
5069	1
5070	0
5071	0
5072	0
5073	1
5074	2
5075	0
5076	1
5077	0
5078	1
5079	1
5080	1
5081	1
5082	0
5083	2
5084	0
5085	1
5086	0
5087	2
5088	1
5089	0
5090	1
5091	1
5092	3
5093	0
5094	0
5095	1
5096	1
5097	0
5098	0
5099	0
5100	0
5101	1
5102	0
5103	0
5104	1
5105	0
5106	2
5107	0
5108	0
5109	0
5110	1
5111	0
5112	1
5113	2
5114	0
5115	1
5116	2
5117	2
5118	0
5119	1
5120	0
5121	0
5122	0
5123	2
5124	1
5125	0
5126	0
5127	1
5128	2
5129	1
5130	0
5131	0
5132	0
5133	2
5134	2
5135	1
5136	0
5137	3
5138	3
5139	2
5140	3
5141	0
5142	1
5143	1
5144	1
5145	1
5146	0
5147	0
5148	1
5149	2
5150	1
5151	1
5152	0
5153	2
5154	0
5155	2
5156	0
5157	0
5158	0
5159	1
5160	0
5161	1
5162	0
5163	0
5164	0
5165	1
5166	0
5167	1
5168	1
5169	1
5170	0
5171	1
5172	2
5173	0
5174	0
5175	0
5176	1
5177	1
5178	0
5179	0
5180	0
5181	2
5182	2
5183	0
5184	1
5185	2
5186	1
5187	1
5188	2
5189	1
5190	3
5191	0
5192	1
5193	0
5194	0
5195	1
5196	0
5197	1
5198	3
5199	3
5200	1
5201	0
5202	0
5203	2
5204	0
5205	0
5206	0
5207	0
5208	2
5209	0
5210	0
5211	1
5212	1
5213	2
5214	0
5215	0
5216	2
5217	1
5218	0
5219	2
5220	0
5221	0
5222	0
5223	0
5224	0
5225	0
5226	0
5227	2
5228	0
5229	0
5230	0
5231	1
5232	0
5233	2
5234	2
5235	2
5236	0
5237	0
5238	0
5239	2
5240	0
5241	1
5242	1
5243	1
5244	2
5245	0
5246	0
5247	0
5248	0
5249	3
5250	0
5251	2
5252	0
5253	0
5254	1
5255	0
5256	0
5257	3
5258	1
5259	2
5260	1
5261	1
5262	0
5263	0
5264	1
5265	1
5266	0
5267	1
5268	1
5269	0
5270	0
5271	1
5272	0
5273	1
5274	1
5275	0
5276	1
5277	1
5278	2
5279	1
5280	0
5281	0
5282	0
5283	1
5284	2
5285	1
5286	0
5287	1
5288	0
5289	2
5290	1
5291	1
5292	0
5293	1
5294	2
5295	0
5296	1
5297	0
5298	2
5299	2
5300	2
5301	1
5302	1
5303	0
5304	1
5305	0
5306	1
5307	0
5308	1
5309	1
5310	0
5311	1
5312	1
5313	0
5314	0
5315	0
5316	1
5317	0
5318	0
5319	1
5320	0
5321	0
5322	1
5323	0
5324	1
5325	0
5326	1
5327	0
5328	1
5329	1
5330	1
5331	2
5332	0
5333	1
5334	1
5335	0
5336	1
5337	1
5338	0
5339	2
5340	0
5341	0
5342	0
5343	0
5344	2
5345	2
5346	0
5347	2
5348	0
5349	0
5350	0
5351	0
5352	1
5353	2
5354	2
5355	0
5356	0
5357	1
5358	1
5359	0
5360	0
5361	0
5362	0
5363	0
5364	1
5365	0
5366	0
5367	0
5368	1
5369	2
5370	0
5371	0
5372	0
5373	1
5374	1
5375	2
5376	0
5377	1
5378	1
5379	0
5380	1
5381	1
5382	1
5383	2
5384	1
5385	0
5386	1
5387	3
5388	0
5389	0
5390	1
5391	1
5392	0
5393	1
5394	1
5395	1
5396	1
5397	1
5398	2
5399	0
5400	1
5401	0
5402	0
5403	0
5404	0
5405	0
5406	0
5407	0
5408	0
5409	2
5410	0
5411	0
5412	2
5413	1
5414	0
5415	1
5416	1
5417	0
5418	2
5419	0
5420	2
5421	0
5422	2
5423	0
5424	0
5425	1
5426	1
5427	1
5428	2
5429	0
5430	1
5431	0
5432	1
5433	0
5434	1
5435	3
5436	0
5437	0
5438	2
5439	3
5440	1
5441	1
5442	0
5443	1
5444	0
5445	1
5446	1
5447	1
5448	3
5449	0
5450	2
5451	1
5452	2
5453	1
5454	0
5455	0
5456	2
5457	1
5458	2
5459	0
5460	1
5461	1
5462	0
5463	1
5464	2
5465	1
5466	0
5467	1
5468	0
5469	2
5470	3
5471	2
5472	0
5473	0
5474	0
5475	0
5476	0
5477	0
5478	0
5479	0
5480	0
5481	0
5482	2
5483	1
5484	1
5485	3
5486	1
5487	1
5488	0
5489	1
5490	2
5491	3
5492	0
5493	0
5494	1
5495	0
5496	1
5497	1
5498	2
5499	1
5500	0
5501	0
5502	2
5503	1
5504	0
5505	0
5506	2
5507	2
5508	3
5509	1
5510	0
5511	1
5512	2
5513	0
5514	3
5515	1
5516	0
5517	0
5518	1
5519	2
5520	2
5521	2
5522	0
5523	4
5524	5
5525	1
5526	0
5527	0
5528	3
5529	2
5530	0
5531	1
5532	1
5533	1
5534	1
5535	1
5536	1
5537	0
5538	0
5539	0
5540	0
5541	0
5542	1
5543	0
5544	1
5545	1
5546	2
5547	2
5548	0
5549	4
5550	3
5551	2
5552	0
5553	2
5554	0
5555	0
5556	1
5557	1
5558	1
5559	1
5560	0
5561	0
5562	1
5563	1
5564	1
5565	0
5566	1
5567	2
5568	0
5569	0
5570	0
5571	0
5572	1
5573	0
5574	1
5575	2
5576	0
5577	1
5578	0
5579	1
5580	0
5581	1
5582	0
5583	4
5584	0
5585	1
5586	2
5587	1
5588	0
5589	1
5590	2
5591	1
5592	1
5593	0
5594	2
5595	0
5596	3
5597	0
5598	1
5599	0
5600	1
5601	1
5602	0
5603	0
5604	0
5605	2
5606	2
5607	0
5608	0
5609	2
5610	1
5611	1
5612	0
5613	1
5614	1
5615	0
5616	0
5617	0
5618	0
5619	0
5620	1
5621	0
5622	0
5623	2
5624	1
5625	1
5626	1
5627	1
5628	1
5629	1
5630	1
5631	1
5632	3
5633	2
5634	1
5635	3
5636	1
5637	3
5638	0
5639	1
5640	0
5641	0
5642	1
5643	0
5644	1
5645	0
5646	0
5647	2
5648	1
5649	0
5650	1
5651	2
5652	2
5653	1
5654	1
5655	1
5656	1
5657	1
5658	0
5659	3
5660	2
5661	0
5662	1
5663	0
5664	1
5665	2
5666	1
5667	0
5668	1
5669	2
5670	1
5671	2
5672	1
5673	1
5674	2
5675	2
5676	2
5677	3
5678	3
5679	3
5680	3
5681	0
5682	1
5683	0
5684	2
5685	0
5686	0
5687	1
5688	2
5689	1
5690	0
5691	0
5692	2
5693	0
5694	1
5695	0
5696	0
5697	0
5698	2
5699	0
5700	1
5701	1
5702	0
5703	1
5704	1
5705	0
5706	0
5707	0
5708	0
5709	1
5710	1
5711	0
5712	0
5713	1
5714	1
5715	1
5716	1
5717	0
5718	1
5719	1
5720	1
5721	0
5722	1
5723	1
5724	1
5725	1
5726	1
5727	2
5728	3
5729	1
5730	2
5731	0
5732	3
5733	1
5734	2
5735	0
5736	0
5737	1
5738	0
5739	0
5740	2
5741	1
5742	0
5743	0
5744	2
5745	1
5746	0
5747	3
5748	2
5749	2
5750	1
5751	0
5752	0
5753	1
5754	1
5755	0
5756	2
5757	1
5758	0
5759	1
5760	1
5761	2
5762	1
5763	1
5764	0
5765	3
5766	0
5767	0
5768	0
5769	2
5770	0
5771	0
5772	0
5773	2
5774	0
5775	1
5776	2
5777	1
5778	1
5779	0
5780	0
5781	0
5782	2
5783	0
5784	0
5785	1
5786	0
5787	0
5788	0
5789	2
5790	2
5791	0
5792	1
5793	0
5794	0
5795	0
5796	0
5797	0
5798	1
5799	2
5800	0
5801	1
5802	0
5803	0
5804	0
5805	1
5806	2
5807	0
5808	0
5809	0
5810	0
5811	0
5812	2
5813	0
5814	0
5815	0
5816	1
5817	0
5818	1
5819	1
5820	0
5821	0
5822	0
5823	0
5824	1
5825	2
5826	0
5827	1
5828	0
5829	0
5830	1
5831	1
5832	1
5833	0
5834	1
5835	0
5836	0
5837	0
5838	2
5839	0
5840	0
5841	1
5842	0
5843	0
5844	0
5845	0
5846	0
5847	1
5848	0
5849	0
5850	0
5851	1
5852	0
5853	0
5854	0
5855	1
5856	1
5857	0
5858	1
5859	0
5860	0
5861	0
5862	1
5863	1
5864	0
5865	0
5866	1
5867	0
5868	0
5869	0
5870	0
5871	0
5872	0
5873	1
5874	0
5875	1
5876	1
5877	1
5878	0
5879	0
5880	0
5881	0
5882	0
5883	2
5884	0
5885	2
5886	0
5887	0
5888	0
5889	0
5890	1
5891	0
5892	1
5893	0
5894	1
5895	0
5896	1
5897	1
5898	0
5899	0
5900	0
5901	1
5902	0
5903	0
5904	0
5905	0
5906	0
5907	0
5908	0
5909	0
5910	2
5911	0
5912	0
5913	0
5914	2
5915	0
5916	0
5917	0
5918	1
5919	2
5920	0
5921	0
5922	1
5923	1
5924	1
5925	1
5926	0
5927	0
5928	0
5929	0
5930	0
5931	0
5932	0
5933	1
5934	0
5935	0
5936	0
5937	0
5938	0
5939	0
5940	0
5941	0
5942	0
5943	1
5944	0
5945	0
5946	0
5947	0
5948	0
5949	0
5950	1
5951	0
5952	0
5953	0
5954	0
5955	0
5956	0
5957	0
5958	0
5959	1
5960	1
5961	0
5962	0
5963	0
5964	0
5965	0
5966	0
5967	1
5968	0
5969	1
5970	1
5971	2
5972	0
5973	0
5974	0
5975	0
5976	0
5977	1
5978	1
5979	0
5980	0
5981	0
5982	0
5983	0
5984	0
5985	2
5986	0
5987	0
5988	1
5989	1
5990	1
5991	1
5992	0
5993	0
5994	0
5995	0
5996	0
5997	0
5998	0
5999	0
6000	0
6001	0
6002	0
6003	1
6004	2
6005	0
6006	0
6007	0
6008	0
6009	0
6010	0
6011	0
6012	0
6013	0
6014	0
6015	0
6016	0
6017	0
6018	0
6019	0
6020	0
6021	1
6022	1
6023	0
6024	1
6025	1
6026	1
6027	1
6028	0
6029	0
6030	0
6031	0
6032	0
6033	0
6034	0
6035	0
6036	0
6037	2
6038	0
6039	1
6040	1
6041	0
6042	0
6043	0
6044	0
6045	0
6046	0
6047	0
6048	1
6049	0
6050	0
6051	1
6052	0
6053	1
6054	0
6055	0
6056	0
6057	0
6058	0
6059	1
6060	0
6061	0
6062	0
6063	1
6064	0
6065	0
6066	0
6067	1
6068	0
6069	0
6070	0
6071	0
6072	0
6073	0
6074	1
6075	0
6076	0
6077	0
6078	0
6079	1
6080	0
6081	0
6082	0
6083	1
6084	0
6085	0
6086	0
6087	0
6088	0
6089	1
6090	0
6091	0
6092	0
6093	1
6094	0
6095	0
6096	0
6097	0
6098	1
6099	0
6100	0
6101	0
6102	1
6103	1
6104	0
6105	0
6106	1
6107	1
6108	1
6109	0
6110	1
6111	0
6112	0
6113	0
6114	0
6115	0
6116	0
6117	0
6118	0
6119	0
6120	0
6121	0
6122	0
6123	0
6124	0
6125	0
6126	0
6127	1
6128	1
6129	0
6130	0
6131	0
6132	0
6133	0
6134	0
6135	1
6136	2
6137	0
6138	0
6139	0
6140	0
6141	1
6142	0
6143	0
6144	0
6145	1
6146	0
6147	0
6148	0
6149	0
6150	0
6151	1
6152	0
6153	1
6154	0
6155	0
6156	0
6157	0
6158	0
6159	1
6160	0
6161	0
6162	0
6163	0
6164	0
6165	0
6166	1
6167	0
6168	1
6169	0
6170	0
6171	0
6172	0
6173	0
6174	0
6175	2
6176	0
6177	0
6178	0
6179	2
6180	1
6181	0
6182	0
6183	0
6184	0
6185	0
6186	0
6187	0
6188	0
6189	0
6190	2
6191	0
6192	1
6193	0
6194	0
6195	1
6196	0
6197	0
6198	0
6199	0
6200	0
6201	0
6202	0
6203	0
6204	1
6205	1
6206	0
6207	0
6208	0
6209	1
6210	0
6211	0
6212	0
6213	1
6214	0
6215	0
6216	0
6217	0
6218	1
6219	0
6220	0
6221	0
6222	0
6223	0
6224	0
6225	0
6226	0
6227	0
6228	0
6229	0
6230	0
6231	0
6232	0
6233	0
6234	2
6235	0
6236	0
6237	0
6238	0
6239	0
6240	0
6241	0
6242	1
6243	1
6244	0
6245	0
6246	2
6247	0
6248	0
6249	0
6250	0
6251	0
6252	0
6253	0
6254	0
6255	0
6256	0
6257	1
6258	1
6259	1
6260	1
6261	0
6262	0
6263	0
6264	0
6265	0
6266	0
6267	0
6268	0
6269	0
6270	0
6271	0
6272	0
6273	0
6274	0
6275	0
6276	0
6277	0
6278	0
6279	0
6280	0
6281	2
6282	0
6283	1
6284	0
6285	0
6286	0
6287	1
6288	1
6289	1
6290	0
6291	1
6292	0
6293	2
6294	0
6295	0
6296	1
6297	0
6298	1
6299	1
6300	0
6301	1
6302	0
6303	0
6304	1
6305	0
6306	0
6307	0
6308	0
6309	0
6310	0
6311	0
6312	0
6313	0
6314	0
6315	0
6316	0
6317	0
6318	0
6319	0
6320	0
6321	0
6322	0
6323	0
6324	0
6325	1
6326	0
6327	0
6328	0
6329	0
6330	0
6331	0
6332	0
6333	0
6334	0
6335	0
6336	0
6337	0
6338	0
6339	1
6340	0
6341	0
6342	0
6343	0
6344	0
6345	0
6346	0
6347	1
6348	1
6349	0
6350	0
6351	0
6352	1
6353	0
6354	0
6355	1
6356	0
6357	0
6358	0
6359	1
6360	0
6361	0
6362	0
6363	0
6364	0
6365	0
6366	0
6367	0
6368	0
6369	0
6370	0
6371	0
6372	0
6373	0
6374	0
6375	0
6376	0
6377	0
6378	0
6379	0
6380	1
6381	0
6382	0
6383	0
6384	2
6385	0
6386	0
6387	0
6388	0
6389	0
6390	2
6391	0
6392	0
6393	2
6394	0
6395	0
6396	1
6397	1
6398	1
6399	0
6400	0
6401	1
6402	1
6403	0
6404	0
6405	0
6406	0
6407	1
6408	0
6409	0
6410	0
6411	0
6412	1
6413	1
6414	1
6415	1
6416	1
6417	0
6418	1
6419	0
6420	2
6421	0
6422	0
6423	1
6424	0
6425	2
6426	0
6427	0
6428	0
6429	0
6430	0
6431	0
6432	0
6433	1
6434	1
6435	0
6436	0
6437	0
6438	1
6439	1
6440	0
6441	0
6442	1
6443	0
6444	1
6445	0
6446	0
6447	0
6448	1
6449	1
6450	0
6451	0
6452	0
6453	0
6454	0
6455	0
6456	0
6457	1
6458	0
6459	0
6460	0
6461	1
6462	0
6463	1
6464	0
6465	2
6466	0
6467	2
6468	2
6469	1
6470	0
6471	1
6472	1
6473	1
6474	1
6475	0
6476	0
6477	1
6478	0
6479	2
6480	0
6481	1
6482	0
6483	0
6484	0
6485	0
6486	0
6487	0
6488	1
6489	0
6490	0
6491	1
6492	1
6493	0
6494	1
6495	1
6496	0
6497	1
6498	0
6499	0
6500	0
6501	0
6502	0
6503	0
6504	0
6505	0
6506	0
6507	0
6508	1
6509	0
6510	0
6511	0
6512	0
6513	2
6514	0
6515	0
6516	0
6517	0
6518	0
6519	0
6520	0
6521	0
6522	0
6523	0
6524	1
6525	1
6526	0
6527	0
6528	1
6529	0
6530	0
6531	1
6532	0
6533	1
6534	1
6535	0
6536	0
6537	1
6538	2
6539	0
6540	1
6541	0
6542	2
6543	0
6544	1
6545	0
6546	0
6547	1
6548	0
6549	0
6550	0
6551	0
6552	0
6553	1
6554	0
6555	0
6556	0
6557	1
6558	1
6559	0
6560	0
6561	0
6562	0
6563	0
6564	0
6565	0
6566	1
6567	0
6568	0
6569	1
6570	1
6571	0
6572	0
6573	1
6574	0
6575	1
6576	0
6577	2
6578	0
6579	2
6580	0
6581	1
6582	0
6583	0
6584	0
6585	2
6586	0
6587	0
6588	0
6589	1
6590	0
6591	0
6592	0
6593	1
6594	0
6595	1
6596	0
6597	1
6598	0
6599	0
6600	0
6601	0
6602	0
6603	1
6604	1
6605	2
6606	0
6607	0
6608	0
6609	2
6610	1
6611	0
6612	0
6613	0
6614	1
6615	0
6616	1
6617	0
6618	0
6619	0
6620	1
6621	0
6622	0
6623	1
6624	1
6625	1
6626	0
6627	0
6628	2
6629	0
6630	1
6631	1
6632	0
6633	0
6634	0
6635	2
6636	0
6637	0
6638	0
6639	0
6640	0
6641	0
6642	0
6643	1
6644	0
6645	1
6646	0
6647	1
6648	0
6649	0
6650	2
6651	1
6652	1
6653	1
6654	0
6655	2
6656	0
6657	0
6658	0
6659	1
6660	1
6661	0
6662	0
6663	0
6664	0
6665	0
6666	0
6667	0
6668	0
6669	0
6670	0
6671	0
6672	0
6673	0
6674	0
6675	0
6676	0
6677	0
6678	1
6679	2
6680	0
6681	0
6682	1
6683	0
6684	0
6685	0
6686	0
6687	0
6688	0
6689	2
6690	1
6691	0
6692	2
6693	0
6694	2
6695	0
6696	0
6697	2
6698	0
6699	0
6700	0
6701	1
6702	0
6703	0
6704	0
6705	0
6706	0
6707	0
6708	0
6709	0
6710	1
6711	0
6712	0
6713	0
6714	0
6715	0
6716	2
6717	0
6718	0
6719	0
6720	1
6721	0
6722	0
6723	1
6724	0
6725	0
6726	0
6727	0
6728	0
6729	0
6730	0
6731	0
6732	0
6733	1
6734	0
6735	0
6736	1
6737	0
6738	1
6739	0
6740	0
6741	0
6742	0
6743	0
6744	0
6745	1
6746	0
6747	1
6748	0
6749	1
6750	0
6751	0
6752	0
6753	1
6754	0
6755	1
6756	0
6757	0
6758	1
6759	0
6760	0
6761	0
6762	0
6763	0
6764	0
6765	0
6766	0
6767	0
6768	1
6769	0
6770	0
6771	0
6772	0
6773	0
6774	0
6775	1
6776	0
6777	1
6778	1
6779	1
6780	1
6781	1
6782	0
6783	0
6784	0
6785	0
6786	0
6787	0
6788	0
6789	1
6790	0
6791	1
6792	1
6793	2
6794	0
6795	0
6796	0
6797	0
6798	0
6799	0
6800	1
6801	0
6802	0
6803	0
6804	0
6805	1
6806	1
6807	0
6808	0
6809	2
6810	0
6811	0
6812	0
6813	0
6814	0
6815	0
6816	2
6817	0
6818	0
6819	0
6820	1
6821	0
6822	0
6823	0
6824	0
6825	1
6826	0
6827	0
6828	0
6829	0
6830	0
6831	0
6832	2
6833	0
6834	3
6835	0
6836	0
6837	0
6838	0
6839	0
6840	0
6841	0
6842	1
6843	0
6844	0
6845	0
6846	1
6847	1
6848	0
6849	0
6850	0
6851	0
6852	0
6853	0
6854	0
6855	0
6856	0
6857	0
6858	0
6859	2
6860	1
6861	0
6862	1
6863	1
6864	0
6865	0
6866	0
6867	0
6868	0
6869	1
6870	0
6871	1
6872	0
6873	0
6874	0
6875	0
6876	0
6877	1
6878	0
6879	0
6880	0
6881	1
6882	0
6883	1
6884	0
6885	0
6886	0
6887	3
6888	0
6889	2
6890	0
6891	1
6892	0
6893	0
6894	0
6895	0
6896	0
6897	0
6898	0
6899	0
6900	0
6901	0
6902	1
6903	0
6904	1
6905	0
6906	0
6907	0
6908	1
6909	0
6910	0
6911	2
6912	0
6913	0
6914	0
6915	0
6916	0
6917	1
6918	0
6919	0
6920	2
6921	0
6922	0
6923	0
6924	0
6925	0
6926	0
6927	0
6928	0
6929	0
6930	0
6931	0
6932	0
6933	0
6934	2
6935	0
6936	1
6937	0
6938	0
6939	1
6940	1
6941	1
6942	0
6943	0
6944	0
6945	0
6946	0
6947	0
6948	0
6949	0
6950	1
6951	0
6952	0
6953	0
6954	1
6955	0
6956	0
6957	1
6958	0
6959	1
6960	1
6961	1
6962	0
6963	0
6964	0
6965	1
6966	0
6967	0
6968	1
6969	0
6970	1
6971	0
6972	0
6973	0
6974	0
6975	0
6976	0
6977	0
6978	0
6979	0
6980	0
6981	0
6982	0
6983	0
6984	0
6985	0
6986	0
6987	0
6988	2
6989	0
6990	0
6991	0
6992	0
6993	0
6994	0
6995	0
6996	0
6997	0
6998	1
6999	1
7000	0
7001	0
7002	1
7003	0
7004	1
7005	0
7006	0
7007	0
7008	0
7009	0
7010	0
7011	0
7012	1
7013	1
7014	0
7015	0
7016	0
7017	0
7018	0
7019	0
7020	0
7021	0
7022	0
7023	0
7024	0
7025	1
7026	1
7027	0
7028	0
7029	0
7030	1
7031	0
7032	0
7033	0
7034	0
7035	0
7036	0
7037	0
7038	0
7039	0
7040	0
7041	1
7042	0
7043	0
7044	0
7045	0
7046	1
7047	1
7048	0
7049	0
7050	0
7051	0
7052	0
7053	0
7054	0
7055	0
7056	0
7057	0
7058	1
7059	2
7060	0
7061	0
7062	0
7063	0
7064	0
7065	0
7066	1
7067	1
7068	0
7069	0
7070	0
7071	0
7072	0
7073	0
7074	2
7075	1
7076	1
7077	1
7078	0
7079	0
7080	0
7081	0
7082	0
7083	0
7084	1
7085	0
7086	2
7087	0
7088	1
7089	0
7090	0
7091	0
7092	0
7093	0
7094	0
7095	0
7096	0
7097	1
7098	0
7099	0
7100	0
7101	0
7102	0
7103	0
7104	0
7105	0
7106	0
7107	1
7108	0
7109	1
7110	0
7111	0
7112	0
7113	0
7114	0
7115	0
7116	0
7117	0
7118	0
7119	0
7120	1
7121	1
7122	0
7123	0
7124	0
7125	1
7126	0
7127	0
7128	1
7129	1
7130	0
7131	0
7132	0
7133	0
7134	0
7135	0
7136	0
7137	0
7138	0
7139	0
7140	0
7141	0
7142	1
7143	0
7144	0
7145	0
7146	2
7147	0
7148	0
7149	0
7150	0
7151	0
7152	1
7153	0
7154	0
7155	1
7156	2
7157	1
7158	0
7159	0
7160	0
7161	1
7162	0
7163	1
7164	0
7165	0
7166	0
7167	0
7168	1
7169	0
7170	0
7171	0
7172	0
7173	0
7174	0
7175	0
7176	0
7177	0
7178	1
7179	0
7180	0
7181	0
7182	0
7183	0
7184	0
7185	0
7186	0
7187	0
7188	0
7189	0
7190	0
7191	0
7192	0
7193	0
7194	0
7195	0
7196	0
7197	1
7198	1
7199	0
7200	2
7201	0
7202	0
7203	0
7204	1
7205	0
7206	0
7207	0
7208	0
7209	0
7210	0
7211	1
7212	0
7213	0
7214	0
7215	0
7216	1
7217	0
7218	0
7219	0
7220	0
7221	1
7222	1
7223	0
7224	0
7225	0
7226	0
7227	0
7228	0
7229	0
7230	0
7231	1
7232	0
7233	0
7234	0
7235	0
7236	1
7237	0
7238	0
7239	0
7240	0
7241	0
7242	1
7243	0
7244	0
7245	1
7246	0
7247	0
7248	0
7249	0
7250	0
7251	0
7252	0
7253	0
7254	0
7255	0
7256	1
7257	0
7258	0
7259	0
7260	2
7261	1
7262	0
7263	0
7264	1
7265	0
7266	0
7267	0
7268	0
7269	0
7270	0
7271	0
7272	0
7273	0
7274	0
7275	0
7276	0
7277	1
7278	0
7279	0
7280	0
7281	0
7282	0
7283	0
7284	1
7285	0
7286	0
7287	1
7288	0
7289	0
7290	0
7291	0
7292	0
7293	0
7294	0
7295	0
7296	0
7297	1
7298	0
7299	0
7300	1
7301	0
7302	0
7303	0
7304	0
7305	0
7306	0
7307	1
7308	0
7309	0
7310	1
7311	0
7312	0
7313	1
7314	0
7315	1
7316	2
7317	0
7318	1
7319	0
7320	0
7321	0
7322	0
7323	0
7324	0
7325	0
7326	0
7327	0
7328	0
7329	0
7330	0
7331	0
7332	0
7333	0
7334	1
7335	0
7336	0
7337	0
7338	0
7339	0
7340	0
7341	0
7342	0
7343	0
7344	1
7345	0
7346	0
7347	1
7348	0
7349	0
7350	1
7351	0
7352	0
7353	0
7354	0
7355	0
7356	0
7357	0
7358	0
7359	0
7360	0
7361	1
7362	0
7363	0
7364	0
7365	1
7366	1
7367	1
7368	0
7369	0
7370	0
7371	0
7372	0
7373	1
7374	0
7375	0
7376	0
7377	0
7378	1
7379	1
7380	0
7381	0
7382	0
7383	0
7384	0
7385	0
7386	0
7387	0
7388	0
7389	0
7390	0
7391	0
7392	0
7393	0
7394	0
7395	1
7396	0
7397	0
7398	0
7399	0
7400	0
7401	0
7402	0
7403	0
7404	0
7405	0
7406	0
7407	0
7408	0
7409	0
7410	0
7411	0
7412	0
7413	0
7414	0
7415	0
7416	0
7417	0
7418	0
7419	0
7420	0
7421	0
7422	1
7423	0
7424	0
7425	0
7426	0
7427	0
7428	0
7429	0
7430	1
7431	0
7432	0
7433	1
7434	0
7435	1
7436	0
7437	0
7438	0
7439	1
7440	0
7441	0
7442	1
7443	0
7444	0
7445	0
7446	0
7447	0
7448	0
7449	0
7450	0
7451	0
7452	2
7453	1
7454	0
7455	0
7456	0
7457	0
7458	0
7459	0
7460	0
7461	0
7462	0
7463	0
7464	0
7465	0
7466	0
7467	1
7468	0
7469	0
7470	0
7471	0
7472	0
7473	0
7474	0
7475	1
7476	0
7477	0
7478	0
7479	0
7480	0
7481	0
7482	0
7483	0
7484	0
7485	0
7486	1
7487	0
7488	1
7489	1
7490	0
7491	0
7492	0
7493	0
7494	0
7495	0
7496	0
7497	0
7498	2
7499	0
7500	0
7501	0
7502	0
7503	0
7504	0
7505	0
7506	0
7507	0
7508	0
7509	0
7510	0
7511	0
7512	0
7513	0
7514	0
7515	0
7516	0
7517	0
7518	0
7519	0
7520	0
7521	0
7522	0
7523	0
7524	1
7525	0
7526	0
7527	0
7528	0
7529	0
7530	1
7531	0
7532	0
7533	0
7534	0
7535	0
7536	0
7537	0
7538	0
7539	0
7540	0
7541	0
7542	0
7543	0
7544	0
7545	2
7546	0
7547	1
7548	0
7549	0
7550	0
7551	0
7552	0
7553	0
7554	0
7555	0
7556	1
7557	0
7558	0
7559	0
7560	0
7561	0
7562	0
7563	0
7564	0
7565	0
7566	1
7567	0
7568	0
7569	1
7570	1
7571	0
7572	0
7573	0
7574	0
7575	0
7576	0
7577	1
7578	0
7579	0
7580	1
7581	0
7582	0
7583	1
7584	0
7585	1
7586	1
7587	0
7588	0
7589	0
7590	0
7591	0
7592	0
7593	0
7594	0
7595	0
7596	0
7597	0
7598	0
7599	0
7600	0
7601	0
7602	0
7603	0
7604	0
7605	0
7606	3
7607	0
7608	0
7609	0
7610	0
7611	0
7612	0
7613	0
7614	0
7615	0
7616	0
7617	0
7618	0
7619	0
7620	0
7621	0
7622	0
7623	0
7624	0
7625	0
7626	0
7627	0
7628	0
7629	0
7630	0
7631	1
7632	0
7633	1
7634	0
7635	0
7636	0
7637	0
7638	0
7639	0
7640	1
7641	0
7642	0
7643	1
7644	0
7645	0
7646	1
7647	0
7648	0
7649	0
7650	0
7651	0
7652	0
7653	0
7654	0
7655	2
7656	0
7657	0
7658	0
7659	0
7660	0
7661	0
7662	0
7663	0
7664	0
7665	0
7666	0
7667	0
7668	0
7669	0
7670	0
7671	0
7672	1
7673	1
7674	1
7675	0
7676	0
7677	0
7678	0
7679	0
7680	0
7681	0
7682	0
7683	0
7684	0
7685	0
7686	0
7687	0
7688	0
7689	0
7690	0
7691	1
7692	0
7693	0
7694	0
7695	0
7696	1
7697	0
7698	0
7699	0
7700	0
7701	0
7702	0
7703	0
7704	0
7705	0
7706	0
7707	0
7708	0
7709	1
7710	0
7711	0
7712	1
7713	0
7714	0
7715	0
7716	0
7717	0
7718	0
7719	0
7720	1
7721	0
7722	0
7723	0
7724	0
7725	2
7726	0
7727	0
7728	0
7729	0
7730	0
7731	0
7732	0
7733	0
7734	0
7735	0
7736	0
7737	0
7738	0
7739	0
7740	0
7741	0
7742	0
7743	0
7744	0
7745	0
7746	0
7747	1
7748	0
7749	0
7750	0
7751	1
7752	2
7753	0
7754	0
7755	0
7756	0
7757	0
7758	0
7759	0
7760	0
7761	0
7762	0
7763	0
7764	1
7765	0
7766	0
7767	0
7768	0
7769	0
7770	0
7771	0
7772	0
7773	0
7774	0
7775	1
7776	1
7777	0
7778	0
7779	0
7780	0
7781	0
7782	0
7783	1
7784	0
7785	0
7786	0
7787	1
7788	1
7789	0
7790	1
7791	0
7792	1
7793	0
7794	0
7795	0
7796	0
7797	0
7798	0
7799	0
7800	0
7801	0
7802	0
7803	0
7804	0
7805	0
7806	0
7807	0
7808	0
7809	1
7810	1
7811	0
7812	0
7813	0
7814	1
7815	1
7816	0
7817	0
7818	0
7819	1
7820	1
7821	0
7822	0
7823	0
7824	0
7825	0
7826	0
7827	0
7828	0
7829	0
7830	0
7831	0
7832	0
7833	0
7834	0
7835	0
7836	1
7837	0
7838	1
7839	0
7840	0
7841	0
7842	0
7843	0
7844	0
7845	1
7846	2
7847	1
7848	0
7849	1
7850	1
7851	1
7852	1
7853	1
7854	1
7855	0
7856	0
7857	0
7858	0
7859	0
7860	0
7861	0
7862	0
7863	0
7864	1
7865	0
7866	0
7867	0
7868	0
7869	0
7870	0
7871	1
7872	0
7873	0
7874	0
7875	0
7876	1
7877	0
7878	0
7879	0
7880	1
7881	1
7882	0
7883	0
7884	0
7885	0
7886	2
7887	1
7888	0
7889	0
7890	0
7891	0
7892	0
7893	2
7894	2
7895	0
7896	0
7897	1
7898	0
7899	0
7900	0
7901	0
7902	2
7903	0
7904	1
7905	1
7906	0
7907	1
7908	0
7909	1
7910	0
7911	0
7912	0
7913	0
7914	1
7915	0
7916	0
7917	1
7918	0
7919	0
7920	0
7921	0
7922	2
7923	2
7924	0
7925	0
7926	0
7927	1
7928	0
7929	1
7930	0
7931	0
7932	1
7933	0
7934	0
7935	1
7936	0
7937	0
7938	0
7939	0
7940	2
7941	1
7942	0
7943	0
7944	1
7945	0
7946	0
7947	0
7948	0
7949	0
7950	0
7951	2
7952	0
7953	0
7954	1
7955	0
7956	3
7957	0
7958	0
7959	0
7960	0
7961	0
7962	0
7963	2
7964	0
7965	0
7966	0
7967	0
7968	2
7969	0
7970	0
7971	0
7972	1
7973	0
7974	0
7975	0
7976	0
7977	0
7978	0
7979	0
7980	2
7981	0
7982	2
7983	0
7984	0
7985	0
7986	1
7987	1
7988	1
7989	0
7990	2
7991	2
7992	1
7993	0
7994	0
7995	0
7996	0
7997	0
7998	1
7999	0
8000	0
8001	1
8002	0
8003	0
8004	0
8005	2
8006	0
8007	2
8008	1
8009	2
8010	0
8011	0
8012	1
8013	0
8014	0
8015	0
8016	0
8017	0
8018	0
8019	0
8020	0
8021	0
8022	0
8023	0
8024	0
8025	0
8026	0
8027	0
8028	0
8029	0
8030	0
8031	0
8032	0
8033	0
8034	0
8035	0
8036	0
8037	0
8038	0
8039	0
8040	0
8041	0
8042	0
8043	0
8044	0
8045	0
8046	0
8047	0
8048	0
8049	0
8050	0
8051	0
8052	0
8053	0
8054	0
8055	0
8056	0
8057	0
8058	0
8059	0
8060	0
8061	0
8062	0
8063	0
8064	0
8065	0
8066	0
8067	0
8068	0
8069	0
8070	0
8071	0
8072	0
8073	0
8074	0
8075	0
8076	0
8077	0
8078	0
8079	0
8080	0
8081	0
8082	0
8083	0
8084	0
8085	0
8086	0
8087	0
8088	0
8089	0
8090	0
8091	0
8092	0
8093	0
8094	0
8095	0
8096	0
8097	0
8098	0
8099	0
8100	0
8101	0
8102	0
8103	0
8104	0
8105	0
8106	0
8107	0
8108	0
8109	0
8110	0
8111	0
8112	0
8113	0
8114	0
8115	0
8116	0
8117	0
8118	0
8119	0
8120	0
8121	0
8122	0
8123	0
8124	0
8125	0
8126	0
8127	0
8128	0
8129	0
8130	0
8131	0
8132	0
8133	0
8134	0
8135	0
8136	0
8137	0
8138	0
8139	0
8140	0
8141	0
8142	0
8143	0
8144	0
8145	0
8146	0
8147	0
8148	0
8149	0
8150	0
8151	0
8152	0
8153	0
8154	0
8155	0
8156	0
8157	0
8158	0
8159	0
8160	0
8161	0
8162	0
8163	0
8164	0
8165	0
8166	0
8167	0
8168	0
8169	0
8170	0
8171	0
8172	0
8173	0
8174	0
8175	0
8176	0
8177	0
8178	0
8179	0
8180	0
8181	0
8182	0
8183	0
8184	0
8185	0
8186	0
8187	0
8188	0
8189	0
8190	0
8191	0
