0	0
1	0
2	0
3	0
4	0
5	0
6	0
7	0
8	0
9	0
10	0
11	0
12	0
13	0
14	0
15	0
16	0
17	0
18	0
19	0
20	0
21	0
22	0
23	0
24	0
25	0
26	0
27	0
28	0
29	0
30	1
31	0
32	2
33	1
34	1
35	0
36	0
37	1
38	0
39	0
40	0
41	3
42	1
43	11
44	74
45	257
46	314
47	337
48	337
49	340
50	300
51	300
52	227
53	224
54	204
55	182
56	190
57	173
58	181
59	186
60	181
61	193
62	157
63	174
64	161
65	158
66	174
67	160
68	152
69	156
70	154
71	146
72	168
73	152
74	153
75	163
76	147
77	165
78	198
79	168
80	169
81	159
82	162
83	143
84	141
85	151
86	162
87	127
88	145
89	144
90	157
91	158
92	162
93	134
94	168
95	157
96	171
97	137
98	161
99	146
100	152
101	143
102	155
103	155
104	132
105	135
106	159
107	158
108	146
109	159
110	157
111	171
112	153
113	141
114	141
115	156
116	157
117	136
118	157
119	154
120	152
121	154
122	152
123	175
124	141
125	162
126	144
127	155
128	155
129	165
130	156
131	145
132	151
133	161
134	154
135	160
136	157
137	148
138	162
139	175
140	188
141	142
142	175
143	175
144	159
145	166
146	144
147	166
148	204
149	155
150	144
151	175
152	161
153	167
154	173
155	171
156	176
157	170
158	162
159	179
160	167
161	180
162	180
163	208
164	181
165	194
166	191
167	173
168	192
169	189
170	177
171	187
172	223
173	187
174	176
175	192
176	180
177	185
178	184
179	184
180	188
181	183
182	212
183	196
184	189
185	204
186	204
187	204
188	216
189	229
190	221
191	231
192	223
193	184
194	207
195	223
196	219
197	189
198	235
199	215
200	226
201	184
202	212
203	212
204	212
205	211
206	214
207	213
208	218
209	257
210	213
211	203
212	233
213	216
214	223
215	253
216	274
217	228
218	224
219	254
220	217
221	246
222	226
223	254
224	239
225	245
226	262
227	240
228	247
229	265
230	273
231	292
232	264
233	290
234	271
235	267
236	262
237	275
238	268
239	272
240	282
241	320
242	298
243	284
244	279
245	287
246	284
247	272
248	288
249	309
250	324
251	287
252	291
253	320
254	333
255	306
256	305
257	308
258	279
259	299
260	300
261	310
262	291
263	307
264	320
265	286
266	262
267	320
268	311
269	296
270	276
271	321
272	294
273	298
274	287
275	302
276	281
277	276
278	284
279	275
280	293
281	295
282	290
283	293
284	258
285	286
286	274
287	251
288	263
289	308
290	274
291	262
292	330
293	291
294	293
295	281
296	267
297	295
298	312
299	280
300	282
301	279
302	261
303	286
304	269
305	271
306	286
307	272
308	243
309	258
310	255
311	245
312	283
313	283
314	230
315	273
316	300
317	291
318	243
319	283
320	265
321	243
322	245
323	270
324	232
325	273
326	272
327	259
328	260
329	276
330	230
331	256
332	270
333	264
334	265
335	290
336	276
337	273
338	227
339	239
340	264
341	261
342	258
343	251
344	257
345	258
346	269
347	256
348	272
349	270
350	276
351	250
352	255
353	246
354	274
355	260
356	261
357	265
358	241
359	276
360	261
361	264
362	275
363	252
364	285
365	276
366	264
367	258
368	278
369	259
370	269
371	251
372	249
373	260
374	240
375	265
376	262
377	238
378	246
379	276
380	262
381	291
382	256
383	289
384	274
385	241
386	231
387	231
388	220
389	263
390	301
391	253
392	268
393	272
394	260
395	253
396	233
397	253
398	266
399	234
400	272
401	234
402	242
403	246
404	235
405	257
406	257
407	228
408	266
409	258
410	244
411	266
412	284
413	234
414	254
415	267
416	269
417	247
418	252
419	289
420	319
421	235
422	271
423	282
424	231
425	254
426	250
427	261
428	257
429	246
430	257
431	259
432	275
433	243
434	246
435	267
436	247
437	238
438	228
439	237
440	250
441	244
442	244
443	252
444	247
445	234
446	242
447	259
448	244
449	243
450	249
451	251
452	237
453	226
454	237
455	249
456	231
457	264
458	254
459	262
460	237
461	262
462	253
463	247
464	256
465	226
466	243
467	250
468	243
469	260
470	220
471	242
472	258
473	245
474	214
475	231
476	255
477	225
478	235
479	243
480	221
481	245
482	236
483	236
484	235
485	272
486	278
487	235
488	240
489	233
490	267
491	251
492	259
493	254
494	256
495	259
496	259
497	256
498	249
499	243
500	222
501	260
502	235
503	234
504	230
505	201
506	286
507	264
508	263
509	269
510	244
511	264
512	252
513	233
514	239
515	222
516	230
517	241
518	248
519	254
520	238
521	233
522	245
523	258
524	228
525	234
526	233
527	245
528	217
529	246
530	209
531	229
532	233
533	254
534	241
535	236
536	263
537	237
538	243
539	247
540	249
541	248
542	238
543	242
544	257
545	244
546	225
547	242
548	240
549	246
550	246
551	253
552	279
553	256
554	263
555	274
556	235
557	267
558	272
559	280
560	267
561	277
562	248
563	283
564	273
565	248
566	277
567	277
568	300
569	257
570	275
571	273
572	285
573	254
574	281
575	265
576	273
577	262
578	276
579	268
580	296
581	287
582	281
583	279
584	268
585	265
586	268
587	286
588	275
589	270
590	276
591	250
592	238
593	279
594	266
595	264
596	277
597	276
598	237
599	285
600	282
601	248
602	254
603	274
604	264
605	292
606	274
607	264
608	295
609	253
610	264
611	260
612	268
613	257
614	259
615	303
616	274
617	250
618	233
619	245
620	237
621	296
622	277
623	230
624	255
625	222
626	258
627	248
628	228
629	256
630	235
631	224
632	256
633	264
634	241
635	248
636	270
637	244
638	244
639	260
640	231
641	247
642	246
643	257
644	238
645	264
646	223
647	237
648	231
649	231
650	226
651	246
652	228
653	246
654	255
655	214
656	272
657	234
658	232
659	249
660	218
661	227
662	237
663	224
664	261
665	253
666	267
667	231
668	231
669	235
670	231
671	212
672	233
673	211
674	256
675	213
676	257
677	230
678	225
679	263
680	203
681	246
682	233
683	239
684	242
685	228
686	240
687	210
688	215
689	233
690	260
691	238
692	223
693	223
694	217
695	250
696	204
697	232
698	207
699	230
700	227
701	241
702	235
703	221
704	227
705	225
706	257
707	206
708	228
709	228
710	253
711	249
712	240
713	263
714	246
715	214
716	229
717	213
718	213
719	222
720	242
721	206
722	224
723	239
724	243
725	210
726	234
727	242
728	215
729	210
730	257
731	233
732	204
733	214
734	226
735	212
736	228
737	225
738	244
739	251
740	205
741	219
742	229
743	211
744	211
745	234
746	238
747	226
748	222
749	198
750	207
751	215
752	229
753	210
754	236
755	217
756	230
757	223
758	224
759	213
760	199
761	213
762	226
763	211
764	218
765	189
766	242
767	198
768	234
769	229
770	228
771	223
772	206
773	226
774	209
775	236
776	226
777	213
778	207
779	219
780	237
781	226
782	205
783	224
784	203
785	205
786	194
787	211
788	222
789	213
790	227
791	206
792	188
793	202
794	209
795	204
796	221
797	211
798	228
799	210
800	217
801	197
802	186
803	212
804	205
805	203
806	214
807	204
808	196
809	223
810	208
811	193
812	209
813	215
814	200
815	176
816	216
817	199
818	195
819	189
820	194
821	217
822	223
823	221
824	219
825	186
826	204
827	179
828	206
829	185
830	207
831	203
832	191
833	199
834	194
835	189
836	211
837	222
838	180
839	203
840	175
841	202
842	211
843	187
844	201
845	225
846	195
847	184
848	195
849	204
850	200
851	207
852	192
853	183
854	172
855	209
856	209
857	182
858	188
859	195
860	180
861	206
862	169
863	245
864	203
865	185
866	192
867	196
868	189
869	203
870	208
871	200
872	213
873	214
874	185
875	199
876	222
877	197
878	196
879	226
880	199
881	184
882	160
883	201
884	196
885	201
886	206
887	190
888	189
889	206
890	195
891	219
892	193
893	214
894	175
895	201
896	226
897	191
898	193
899	195
900	210
901	201
902	221
903	190
904	200
905	213
906	195
907	205
908	168
909	239
910	210
911	197
912	222
913	188
914	203
915	197
916	207
917	182
918	179
919	213
920	190
921	207
922	197
923	184
924	195
925	194
926	189
927	202
928	195
929	185
930	173
931	197
932	213
933	218
934	195
935	222
936	211
937	227
938	178
939	194
940	211
941	187
942	190
943	196
944	191
945	185
946	214
947	210
948	176
949	181
950	226
951	170
952	190
953	198
954	194
955	199
956	179
957	207
958	200
959	191
960	184
961	189
962	195
963	189
964	205
965	206
966	200
967	171
968	176
969	185
970	186
971	177
972	196
973	193
974	198
975	203
976	192
977	202
978	191
979	204
980	209
981	209
982	198
983	222
984	216
985	180
986	212
987	217
988	194
989	213
990	183
991	179
992	185
993	196
994	157
995	199
996	188
997	192
998	206
999	178
1000	213
1001	184
1002	209
1003	199
1004	210
1005	206
1006	214
1007	206
1008	193
1009	193
1010	175
1011	196
1012	180
1013	185
1014	191
1015	203
1016	195
1017	196
1018	185
1019	185
1020	166
1021	174
1022	173
1023	200
1024	194
1025	169
1026	181
1027	195
1028	187
1029	168
1030	189
1031	167
1032	184
1033	206
1034	147
1035	169
1036	177
1037	162
1038	168
1039	190
1040	185
1041	166
1042	147
1043	156
1044	159
1045	185
1046	180
1047	172
1048	167
1049	163
1050	148
1051	152
1052	139
1053	152
1054	162
1055	156
1056	126
1057	160
1058	150
1059	165
1060	146
1061	144
1062	142
1063	141
1064	163
1065	151
1066	157
1067	145
1068	145
1069	164
1070	143
1071	167
1072	142
1073	139
1074	148
1075	119
1076	163
1077	115
1078	149
1079	129
1080	121
1081	144
1082	123
1083	129
1084	120
1085	123
1086	135
1087	121
1088	138
1089	162
1090	128
1091	133
1092	131
1093	133
1094	129
1095	115
1096	138
1097	118
1098	130
1099	116
1100	123
1101	123
1102	118
1103	116
1104	129
1105	104
1106	115
1107	114
1108	108
1109	134
1110	116
1111	132
1112	111
1113	130
1114	123
1115	115
1116	94
1117	124
1118	110
1119	112
1120	100
1121	126
1122	106
1123	110
1124	104
1125	123
1126	128
1127	133
1128	102
1129	117
1130	103
1131	104
1132	116
1133	93
1134	118
1135	105
1136	105
1137	116
1138	88
1139	111
1140	103
1141	114
1142	102
1143	122
1144	112
1145	117
1146	134
1147	103
1148	96
1149	116
1150	129
1151	122
1152	104
1153	99
1154	101
1155	115
1156	96
1157	96
1158	111
1159	113
1160	120
1161	96
1162	99
1163	108
1164	103
1165	88
1166	114
1167	105
1168	104
1169	105
1170	96
1171	95
1172	87
1173	89
1174	123
1175	92
1176	101
1177	97
1178	107
1179	99
1180	116
1181	92
1182	98
1183	100
1184	105
1185	105
1186	110
1187	109
1188	84
1189	113
1190	102
1191	105
1192	93
1193	89
1194	81
1195	100
1196	86
1197	99
1198	95
1199	102
1200	98
1201	90
1202	90
1203	102
1204	92
1205	95
1206	109
1207	93
1208	103
1209	89
1210	105
1211	94
1212	100
1213	103
1214	80
1215	96
1216	92
1217	106
1218	96
1219	103
1220	100
1221	98
1222	89
1223	89
1224	104
1225	92
1226	109
1227	87
1228	124
1229	90
1230	94
1231	81
1232	95
1233	88
1234	99
1235	95
1236	109
1237	98
1238	97
1239	98
1240	111
1241	94
1242	115
1243	108
1244	98
1245	104
1246	68
1247	96
1248	91
1249	99
1250	88
1251	95
1252	96
1253	93
1254	105
1255	92
1256	103
1257	103
1258	100
1259	96
1260	94
1261	106
1262	104
1263	107
1264	109
1265	86
1266	88
1267	82
1268	110
1269	107
1270	99
1271	103
1272	108
1273	109
1274	93
1275	105
1276	76
1277	110
1278	92
1279	89
1280	94
1281	107
1282	76
1283	108
1284	104
1285	83
1286	98
1287	98
1288	106
1289	100
1290	84
1291	96
1292	109
1293	92
1294	110
1295	105
1296	99
1297	81
1298	101
1299	109
1300	114
1301	114
1302	124
1303	113
1304	84
1305	83
1306	102
1307	95
1308	94
1309	98
1310	103
1311	86
1312	110
1313	102
1314	117
1315	100
1316	109
1317	108
1318	108
1319	81
1320	101
1321	95
1322	96
1323	104
1324	90
1325	101
1326	129
1327	97
1328	106
1329	84
1330	94
1331	114
1332	121
1333	93
1334	99
1335	108
1336	101
1337	93
1338	89
1339	108
1340	99
1341	80
1342	108
1343	109
1344	92
1345	95
1346	106
1347	99
1348	96
1349	96
1350	106
1351	85
1352	104
1353	88
1354	95
1355	125
1356	92
1357	139
1358	109
1359	105
1360	94
1361	88
1362	108
1363	108
1364	86
1365	91
1366	91
1367	103
1368	103
1369	103
1370	98
1371	95
1372	82
1373	93
1374	97
1375	111
1376	101
1377	94
1378	109
1379	84
1380	109
1381	116
1382	111
1383	97
1384	117
1385	91
1386	91
1387	104
1388	99
1389	114
1390	97
1391	109
1392	100
1393	94
1394	113
1395	107
1396	103
1397	95
1398	102
1399	95
1400	96
1401	95
1402	93
1403	105
1404	110
1405	102
1406	108
1407	111
1408	108
1409	98
1410	121
1411	87
1412	116
1413	95
1414	111
1415	115
1416	101
1417	97
1418	106
1419	107
1420	99
1421	101
1422	120
1423	98
1424	110
1425	98
1426	97
1427	91
1428	121
1429	98
1430	102
1431	95
1432	92
1433	125
1434	96
1435	112
1436	108
1437	94
1438	120
1439	109
1440	99
1441	113
1442	97
1443	110
1444	109
1445	121
1446	103
1447	110
1448	120
1449	95
1450	115
1451	99
1452	101
1453	115
1454	99
1455	118
1456	113
1457	110
1458	109
1459	92
1460	119
1461	115
1462	112
1463	105
1464	119
1465	99
1466	108
1467	110
1468	104
1469	121
1470	115
1471	121
1472	114
1473	132
1474	127
1475	135
1476	125
1477	143
1478	127
1479	126
1480	138
1481	159
1482	134
1483	145
1484	154
1485	119
1486	141
1487	133
1488	156
1489	142
1490	121
1491	157
1492	174
1493	139
1494	187
1495	169
1496	155
1497	172
1498	188
1499	164
1500	201
1501	182
1502	187
1503	183
1504	198
1505	195
1506	195
1507	210
1508	224
1509	215
1510	224
1511	239
1512	216
1513	244
1514	218
1515	230
1516	271
1517	241
1518	263
1519	266
1520	250
1521	296
1522	280
1523	278
1524	339
1525	328
1526	311
1527	327
1528	364
1529	322
1530	340
1531	368
1532	402
1533	384
1534	366
1535	375
1536	377
1537	403
1538	396
1539	451
1540	397
1541	459
1542	481
1543	453
1544	447
1545	477
1546	540
1547	515
1548	488
1549	537
1550	539
1551	507
1552	571
1553	542
1554	547
1555	548
1556	628
1557	577
1558	602
1559	630
1560	617
1561	662
1562	643
1563	669
1564	690
1565	721
1566	723
1567	703
1568	754
1569	721
1570	760
1571	789
1572	754
1573	832
1574	824
1575	822
1576	862
1577	849
1578	899
1579	848
1580	914
1581	925
1582	893
1583	889
1584	943
1585	1011
1586	988
1587	951
1588	973
1589	975
1590	1006
1591	1042
1592	1056
1593	1035
1594	1075
1595	1105
1596	1065
1597	1043
1598	1165
1599	1128
1600	1132
1601	1185
1602	1211
1603	1156
1604	1167
1605	1236
1606	1177
1607	1201
1608	1194
1609	1255
1610	1168
1611	1253
1612	1291
1613	1279
1614	1316
1615	1313
1616	1326
1617	1284
1618	1287
1619	1284
1620	1365
1621	1287
1622	1352
1623	1306
1624	1325
1625	1352
1626	1261
1627	1340
1628	1340
1629	1291
1630	1400
1631	1346
1632	1354
1633	1356
1634	1428
1635	1309
1636	1450
1637	1335
1638	1361
1639	1410
1640	1382
1641	1325
1642	1318
1643	1432
1644	1272
1645	1299
1646	1280
1647	1297
1648	1328
1649	1288
1650	1341
1651	1208
1652	1277
1653	1320
1654	1307
1655	1254
1656	1242
1657	1222
1658	1271
1659	1238
1660	1229
1661	1143
1662	1196
1663	1177
1664	1251
1665	1140
1666	1164
1667	1210
1668	1176
1669	1117
1670	1095
1671	1085
1672	1077
1673	1050
1674	1032
1675	1024
1676	1078
1677	1016
1678	952
1679	983
1680	974
1681	942
1682	901
1683	909
1684	913
1685	880
1686	976
1687	880
1688	836
1689	880
1690	820
1691	849
1692	792
1693	766
1694	766
1695	732
1696	774
1697	721
1698	694
1699	646
1700	651
1701	665
1702	639
1703	632
1704	626
1705	596
1706	621
1707	570
1708	581
1709	556
1710	525
1711	568
1712	549
1713	507
1714	508
1715	454
1716	453
1717	462
1718	475
1719	467
1720	418
1721	398
1722	453
1723	382
1724	343
1725	352
1726	358
1727	360
1728	336
1729	347
1730	304
1731	335
1732	313
1733	302
1734	266
1735	267
1736	274
1737	266
1738	273
1739	276
1740	244
1741	211
1742	240
1743	212
1744	217
1745	213
1746	198
1747	194
1748	199
1749	194
1750	169
1751	186
1752	149
1753	137
1754	184
1755	135
1756	148
1757	159
1758	165
1759	131
1760	113
1761	147
1762	119
1763	121
1764	118
1765	112
1766	111
1767	109
1768	106
1769	110
1770	106
1771	97
1772	82
1773	93
1774	86
1775	94
1776	74
1777	69
1778	96
1779	74
1780	75
1781	66
1782	74
1783	71
1784	74
1785	75
1786	66
1787	57
1788	73
1789	64
1790	63
1791	54
1792	52
1793	64
1794	64
1795	58
1796	35
1797	59
1798	63
1799	52
1800	49
1801	60
1802	57
1803	50
1804	43
1805	56
1806	44
1807	58
1808	47
1809	58
1810	54
1811	66
1812	50
1813	64
1814	47
1815	49
1816	53
1817	50
1818	47
1819	50
1820	37
1821	47
1822	54
1823	37
1824	43
1825	49
1826	50
1827	34
1828	43
1829	50
1830	53
1831	40
1832	41
1833	51
1834	46
1835	45
1836	50
1837	40
1838	41
1839	40
1840	54
1841	47
1842	53
1843	48
1844	37
1845	53
1846	48
1847	45
1848	48
1849	50
1850	43
1851	44
1852	31
1853	49
1854	42
1855	50
1856	38
1857	46
1858	43
1859	44
1860	51
1861	49
1862	50
1863	43
1864	58
1865	50
1866	36
1867	30
1868	38
1869	34
1870	52
1871	49
1872	40
1873	37
1874	42
1875	51
1876	35
1877	44
1878	63
1879	49
1880	43
1881	43
1882	59
1883	56
1884	54
1885	49
1886	37
1887	35
1888	49
1889	53
1890	37
1891	40
1892	49
1893	31
1894	41
1895	49
1896	46
1897	48
1898	50
1899	42
1900	54
1901	45
1902	38
1903	46
1904	41
1905	39
1906	55
1907	49
1908	51
1909	47
1910	36
1911	37
1912	48
1913	38
1914	43
1915	45
1916	51
1917	35
1918	54
1919	47
1920	42
1921	52
1922	53
1923	47
1924	42
1925	50
1926	37
1927	26
1928	51
1929	41
1930	49
1931	41
1932	57
1933	40
1934	44
1935	29
1936	36
1937	56
1938	42
1939	42
1940	50
1941	46
1942	41
1943	50
1944	52
1945	38
1946	40
1947	63
1948	40
1949	37
1950	52
1951	33
1952	45
1953	53
1954	47
1955	41
1956	43
1957	48
1958	44
1959	39
1960	47
1961	42
1962	48
1963	32
1964	44
1965	38
1966	38
1967	43
1968	53
1969	41
1970	48
1971	47
1972	41
1973	44
1974	57
1975	46
1976	42
1977	50
1978	39
1979	27
1980	27
1981	59
1982	55
1983	52
1984	56
1985	48
1986	40
1987	57
1988	53
1989	42
1990	54
1991	33
1992	36
1993	49
1994	42
1995	40
1996	35
1997	47
1998	27
1999	34
2000	40
2001	34
2002	53
2003	39
2004	42
2005	26
2006	48
2007	53
2008	41
2009	37
2010	49
2011	60
2012	31
2013	42
2014	30
2015	48
2016	41
2017	46
2018	39
2019	36
2020	43
2021	52
2022	40
2023	37
2024	41
2025	39
2026	43
2027	40
2028	32
2029	38
2030	39
2031	47
2032	47
2033	32
2034	39
2035	34
2036	52
2037	50
2038	56
2039	45
2040	36
2041	41
2042	50
2043	53
2044	51
2045	48
2046	42
2047	29
2048	48
2049	52
2050	45
2051	50
2052	37
2053	62
2054	38
2055	44
2056	37
2057	53
2058	39
2059	40
2060	32
2061	41
2062	51
2063	37
2064	34
2065	43
2066	45
2067	38
2068	40
2069	40
2070	49
2071	49
2072	43
2073	42
2074	60
2075	52
2076	57
2077	44
2078	54
2079	40
2080	51
2081	47
2082	37
2083	52
2084	55
2085	39
2086	48
2087	41
2088	44
2089	42
2090	42
2091	56
2092	32
2093	37
2094	55
2095	32
2096	36
2097	41
2098	54
2099	46
2100	45
2101	39
2102	41
2103	47
2104	40
2105	33
2106	33
2107	51
2108	41
2109	41
2110	32
2111	34
2112	44
2113	38
2114	41
2115	55
2116	54
2117	44
2118	49
2119	44
2120	52
2121	47
2122	44
2123	49
2124	37
2125	41
2126	44
2127	43
2128	46
2129	50
2130	38
2131	45
2132	52
2133	42
2134	34
2135	35
2136	57
2137	54
2138	43
2139	38
2140	45
2141	47
2142	38
2143	39
2144	45
2145	34
2146	58
2147	49
2148	41
2149	39
2150	49
2151	31
2152	37
2153	45
2154	37
2155	50
2156	49
2157	31
2158	50
2159	30
2160	46
2161	38
2162	34
2163	41
2164	34
2165	42
2166	45
2167	61
2168	47
2169	32
2170	49
2171	57
2172	48
2173	40
2174	53
2175	38
2176	38
2177	43
2178	46
2179	39
2180	45
2181	41
2182	33
2183	52
2184	33
2185	42
2186	48
2187	41
2188	40
2189	54
2190	41
2191	31
2192	33
2193	55
2194	39
2195	51
2196	51
2197	41
2198	35
2199	50
2200	42
2201	43
2202	49
2203	36
2204	28
2205	41
2206	33
2207	39
2208	46
2209	43
2210	51
2211	47
2212	42
2213	51
2214	34
2215	45
2216	41
2217	35
2218	50
2219	54
2220	35
2221	45
2222	37
2223	30
2224	40
2225	36
2226	51
2227	35
2228	42
2229	44
2230	36
2231	42
2232	39
2233	32
2234	46
2235	52
2236	33
2237	50
2238	41
2239	35
2240	43
2241	62
2242	47
2243	39
2244	30
2245	49
2246	31
2247	44
2248	42
2249	36
2250	40
2251	42
2252	31
2253	35
2254	42
2255	36
2256	40
2257	44
2258	47
2259	34
2260	46
2261	47
2262	39
2263	48
2264	42
2265	35
2266	37
2267	30
2268	33
2269	35
2270	51
2271	39
2272	50
2273	33
2274	33
2275	37
2276	34
2277	39
2278	45
2279	35
2280	52
2281	41
2282	37
2283	43
2284	42
2285	34
2286	43
2287	31
2288	39
2289	48
2290	28
2291	45
2292	51
2293	44
2294	29
2295	46
2296	37
2297	41
2298	38
2299	42
2300	33
2301	41
2302	31
2303	38
2304	44
2305	48
2306	41
2307	37
2308	36
2309	39
2310	48
2311	37
2312	48
2313	45
2314	46
2315	46
2316	33
2317	39
2318	44
2319	38
2320	42
2321	57
2322	47
2323	43
2324	54
2325	51
2326	35
2327	50
2328	47
2329	43
2330	35
2331	42
2332	46
2333	43
2334	51
2335	41
2336	40
2337	48
2338	37
2339	44
2340	38
2341	40
2342	31
2343	45
2344	26
2345	40
2346	41
2347	35
2348	24
2349	50
2350	43
2351	42
2352	36
2353	34
2354	49
2355	39
2356	37
2357	46
2358	47
2359	46
2360	42
2361	43
2362	31
2363	34
2364	46
2365	39
2366	47
2367	50
2368	29
2369	46
2370	53
2371	44
2372	42
2373	40
2374	46
2375	47
2376	38
2377	31
2378	26
2379	43
2380	46
2381	47
2382	41
2383	51
2384	38
2385	29
2386	45
2387	47
2388	40
2389	42
2390	26
2391	43
2392	41
2393	30
2394	36
2395	32
2396	38
2397	34
2398	45
2399	48
2400	43
2401	31
2402	44
2403	47
2404	46
2405	48
2406	44
2407	44
2408	40
2409	38
2410	55
2411	40
2412	38
2413	41
2414	40
2415	45
2416	54
2417	43
2418	38
2419	34
2420	43
2421	43
2422	46
2423	33
2424	47
2425	46
2426	28
2427	44
2428	28
2429	44
2430	49
2431	44
2432	43
2433	36
2434	47
2435	35
2436	45
2437	46
2438	34
2439	42
2440	34
2441	42
2442	49
2443	39
2444	39
2445	35
2446	35
2447	40
2448	42
2449	39
2450	40
2451	41
2452	29
2453	35
2454	56
2455	40
2456	42
2457	45
2458	48
2459	36
2460	51
2461	44
2462	50
2463	42
2464	45
2465	44
2466	37
2467	29
2468	31
2469	37
2470	44
2471	31
2472	45
2473	37
2474	32
2475	40
2476	45
2477	39
2478	42
2479	29
2480	35
2481	34
2482	48
2483	34
2484	59
2485	40
2486	45
2487	49
2488	39
2489	33
2490	37
2491	40
2492	53
2493	50
2494	43
2495	37
2496	42
2497	50
2498	39
2499	46
2500	54
2501	37
2502	56
2503	52
2504	36
2505	37
2506	39
2507	42
2508	31
2509	48
2510	51
2511	50
2512	42
2513	53
2514	41
2515	49
2516	48
2517	49
2518	33
2519	42
2520	51
2521	38
2522	32
2523	39
2524	50
2525	50
2526	46
2527	42
2528	37
2529	33
2530	39
2531	35
2532	47
2533	39
2534	44
2535	35
2536	44
2537	38
2538	37
2539	41
2540	41
2541	40
2542	38
2543	40
2544	40
2545	52
2546	41
2547	58
2548	43
2549	41
2550	37
2551	56
2552	36
2553	42
2554	48
2555	39
2556	43
2557	45
2558	30
2559	43
2560	29
2561	48
2562	34
2563	40
2564	45
2565	38
2566	40
2567	36
2568	37
2569	36
2570	39
2571	42
2572	35
2573	47
2574	48
2575	51
2576	43
2577	34
2578	45
2579	42
2580	34
2581	38
2582	43
2583	43
2584	43
2585	28
2586	33
2587	47
2588	41
2589	42
2590	44
2591	32
2592	43
2593	52
2594	30
2595	42
2596	47
2597	50
2598	41
2599	33
2600	34
2601	39
2602	37
2603	42
2604	43
2605	41
2606	39
2607	33
2608	47
2609	39
2610	40
2611	43
2612	39
2613	48
2614	47
2615	38
2616	42
2617	53
2618	48
2619	32
2620	35
2621	40
2622	51
2623	37
2624	47
2625	32
2626	47
2627	37
2628	51
2629	34
2630	30
2631	36
2632	40
2633	33
2634	42
2635	50
2636	43
2637	42
2638	36
2639	49
2640	32
2641	52
2642	44
2643	37
2644	40
2645	45
2646	38
2647	40
2648	47
2649	49
2650	53
2651	36
2652	31
2653	37
2654	41
2655	41
2656	40
2657	34
2658	37
2659	37
2660	34
2661	43
2662	37
2663	36
2664	41
2665	43
2666	36
2667	37
2668	43
2669	48
2670	41
2671	41
2672	38
2673	33
2674	41
2675	34
2676	40
2677	39
2678	37
2679	40
2680	30
2681	31
2682	38
2683	40
2684	34
2685	41
2686	47
2687	34
2688	33
2689	39
2690	39
2691	43
2692	33
2693	51
2694	55
2695	39
2696	33
2697	34
2698	38
2699	41
2700	35
2701	42
2702	30
2703	34
2704	30
2705	40
2706	47
2707	34
2708	45
2709	41
2710	47
2711	40
2712	41
2713	43
2714	29
2715	36
2716	41
2717	41
2718	34
2719	44
2720	35
2721	43
2722	31
2723	35
2724	34
2725	44
2726	37
2727	41
2728	43
2729	31
2730	39
2731	46
2732	46
2733	38
2734	47
2735	43
2736	44
2737	44
2738	41
2739	36
2740	34
2741	44
2742	39
2743	46
2744	41
2745	43
2746	42
2747	39
2748	50
2749	38
2750	50
2751	34
2752	38
2753	51
2754	37
2755	47
2756	39
2757	54
2758	37
2759	46
2760	44
2761	45
2762	29
2763	44
2764	55
2765	42
2766	36
2767	38
2768	32
2769	45
2770	59
2771	45
2772	44
2773	59
2774	48
2775	37
2776	30
2777	38
2778	37
2779	41
2780	47
2781	49
2782	38
2783	36
2784	55
2785	42
2786	52
2787	42
2788	38
2789	32
2790	42
2791	38
2792	45
2793	36
2794	37
2795	34
2796	44
2797	38
2798	37
2799	40
2800	39
2801	42
2802	34
2803	25
2804	33
2805	38
2806	40
2807	34
2808	41
2809	42
2810	41
2811	49
2812	45
2813	40
2814	40
2815	50
2816	31
2817	37
2818	30
2819	35
2820	53
2821	52
2822	50
2823	39
2824	54
2825	41
2826	49
2827	47
2828	47
2829	51
2830	36
2831	41
2832	47
2833	44
2834	50
2835	45
2836	47
2837	54
2838	44
2839	52
2840	37
2841	39
2842	41
2843	45
2844	48
2845	41
2846	49
2847	38
2848	36
2849	45
2850	48
2851	54
2852	32
2853	48
2854	31
2855	50
2856	51
2857	41
2858	49
2859	39
2860	36
2861	58
2862	34
2863	45
2864	35
2865	41
2866	46
2867	34
2868	42
2869	41
2870	40
2871	47
2872	41
2873	36
2874	35
2875	47
2876	44
2877	43
2878	38
2879	49
2880	38
2881	51
2882	50
2883	38
2884	52
2885	39
2886	39
2887	39
2888	37
2889	50
2890	52
2891	47
2892	46
2893	49
2894	48
2895	45
2896	53
2897	31
2898	46
2899	44
2900	48
2901	39
2902	54
2903	45
2904	49
2905	38
2906	37
2907	49
2908	40
2909	38
2910	53
2911	35
2912	43
2913	41
2914	36
2915	57
2916	44
2917	42
2918	54
2919	65
2920	54
2921	35
2922	35
2923	50
2924	51
2925	38
2926	40
2927	30
2928	47
2929	34
2930	49
2931	50
2932	55
2933	41
2934	48
2935	45
2936	36
2937	54
2938	53
2939	52
2940	49
2941	44
2942	44
2943	34
2944	45
2945	53
2946	40
2947	38
2948	37
2949	51
2950	42
2951	27
2952	37
2953	48
2954	44
2955	48
2956	46
2957	36
2958	40
2959	49
2960	35
2961	43
2962	48
2963	52
2964	41
2965	57
2966	33
2967	51
2968	43
2969	44
2970	41
2971	32
2972	50
2973	48
2974	53
2975	52
2976	39
2977	45
2978	51
2979	32
2980	42
2981	54
2982	46
2983	37
2984	46
2985	64
2986	61
2987	40
2988	35
2989	51
2990	41
2991	47
2992	58
2993	47
2994	46
2995	40
2996	47
2997	40
2998	46
2999	46
3000	45
3001	45
3002	47
3003	38
3004	35
3005	42
3006	51
3007	48
3008	37
3009	36
3010	31
3011	40
3012	46
3013	41
3014	41
3015	51
3016	61
3017	45
3018	38
3019	29
3020	50
3021	39
3022	47
3023	53
3024	38
3025	43
3026	42
3027	43
3028	44
3029	42
3030	56
3031	48
3032	47
3033	44
3034	51
3035	55
3036	50
3037	37
3038	41
3039	51
3040	42
3041	46
3042	39
3043	43
3044	44
3045	47
3046	43
3047	31
3048	47
3049	43
3050	49
3051	44
3052	41
3053	52
3054	37
3055	37
3056	52
3057	44
3058	47
3059	49
3060	44
3061	50
3062	47
3063	44
3064	51
3065	41
3066	45
3067	46
3068	50
3069	52
3070	42
3071	44
3072	35
3073	49
3074	52
3075	47
3076	47
3077	39
3078	62
3079	39
3080	45
3081	45
3082	58
3083	47
3084	55
3085	51
3086	38
3087	42
3088	49
3089	38
3090	39
3091	44
3092	41
3093	52
3094	43
3095	44
3096	46
3097	44
3098	39
3099	44
3100	41
3101	47
3102	44
3103	52
3104	45
3105	33
3106	42
3107	50
3108	34
3109	49
3110	40
3111	48
3112	46
3113	46
3114	52
3115	52
3116	52
3117	40
3118	42
3119	47
3120	44
3121	52
3122	39
3123	46
3124	56
3125	35
3126	45
3127	57
3128	46
3129	34
3130	48
3131	45
3132	39
3133	37
3134	53
3135	51
3136	36
3137	35
3138	46
3139	52
3140	47
3141	40
3142	32
3143	39
3144	33
3145	33
3146	45
3147	44
3148	48
3149	47
3150	55
3151	39
3152	44
3153	42
3154	47
3155	58
3156	39
3157	34
3158	41
3159	36
3160	43
3161	30
3162	53
3163	43
3164	42
3165	40
3166	47
3167	34
3168	47
3169	41
3170	49
3171	34
3172	40
3173	42
3174	52
3175	39
3176	32
3177	43
3178	36
3179	32
3180	34
3181	39
3182	40
3183	37
3184	37
3185	32
3186	31
3187	38
3188	29
3189	37
3190	32
3191	35
3192	29
3193	51
3194	34
3195	29
3196	42
3197	46
3198	41
3199	34
3200	35
3201	29
3202	26
3203	45
3204	35
3205	47
3206	40
3207	38
3208	43
3209	33
3210	35
3211	31
3212	25
3213	34
3214	39
3215	37
3216	43
3217	31
3218	33
3219	37
3220	50
3221	35
3222	31
3223	41
3224	29
3225	33
3226	35
3227	39
3228	32
3229	29
3230	40
3231	32
3232	41
3233	33
3234	27
3235	25
3236	39
3237	29
3238	42
3239	30
3240	30
3241	43
3242	27
3243	31
3244	37
3245	25
3246	42
3247	33
3248	35
3249	32
3250	31
3251	38
3252	41
3253	34
3254	24
3255	30
3256	32
3257	30
3258	36
3259	36
3260	25
3261	35
3262	30
3263	31
3264	27
3265	23
3266	27
3267	34
3268	32
3269	21
3270	26
3271	34
3272	25
3273	35
3274	37
3275	28
3276	28
3277	29
3278	19
3279	25
3280	25
3281	21
3282	26
3283	24
3284	20
3285	24
3286	23
3287	22
3288	28
3289	30
3290	23
3291	26
3292	24
3293	17
3294	23
3295	33
3296	24
3297	32
3298	28
3299	25
3300	24
3301	27
3302	19
3303	22
3304	23
3305	24
3306	22
3307	38
3308	19
3309	21
3310	32
3311	17
3312	27
3313	16
3314	22
3315	18
3316	34
3317	27
3318	23
3319	26
3320	20
3321	20
3322	27
3323	27
3324	21
3325	30
3326	22
3327	29
3328	27
3329	20
3330	19
3331	21
3332	32
3333	14
3334	17
3335	14
3336	19
3337	26
3338	24
3339	10
3340	23
3341	14
3342	18
3343	19
3344	20
3345	20
3346	23
3347	22
3348	14
3349	25
3350	23
3351	22
3352	23
3353	26
3354	23
3355	27
3356	18
3357	18
3358	15
3359	23
3360	24
3361	22
3362	19
3363	21
3364	21
3365	21
3366	22
3367	16
3368	17
3369	13
3370	23
3371	12
3372	30
3373	17
3374	17
3375	21
3376	17
3377	20
3378	23
3379	12
3380	21
3381	24
3382	18
3383	16
3384	14
3385	14
3386	16
3387	10
3388	14
3389	14
3390	13
3391	16
3392	12
3393	16
3394	12
3395	20
3396	16
3397	11
3398	19
3399	11
3400	15
3401	22
3402	18
3403	13
3404	24
3405	12
3406	10
3407	18
3408	14
3409	15
3410	17
3411	18
3412	7
3413	11
3414	16
3415	12
3416	13
3417	17
3418	18
3419	12
3420	11
3421	16
3422	11
3423	8
3424	15
3425	16
3426	10
3427	8
3428	18
3429	12
3430	18
3431	12
3432	16
3433	16
3434	13
3435	12
3436	8
3437	15
3438	18
3439	17
3440	11
3441	11
3442	14
3443	14
3444	13
3445	5
3446	20
3447	10
3448	15
3449	6
3450	17
3451	11
3452	25
3453	13
3454	17
3455	12
3456	11
3457	5
3458	12
3459	14
3460	18
3461	12
3462	6
3463	14
3464	10
3465	11
3466	13
3467	11
3468	18
3469	9
3470	11
3471	14
3472	10
3473	13
3474	10
3475	13
3476	17
3477	17
3478	8
3479	10
3480	9
3481	11
3482	9
3483	7
3484	10
3485	7
3486	10
3487	15
3488	11
3489	10
3490	11
3491	12
3492	9
3493	9
3494	11
3495	13
3496	7
3497	16
3498	7
3499	7
3500	10
3501	6
3502	8
3503	9
3504	12
3505	10
3506	12
3507	9
3508	8
3509	10
3510	13
3511	9
3512	10
3513	11
3514	9
3515	7
3516	9
3517	11
3518	10
3519	9
3520	12
3521	14
3522	6
3523	7
3524	13
3525	9
3526	15
3527	12
3528	12
3529	7
3530	8
3531	9
3532	10
3533	5
3534	9
3535	8
3536	6
3537	9
3538	10
3539	7
3540	6
3541	6
3542	9
3543	6
3544	5
3545	13
3546	8
3547	9
3548	12
3549	3
3550	6
3551	10
3552	9
3553	6
3554	8
3555	9
3556	11
3557	4
3558	9
3559	9
3560	9
3561	10
3562	7
3563	9
3564	8
3565	1
3566	7
3567	7
3568	8
3569	8
3570	4
3571	4
3572	6
3573	4
3574	9
3575	9
3576	6
3577	7
3578	12
3579	9
3580	10
3581	8
3582	8
3583	5
3584	7
3585	5
3586	7
3587	10
3588	6
3589	10
3590	9
3591	5
3592	8
3593	5
3594	12
3595	6
3596	8
3597	4
3598	11
3599	5
3600	8
3601	9
3602	13
3603	11
3604	13
3605	7
3606	9
3607	9
3608	4
3609	9
3610	6
3611	7
3612	12
3613	6
3614	9
3615	4
3616	5
3617	5
3618	11
3619	9
3620	8
3621	8
3622	6
3623	8
3624	7
3625	9
3626	4
3627	12
3628	7
3629	11
3630	11
3631	6
3632	6
3633	7
3634	8
3635	4
3636	15
3637	11
3638	6
3639	4
3640	7
3641	6
3642	11
3643	11
3644	6
3645	7
3646	11
3647	8
3648	8
3649	5
3650	10
3651	9
3652	12
3653	11
3654	6
3655	9
3656	11
3657	11
3658	10
3659	8
3660	8
3661	4
3662	7
3663	8
3664	5
3665	7
3666	8
3667	8
3668	7
3669	14
3670	8
3671	8
3672	9
3673	6
3674	10
3675	14
3676	10
3677	8
3678	14
3679	9
3680	10
3681	13
3682	6
3683	6
3684	9
3685	10
3686	16
3687	8
3688	7
3689	11
3690	9
3691	5
3692	4
3693	13
3694	5
3695	9
3696	6
3697	9
3698	8
3699	15
3700	14
3701	12
3702	15
3703	12
3704	11
3705	12
3706	20
3707	15
3708	20
3709	15
3710	17
3711	13
3712	10
3713	11
3714	19
3715	19
3716	9
3717	22
3718	22
3719	13
3720	14
3721	11
3722	17
3723	5
3724	10
3725	19
3726	13
3727	11
3728	17
3729	15
3730	21
3731	22
3732	20
3733	17
3734	18
3735	9
3736	18
3737	22
3738	15
3739	9
3740	23
3741	16
3742	27
3743	21
3744	20
3745	23
3746	22
3747	25
3748	18
3749	17
3750	21
3751	29
3752	21
3753	28
3754	24
3755	28
3756	38
3757	32
3758	30
3759	25
3760	29
3761	36
3762	23
3763	27
3764	32
3765	23
3766	28
3767	28
3768	35
3769	37
3770	26
3771	31
3772	34
3773	25
3774	31
3775	30
3776	31
3777	37
3778	43
3779	36
3780	48
3781	38
3782	41
3783	33
3784	35
3785	47
3786	31
3787	46
3788	51
3789	36
3790	32
3791	52
3792	45
3793	47
3794	53
3795	49
3796	48
3797	59
3798	43
3799	37
3800	37
3801	54
3802	43
3803	63
3804	41
3805	64
3806	53
3807	50
3808	70
3809	48
3810	52
3811	68
3812	69
3813	49
3814	50
3815	66
3816	69
3817	64
3818	56
3819	66
3820	71
3821	73
3822	59
3823	62
3824	69
3825	78
3826	61
3827	82
3828	71
3829	79
3830	88
3831	76
3832	75
3833	77
3834	68
3835	74
3836	67
3837	84
3838	93
3839	78
3840	99
3841	95
3842	88
3843	88
3844	88
3845	82
3846	88
3847	92
3848	86
3849	97
3850	102
3851	102
3852	95
3853	119
3854	100
3855	107
3856	91
3857	108
3858	119
3859	94
3860	98
3861	108
3862	121
3863	129
3864	118
3865	101
3866	101
3867	115
3868	124
3869	139
3870	116
3871	119
3872	128
3873	126
3874	129
3875	120
3876	120
3877	118
3878	126
3879	138
3880	131
3881	131
3882	131
3883	129
3884	117
3885	152
3886	132
3887	115
3888	142
3889	120
3890	128
3891	143
3892	153
3893	154
3894	149
3895	147
3896	140
3897	151
3898	156
3899	152
3900	155
3901	133
3902	142
3903	144
3904	160
3905	160
3906	141
3907	177
3908	147
3909	163
3910	139
3911	163
3912	157
3913	180
3914	165
3915	152
3916	162
3917	159
3918	148
3919	165
3920	155
3921	171
3922	177
3923	163
3924	204
3925	162
3926	182
3927	183
3928	157
3929	175
3930	184
3931	187
3932	151
3933	178
3934	159
3935	191
3936	194
3937	179
3938	200
3939	196
3940	203
3941	159
3942	177
3943	180
3944	174
3945	182
3946	179
3947	196
3948	186
3949	194
3950	205
3951	174
3952	194
3953	188
3954	143
3955	173
3956	193
3957	190
3958	183
3959	189
3960	208
3961	180
3962	179
3963	187
3964	203
3965	192
3966	175
3967	207
3968	184
3969	160
3970	192
3971	190
3972	195
3973	192
3974	199
3975	196
3976	174
3977	201
3978	195
3979	217
3980	193
3981	193
3982	185
3983	171
3984	175
3985	179
3986	155
3987	185
3988	163
3989	185
3990	187
3991	190
3992	187
3993	168
3994	222
3995	173
3996	168
3997	185
3998	183
3999	179
4000	159
4001	191
4002	182
4003	175
4004	169
4005	159
4006	169
4007	195
4008	175
4009	173
4010	184
4011	177
4012	154
4013	164
4014	167
4015	183
4016	155
4017	148
4018	185
4019	182
4020	161
4021	153
4022	160
4023	152
4024	156
4025	156
4026	154
4027	172
4028	162
4029	158
4030	165
4031	182
4032	134
4033	149
4034	137
4035	152
4036	139
4037	146
4038	156
4039	133
4040	135
4041	144
4042	131
4043	149
4044	147
4045	147
4046	141
4047	137
4048	148
4049	143
4050	148
4051	134
4052	149
4053	139
4054	134
4055	130
4056	111
4057	119
4058	126
4059	124
4060	118
4061	116
4062	113
4063	124
4064	130
4065	127
4066	123
4067	101
4068	110
4069	110
4070	119
4071	117
4072	133
4073	105
4074	96
4075	95
4076	120
4077	103
4078	103
4079	104
4080	107
4081	99
4082	80
4083	109
4084	99
4085	86
4086	98
4087	92
4088	99
4089	89
4090	87
4091	95
4092	86
4093	85
4094	87
4095	80
4096	86
4097	72
4098	96
4099	92
4100	77
4101	87
4102	83
4103	86
4104	81
4105	71
4106	67
4107	84
4108	71
4109	70
4110	66
4111	71
4112	81
4113	58
4114	58
4115	73
4116	75
4117	71
4118	52
4119	51
4120	61
4121	63
4122	68
4123	56
4124	75
4125	57
4126	73
4127	66
4128	47
4129	58
4130	70
4131	48
4132	48
4133	55
4134	54
4135	64
4136	54
4137	54
4138	44
4139	41
4140	51
4141	48
4142	39
4143	45
4144	44
4145	40
4146	37
4147	39
4148	36
4149	37
4150	46
4151	28
4152	37
4153	30
4154	30
4155	34
4156	39
4157	33
4158	30
4159	27
4160	42
4161	20
4162	34
4163	29
4164	26
4165	27
4166	32
4167	28
4168	23
4169	27
4170	30
4171	25
4172	25
4173	19
4174	23
4175	21
4176	17
4177	24
4178	14
4179	24
4180	25
4181	15
4182	25
4183	18
4184	29
4185	27
4186	18
4187	18
4188	19
4189	15
4190	24
4191	11
4192	25
4193	20
4194	15
4195	19
4196	16
4197	18
4198	14
4199	20
4200	21
4201	12
4202	19
4203	17
4204	16
4205	21
4206	14
4207	16
4208	14
4209	18
4210	16
4211	11
4212	16
4213	19
4214	15
4215	13
4216	12
4217	11
4218	11
4219	10
4220	14
4221	8
4222	13
4223	12
4224	7
4225	5
4226	6
4227	12
4228	12
4229	8
4230	8
4231	6
4232	9
4233	11
4234	8
4235	6
4236	7
4237	5
4238	8
4239	9
4240	9
4241	6
4242	5
4243	7
4244	8
4245	8
4246	7
4247	8
4248	9
4249	6
4250	3
4251	7
4252	4
4253	5
4254	4
4255	4
4256	6
4257	10
4258	4
4259	8
4260	6
4261	3
4262	4
4263	3
4264	4
4265	7
4266	4
4267	1
4268	2
4269	2
4270	5
4271	4
4272	6
4273	4
4274	3
4275	5
4276	3
4277	5
4278	4
4279	5
4280	8
4281	1
4282	3
4283	4
4284	5
4285	8
4286	3
4287	3
4288	4
4289	2
4290	4
4291	5
4292	3
4293	1
4294	3
4295	3
4296	3
4297	5
4298	3
4299	3
4300	4
4301	5
4302	1
4303	5
4304	1
4305	2
4306	5
4307	2
4308	3
4309	2
4310	2
4311	1
4312	6
4313	3
4314	1
4315	3
4316	3
4317	7
4318	3
4319	3
4320	1
4321	2
4322	2
4323	5
4324	2
4325	5
4326	4
4327	6
4328	1
4329	2
4330	2
4331	1
4332	3
4333	6
4334	4
4335	5
4336	5
4337	3
4338	4
4339	2
4340	3
4341	3
4342	3
4343	5
4344	2
4345	0
4346	2
4347	2
4348	5
4349	2
4350	1
4351	3
4352	2
4353	3
4354	1
4355	2
4356	4
4357	3
4358	0
4359	2
4360	4
4361	3
4362	4
4363	1
4364	5
4365	2
4366	3
4367	2
4368	2
4369	1
4370	1
4371	4
4372	6
4373	3
4374	5
4375	4
4376	0
4377	1
4378	8
4379	7
4380	4
4381	5
4382	3
4383	2
4384	0
4385	1
4386	2
4387	4
4388	2
4389	1
4390	2
4391	5
4392	5
4393	2
4394	1
4395	2
4396	2
4397	4
4398	0
4399	3
4400	10
4401	3
4402	3
4403	4
4404	1
4405	4
4406	3
4407	1
4408	4
4409	1
4410	4
4411	1
4412	1
4413	4
4414	3
4415	5
4416	3
4417	2
4418	5
4419	3
4420	3
4421	10
4422	7
4423	5
4424	4
4425	0
4426	6
4427	4
4428	2
4429	3
4430	3
4431	4
4432	2
4433	4
4434	7
4435	2
4436	5
4437	2
4438	3
4439	0
4440	3
4441	3
4442	3
4443	5
4444	5
4445	4
4446	3
4447	0
4448	6
4449	3
4450	2
4451	1
4452	3
4453	4
4454	4
4455	5
4456	1
4457	4
4458	4
4459	8
4460	3
4461	5
4462	7
4463	1
4464	1
4465	1
4466	2
4467	2
4468	1
4469	1
4470	5
4471	2
4472	1
4473	4
4474	7
4475	3
4476	2
4477	4
4478	3
4479	1
4480	1
4481	5
4482	8
4483	5
4484	5
4485	4
4486	4
4487	5
4488	3
4489	4
4490	1
4491	3
4492	7
4493	4
4494	2
4495	3
4496	6
4497	5
4498	3
4499	1
4500	5
4501	5
4502	8
4503	4
4504	6
4505	6
4506	3
4507	4
4508	5
4509	1
4510	6
4511	4
4512	3
4513	3
4514	3
4515	5
4516	5
4517	1
4518	8
4519	5
4520	6
4521	2
4522	8
4523	4
4524	5
4525	5
4526	10
4527	1
4528	4
4529	6
4530	3
4531	9
4532	0
4533	6
4534	6
4535	4
4536	3
4537	6
4538	5
4539	5
4540	3
4541	0
4542	1
4543	4
4544	7
4545	2
4546	4
4547	4
4548	7
4549	1
4550	3
4551	8
4552	5
4553	6
4554	5
4555	5
4556	4
4557	5
4558	4
4559	1
4560	2
4561	4
4562	7
4563	4
4564	7
4565	6
4566	7
4567	2
4568	3
4569	3
4570	4
4571	4
4572	7
4573	1
4574	3
4575	4
4576	4
4577	5
4578	4
4579	4
4580	7
4581	8
4582	4
4583	3
4584	5
4585	4
4586	3
4587	6
4588	7
4589	3
4590	5
4591	4
4592	3
4593	3
4594	5
4595	5
4596	6
4597	2
4598	6
4599	2
4600	2
4601	2
4602	2
4603	3
4604	5
4605	4
4606	0
4607	4
4608	5
4609	6
4610	12
4611	6
4612	5
4613	5
4614	4
4615	7
4616	4
4617	4
4618	8
4619	4
4620	3
4621	4
4622	4
4623	4
4624	2
4625	2
4626	2
4627	2
4628	4
4629	3
4630	6
4631	5
4632	3
4633	5
4634	3
4635	5
4636	1
4637	2
4638	2
4639	3
4640	2
4641	2
4642	2
4643	4
4644	3
4645	4
4646	5
4647	1
4648	2
4649	3
4650	4
4651	5
4652	4
4653	2
4654	4
4655	3
4656	1
4657	4
4658	2
4659	4
4660	5
4661	4
4662	5
4663	6
4664	3
4665	2
4666	5
4667	4
4668	3
4669	3
4670	4
4671	4
4672	4
4673	2
4674	4
4675	4
4676	6
4677	1
4678	5
4679	3
4680	4
4681	2
4682	5
4683	3
4684	4
4685	5
4686	2
4687	0
4688	3
4689	1
4690	1
4691	5
4692	3
4693	2
4694	1
4695	6
4696	4
4697	3
4698	3
4699	4
4700	0
4701	2
4702	1
4703	2
4704	2
4705	0
4706	3
4707	2
4708	2
4709	3
4710	4
4711	1
4712	2
4713	1
4714	1
4715	2
4716	3
4717	1
4718	2
4719	3
4720	0
4721	2
4722	1
4723	2
4724	0
4725	5
4726	4
4727	2
4728	5
4729	1
4730	3
4731	3
4732	1
4733	1
4734	3
4735	2
4736	5
4737	5
4738	1
4739	0
4740	5
4741	6
4742	1
4743	3
4744	2
4745	1
4746	1
4747	2
4748	1
4749	1
4750	3
4751	4
4752	3
4753	0
4754	1
4755	2
4756	1
4757	0
4758	2
4759	1
4760	0
4761	0
4762	1
4763	1
4764	2
4765	1
4766	3
4767	1
4768	2
4769	1
4770	1
4771	1
4772	1
4773	3
4774	0
4775	1
4776	3
4777	1
4778	3
4779	2
4780	1
4781	1
4782	4
4783	1
4784	1
4785	0
4786	2
4787	2
4788	1
4789	0
4790	3
4791	1
4792	2
4793	2
4794	2
4795	1
4796	3
4797	2
4798	0
4799	0
4800	1
4801	2
4802	3
4803	0
4804	2
4805	1
4806	1
4807	1
4808	0
4809	2
4810	1
4811	3
4812	4
4813	3
4814	1
4815	0
4816	2
4817	1
4818	4
4819	2
4820	1
4821	2
4822	2
4823	0
4824	0
4825	0
4826	2
4827	4
4828	2
4829	1
4830	4
4831	2
4832	0
4833	0
4834	1
4835	3
4836	1
4837	1
4838	3
4839	4
4840	2
4841	2
4842	0
4843	1
4844	4
4845	2
4846	2
4847	2
4848	0
4849	1
4850	2
4851	2
4852	2
4853	3
4854	0
4855	1
4856	2
4857	1
4858	0
4859	0
4860	0
4861	1
4862	1
4863	3
4864	2
4865	3
4866	1
4867	0
4868	1
4869	1
4870	0
4871	0
4872	2
4873	0
4874	1
4875	0
4876	0
4877	3
4878	0
4879	0
4880	0
4881	1
4882	1
4883	2
4884	1
4885	0
4886	1
4887	2
4888	1
4889	1
4890	1
4891	1
4892	1
4893	4
4894	2
4895	2
4896	1
4897	1
4898	2
4899	0
4900	0
4901	1
4902	1
4903	0
4904	2
4905	1
4906	2
4907	1
4908	3
4909	2
4910	0
4911	1
4912	0
4913	0
4914	2
4915	3
4916	1
4917	0
4918	0
4919	3
4920	1
4921	0
4922	1
4923	0
4924	0
4925	4
4926	1
4927	3
4928	1
4929	2
4930	0
4931	2
4932	1
4933	3
4934	4
4935	1
4936	0
4937	1
4938	0
4939	0
4940	0
4941	0
4942	2
4943	1
4944	1
4945	3
4946	1
4947	2
4948	1
4949	0
4950	0
4951	2
4952	2
4953	1
4954	1
4955	3
4956	2
4957	1
4958	1
4959	1
4960	0
4961	2
4962	0
4963	0
4964	1
4965	0
4966	2
4967	0
4968	1
4969	0
4970	2
4971	0
4972	5
4973	3
4974	2
4975	1
4976	2
4977	2
4978	1
4979	1
4980	0
4981	3
4982	1
4983	0
4984	0
4985	1
4986	1
4987	0
4988	0
4989	2
4990	2
4991	1
4992	0
4993	4
4994	1
4995	1
4996	1
4997	1
4998	2
4999	1
5000	0
5001	1
5002	1
5003	2
5004	3
5005	0
5006	2
5007	0
5008	0
5009	0
5010	2
5011	0
5012	3
5013	0
5014	2
5015	1
5016	0
5017	0
5018	1
5019	2
5020	0
5021	2
5022	2
5023	2
5024	4
5025	1
5026	0
5027	1
5028	0
5029	1
5030	1
5031	0
5032	1
5033	1
5034	1
5035	1
5036	2
5037	1
5038	1
5039	4
5040	1
5041	2
5042	0
5043	0
5044	0
5045	0
5046	2
5047	1
5048	0
5049	0
5050	1
5051	1
5052	1
5053	2
5054	3
5055	0
5056	1
5057	1
5058	0
5059	0
5060	2
5061	3
5062	2
5063	2
5064	1
5065	2
5066	0
5067	0
5068	2
5069	2
5070	0
5071	2
5072	1
5073	2
5074	0
5075	1
5076	0
5077	0
5078	1
5079	1
5080	0
5081	1
5082	0
5083	0
5084	1
5085	1
5086	0
5087	0
5088	0
5089	1
5090	0
5091	1
5092	1
5093	1
5094	1
5095	3
5096	1
5097	0
5098	0
5099	1
5100	0
5101	0
5102	1
5103	1
5104	0
5105	1
5106	0
5107	0
5108	0
5109	1
5110	1
5111	2
5112	2
5113	1
5114	1
5115	0
5116	0
5117	0
5118	3
5119	0
5120	2
5121	0
5122	0
5123	1
5124	2
5125	0
5126	0
5127	2
5128	0
5129	1
5130	3
5131	0
5132	0
5133	1
5134	0
5135	0
5136	1
5137	1
5138	5
5139	2
5140	0
5141	0
5142	0
5143	1
5144	2
5145	1
5146	0
5147	1
5148	0
5149	0
5150	1
5151	2
5152	0
5153	1
5154	2
5155	0
5156	2
5157	0
5158	4
5159	1
5160	0
5161	1
5162	1
5163	1
5164	1
5165	2
5166	1
5167	0
5168	1
5169	0
5170	1
5171	0
5172	0
5173	1
5174	1
5175	1
5176	1
5177	3
5178	0
5179	2
5180	1
5181	1
5182	0
5183	3
5184	2
5185	1
5186	0
5187	0
5188	0
5189	0
5190	0
5191	2
5192	1
5193	1
5194	1
5195	1
5196	1
5197	3
5198	2
5199	0
5200	0
5201	0
5202	0
5203	2
5204	0
5205	2
5206	0
5207	1
5208	1
5209	1
5210	1
5211	2
5212	2
5213	0
5214	1
5215	3
5216	1
5217	0
5218	0
5219	0
5220	0
5221	2
5222	0
5223	1
5224	0
5225	2
5226	1
5227	0
5228	1
5229	0
5230	0
5231	1
5232	2
5233	1
5234	2
5235	0
5236	1
5237	0
5238	2
5239	1
5240	0
5241	3
5242	0
5243	0
5244	1
5245	1
5246	1
5247	0
5248	2
5249	0
5250	1
5251	2
5252	2
5253	0
5254	2
5255	1
5256	0
5257	1
5258	1
5259	0
5260	0
5261	2
5262	2
5263	0
5264	1
5265	1
5266	0
5267	0
5268	1
5269	0
5270	0
5271	0
5272	0
5273	0
5274	1
5275	0
5276	1
5277	0
5278	1
5279	1
5280	2
5281	3
5282	2
5283	0
5284	3
5285	1
5286	0
5287	0
5288	3
5289	1
5290	0
5291	0
5292	1
5293	0
5294	1
5295	2
5296	3
5297	1
5298	2
5299	1
5300	0
5301	1
5302	1
5303	2
5304	1
5305	1
5306	2
5307	1
5308	2
5309	0
5310	0
5311	0
5312	1
5313	0
5314	0
5315	1
5316	1
5317	1
5318	1
5319	3
5320	2
5321	0
5322	1
5323	0
5324	2
5325	1
5326	0
5327	3
5328	0
5329	2
5330	2
5331	0
5332	0
5333	1
5334	0
5335	1
5336	1
5337	1
5338	2
5339	0
5340	0
5341	1
5342	0
5343	0
5344	1
5345	0
5346	0
5347	1
5348	2
5349	0
5350	3
5351	1
5352	2
5353	2
5354	1
5355	0
5356	0
5357	3
5358	2
5359	0
5360	0
5361	3
5362	1
5363	0
5364	2
5365	3
5366	1
5367	0
5368	3
5369	1
5370	0
5371	0
5372	0
5373	0
5374	1
5375	1
5376	1
5377	2
5378	1
5379	0
5380	1
5381	1
5382	0
5383	0
5384	0
5385	0
5386	0
5387	0
5388	0
5389	2
5390	2
5391	0
5392	2
5393	0
5394	1
5395	0
5396	0
5397	2
5398	0
5399	0
5400	1
5401	1
5402	1
5403	1
5404	0
5405	4
5406	0
5407	0
5408	0
5409	1
5410	2
5411	2
5412	1
5413	0
5414	1
5415	0
5416	2
5417	1
5418	2
5419	0
5420	1
5421	0
5422	0
5423	3
5424	1
5425	3
5426	2
5427	0
5428	2
5429	1
5430	1
5431	0
5432	1
5433	2
5434	0
5435	0
5436	1
5437	0
5438	2
5439	2
5440	3
5441	1
5442	1
5443	3
5444	0
5445	2
5446	2
5447	1
5448	1
5449	2
5450	3
5451	0
5452	2
5453	3
5454	2
5455	1
5456	2
5457	1
5458	0
5459	1
5460	2
5461	5
5462	1
5463	1
5464	1
5465	3
5466	0
5467	1
5468	3
5469	1
5470	0
5471	2
5472	2
5473	0
5474	2
5475	3
5476	0
5477	0
5478	2
5479	2
5480	1
5481	1
5482	3
5483	2
5484	2
5485	3
5486	1
5487	4
5488	2
5489	0
5490	4
5491	1
5492	0
5493	3
5494	2
5495	3
5496	1
5497	1
5498	3
5499	1
5500	1
5501	2
5502	5
5503	0
5504	1
5505	4
5506	2
5507	1
5508	0
5509	1
5510	3
5511	1
5512	2
5513	1
5514	1
5515	1
5516	2
5517	0
5518	2
5519	1
5520	2
5521	1
5522	0
5523	6
5524	0
5525	0
5526	1
5527	3
5528	2
5529	4
5530	7
5531	3
5532	2
5533	1
5534	3
5535	4
5536	3
5537	3
5538	1
5539	3
5540	2
5541	1
5542	2
5543	1
5544	1
5545	3
5546	1
5547	2
5548	0
5549	4
5550	6
5551	3
5552	2
5553	2
5554	1
5555	2
5556	3
5557	1
5558	1
5559	1
5560	0
5561	1
5562	2
5563	1
5564	2
5565	3
5566	2
5567	4
5568	0
5569	3
5570	3
5571	1
5572	3
5573	6
5574	3
5575	2
5576	1
5577	1
5578	0
5579	0
5580	3
5581	0
5582	4
5583	1
5584	6
5585	1
5586	5
5587	2
5588	3
5589	3
5590	2
5591	0
5592	4
5593	2
5594	1
5595	0
5596	3
5597	4
5598	1
5599	1
5600	2
5601	2
5602	1
5603	2
5604	4
5605	8
5606	2
5607	2
5608	3
5609	2
5610	1
5611	4
5612	3
5613	3
5614	2
5615	4
5616	1
5617	1
5618	1
5619	3
5620	0
5621	2
5622	2
5623	0
5624	4
5625	4
5626	2
5627	1
5628	0
5629	0
5630	2
5631	3
5632	0
5633	1
5634	1
5635	3
5636	3
5637	2
5638	2
5639	1
5640	1
5641	3
5642	2
5643	3
5644	1
5645	4
5646	3
5647	2
5648	3
5649	0
5650	2
5651	1
5652	4
5653	2
5654	4
5655	2
5656	0
5657	2
5658	1
5659	2
5660	2
5661	3
5662	2
5663	1
5664	1
5665	6
5666	3
5667	2
5668	3
5669	2
5670	5
5671	2
5672	0
5673	4
5674	2
5675	2
5676	5
5677	1
5678	1
5679	0
5680	0
5681	0
5682	2
5683	1
5684	0
5685	4
5686	1
5687	1
5688	0
5689	3
5690	1
5691	2
5692	1
5693	3
5694	3
5695	2
5696	2
5697	3
5698	2
5699	2
5700	2
5701	0
5702	1
5703	0
5704	1
5705	3
5706	1
5707	1
5708	4
5709	0
5710	3
5711	0
5712	2
5713	2
5714	0
5715	1
5716	1
5717	3
5718	4
5719	1
5720	0
5721	1
5722	1
5723	1
5724	3
5725	3
5726	1
5727	0
5728	1
5729	2
5730	3
5731	1
5732	1
5733	3
5734	0
5735	0
5736	4
5737	1
5738	0
5739	2
5740	1
5741	1
5742	0
5743	1
5744	0
5745	1
5746	2
5747	2
5748	2
5749	2
5750	2
5751	2
5752	0
5753	0
5754	0
5755	2
5756	0
5757	1
5758	2
5759	0
5760	4
5761	1
5762	4
5763	1
5764	2
5765	2
5766	1
5767	0
5768	2
5769	2
5770	1
5771	0
5772	2
5773	1
5774	0
5775	1
5776	0
5777	0
5778	0
5779	0
5780	2
5781	2
5782	1
5783	0
5784	1
5785	0
5786	1
5787	1
5788	1
5789	0
5790	2
5791	1
5792	2
5793	0
5794	0
5795	0
5796	1
5797	1
5798	1
5799	1
5800	0
5801	1
5802	1
5803	1
5804	1
5805	1
5806	0
5807	1
5808	2
5809	1
5810	1
5811	2
5812	1
5813	0
5814	1
5815	1
5816	1
5817	1
5818	1
5819	2
5820	0
5821	0
5822	1
5823	0
5824	0
5825	0
5826	1
5827	1
5828	2
5829	1
5830	1
5831	2
5832	0
5833	1
5834	0
5835	1
5836	0
5837	0
5838	0
5839	1
5840	0
5841	0
5842	0
5843	2
5844	2
5845	0
5846	1
5847	0
5848	2
5849	1
5850	0
5851	1
5852	1
5853	2
5854	1
5855	0
5856	0
5857	1
5858	0
5859	0
5860	0
5861	2
5862	0
5863	0
5864	0
5865	1
5866	1
5867	0
5868	0
5869	0
5870	0
5871	0
5872	1
5873	0
5874	1
5875	0
5876	0
5877	0
5878	0
5879	1
5880	0
5881	0
5882	0
5883	0
5884	0
5885	0
5886	0
5887	0
5888	1
5889	0
5890	0
5891	0
5892	0
5893	1
5894	1
5895	0
5896	1
5897	0
5898	0
5899	1
5900	0
5901	1
5902	0
5903	1
5904	0
5905	1
5906	0
5907	0
5908	0
5909	0
5910	0
5911	1
5912	0
5913	0
5914	0
5915	1
5916	0
5917	0
5918	0
5919	0
5920	0
5921	0
5922	0
5923	0
5924	1
5925	0
5926	2
5927	0
5928	0
5929	0
5930	0
5931	0
5932	0
5933	0
5934	0
5935	0
5936	0
5937	0
5938	1
5939	0
5940	0
5941	0
5942	0
5943	1
5944	0
5945	0
5946	1
5947	0
5948	0
5949	0
5950	0
5951	0
5952	0
5953	1
5954	0
5955	0
5956	0
5957	0
5958	0
5959	0
5960	0
5961	1
5962	1
5963	0
5964	0
5965	0
5966	0
5967	1
5968	1
5969	0
5970	0
5971	0
5972	0
5973	1
5974	0
5975	0
5976	1
5977	0
5978	0
5979	1
5980	0
5981	1
5982	0
5983	0
5984	1
5985	0
5986	0
5987	0
5988	1
5989	0
5990	0
5991	1
5992	0
5993	0
5994	0
5995	1
5996	1
5997	0
5998	1
5999	0
6000	0
6001	1
6002	0
6003	0
6004	0
6005	0
6006	0
6007	0
6008	0
6009	0
6010	0
6011	1
6012	0
6013	0
6014	0
6015	1
6016	0
6017	0
6018	0
6019	2
6020	0
6021	0
6022	0
6023	0
6024	0
6025	0
6026	1
6027	0
6028	1
6029	0
6030	0
6031	0
6032	0
6033	0
6034	0
6035	0
6036	0
6037	0
6038	2
6039	0
6040	0
6041	0
6042	0
6043	1
6044	0
6045	0
6046	1
6047	0
6048	0
6049	0
6050	0
6051	1
6052	0
6053	0
6054	0
6055	1
6056	1
6057	1
6058	0
6059	1
6060	0
6061	1
6062	0
6063	0
6064	1
6065	0
6066	1
6067	0
6068	0
6069	0
6070	1
6071	0
6072	1
6073	0
6074	0
6075	0
6076	1
6077	0
6078	0
6079	0
6080	0
6081	0
6082	0
6083	0
6084	1
6085	0
6086	0
6087	0
6088	0
6089	0
6090	0
6091	0
6092	1
6093	0
6094	0
6095	0
6096	0
6097	0
6098	0
6099	0
6100	0
6101	0
6102	1
6103	0
6104	0
6105	0
6106	0
6107	0
6108	0
6109	1
6110	0
6111	1
6112	0
6113	0
6114	0
6115	1
6116	0
6117	0
6118	0
6119	0
6120	0
6121	0
6122	0
6123	0
6124	0
6125	0
6126	0
6127	0
6128	0
6129	1
6130	2
6131	2
6132	0
6133	1
6134	0
6135	0
6136	0
6137	0
6138	0
6139	0
6140	0
6141	1
6142	0
6143	0
6144	0
6145	0
6146	1
6147	1
6148	1
6149	0
6150	1
6151	0
6152	0
6153	0
6154	1
6155	0
6156	1
6157	0
6158	1
6159	0
6160	0
6161	0
6162	0
6163	3
6164	0
6165	0
6166	0
6167	0
6168	0
6169	0
6170	0
6171	1
6172	0
6173	0
6174	0
6175	0
6176	0
6177	0
6178	0
6179	1
6180	0
6181	0
6182	0
6183	0
6184	0
6185	0
6186	0
6187	0
6188	0
6189	1
6190	0
6191	0
6192	0
6193	0
6194	0
6195	0
6196	0
6197	0
6198	0
6199	0
6200	0
6201	0
6202	0
6203	0
6204	0
6205	0
6206	1
6207	0
6208	0
6209	0
6210	1
6211	1
6212	0
6213	0
6214	0
6215	0
6216	0
6217	0
6218	0
6219	0
6220	0
6221	1
6222	0
6223	0
6224	1
6225	0
6226	0
6227	0
6228	0
6229	0
6230	0
6231	0
6232	0
6233	0
6234	0
6235	0
6236	0
6237	0
6238	1
6239	1
6240	0
6241	1
6242	0
6243	0
6244	1
6245	1
6246	0
6247	0
6248	0
6249	0
6250	0
6251	0
6252	0
6253	0
6254	2
6255	1
6256	0
6257	0
6258	1
6259	0
6260	0
6261	1
6262	0
6263	0
6264	0
6265	1
6266	1
6267	0
6268	0
6269	0
6270	0
6271	1
6272	0
6273	1
6274	0
6275	0
6276	1
6277	0
6278	0
6279	1
6280	1
6281	1
6282	0
6283	0
6284	1
6285	0
6286	0
6287	1
6288	0
6289	1
6290	1
6291	0
6292	0
6293	0
6294	0
6295	0
6296	0
6297	0
6298	0
6299	0
6300	0
6301	0
6302	0
6303	0
6304	0
6305	0
6306	0
6307	0
6308	0
6309	0
6310	0
6311	0
6312	0
6313	0
6314	4
6315	0
6316	0
6317	0
6318	2
6319	0
6320	1
6321	1
6322	0
6323	0
6324	0
6325	0
6326	0
6327	0
6328	1
6329	0
6330	0
6331	0
6332	0
6333	0
6334	1
6335	0
6336	1
6337	0
6338	0
6339	1
6340	1
6341	0
6342	0
6343	0
6344	0
6345	1
6346	0
6347	1
6348	0
6349	0
6350	0
6351	1
6352	0
6353	0
6354	0
6355	2
6356	0
6357	0
6358	0
6359	0
6360	0
6361	1
6362	0
6363	0
6364	1
6365	2
6366	0
6367	0
6368	0
6369	0
6370	1
6371	0
6372	0
6373	0
6374	1
6375	0
6376	1
6377	1
6378	0
6379	0
6380	1
6381	0
6382	1
6383	2
6384	1
6385	2
6386	1
6387	0
6388	0
6389	1
6390	0
6391	0
6392	0
6393	1
6394	0
6395	0
6396	0
6397	0
6398	0
6399	0
6400	0
6401	0
6402	1
6403	2
6404	0
6405	0
6406	2
6407	0
6408	0
6409	0
6410	0
6411	0
6412	1
6413	0
6414	2
6415	0
6416	0
6417	0
6418	0
6419	1
6420	0
6421	0
6422	1
6423	0
6424	0
6425	0
6426	0
6427	0
6428	1
6429	0
6430	0
6431	0
6432	0
6433	1
6434	1
6435	1
6436	0
6437	0
6438	1
6439	0
6440	0
6441	1
6442	0
6443	1
6444	1
6445	0
6446	0
6447	0
6448	0
6449	0
6450	0
6451	1
6452	0
6453	0
6454	0
6455	1
6456	0
6457	0
6458	1
6459	0
6460	0
6461	0
6462	0
6463	0
6464	1
6465	0
6466	0
6467	0
6468	0
6469	0
6470	1
6471	1
6472	0
6473	0
6474	0
6475	0
6476	0
6477	0
6478	0
6479	1
6480	1
6481	0
6482	0
6483	0
6484	0
6485	0
6486	1
6487	0
6488	0
6489	0
6490	0
6491	0
6492	1
6493	1
6494	0
6495	0
6496	0
6497	1
6498	1
6499	1
6500	1
6501	0
6502	0
6503	0
6504	0
6505	1
6506	1
6507	1
6508	0
6509	0
6510	0
6511	0
6512	0
6513	1
6514	0
6515	0
6516	0
6517	0
6518	0
6519	0
6520	0
6521	1
6522	0
6523	1
6524	0
6525	0
6526	0
6527	1
6528	0
6529	2
6530	0
6531	0
6532	0
6533	0
6534	0
6535	1
6536	0
6537	0
6538	1
6539	0
6540	0
6541	0
6542	1
6543	1
6544	0
6545	0
6546	1
6547	0
6548	0
6549	1
6550	0
6551	0
6552	3
6553	0
6554	1
6555	0
6556	1
6557	0
6558	0
6559	0
6560	0
6561	0
6562	0
6563	0
6564	2
6565	0
6566	0
6567	2
6568	0
6569	0
6570	0
6571	0
6572	0
6573	0
6574	0
6575	0
6576	0
6577	0
6578	1
6579	0
6580	0
6581	0
6582	1
6583	1
6584	0
6585	1
6586	0
6587	1
6588	0
6589	1
6590	0
6591	0
6592	1
6593	0
6594	1
6595	0
6596	0
6597	1
6598	2
6599	1
6600	0
6601	0
6602	1
6603	1
6604	0
6605	1
6606	0
6607	3
6608	1
6609	1
6610	0
6611	1
6612	0
6613	1
6614	0
6615	1
6616	0
6617	0
6618	1
6619	1
6620	2
6621	0
6622	1
6623	0
6624	0
6625	0
6626	0
6627	2
6628	1
6629	0
6630	0
6631	1
6632	0
6633	1
6634	0
6635	0
6636	1
6637	0
6638	0
6639	0
6640	0
6641	0
6642	0
6643	0
6644	0
6645	0
6646	1
6647	1
6648	0
6649	0
6650	0
6651	0
6652	1
6653	0
6654	0
6655	0
6656	0
6657	2
6658	1
6659	1
6660	0
6661	0
6662	0
6663	1
6664	0
6665	0
6666	0
6667	0
6668	0
6669	1
6670	0
6671	0
6672	0
6673	0
6674	1
6675	1
6676	0
6677	0
6678	1
6679	3
6680	0
6681	0
6682	0
6683	0
6684	0
6685	1
6686	1
6687	0
6688	1
6689	0
6690	1
6691	0
6692	0
6693	0
6694	1
6695	1
6696	0
6697	0
6698	0
6699	0
6700	0
6701	0
6702	0
6703	0
6704	0
6705	0
6706	1
6707	0
6708	0
6709	0
6710	0
6711	0
6712	0
6713	0
6714	0
6715	0
6716	0
6717	1
6718	0
6719	2
6720	0
6721	0
6722	0
6723	1
6724	0
6725	0
6726	1
6727	0
6728	0
6729	0
6730	0
6731	0
6732	0
6733	0
6734	0
6735	0
6736	0
6737	0
6738	0
6739	0
6740	1
6741	1
6742	0
6743	0
6744	0
6745	0
6746	0
6747	0
6748	0
6749	1
6750	2
6751	0
6752	0
6753	0
6754	1
6755	0
6756	1
6757	0
6758	1
6759	1
6760	2
6761	1
6762	1
6763	0
6764	1
6765	0
6766	0
6767	0
6768	1
6769	0
6770	0
6771	0
6772	0
6773	0
6774	0
6775	0
6776	1
6777	1
6778	0
6779	0
6780	0
6781	0
6782	0
6783	0
6784	1
6785	0
6786	0
6787	0
6788	0
6789	0
6790	1
6791	0
6792	0
6793	0
6794	1
6795	0
6796	0
6797	0
6798	0
6799	0
6800	0
6801	0
6802	1
6803	0
6804	1
6805	0
6806	0
6807	0
6808	1
6809	0
6810	0
6811	0
6812	1
6813	0
6814	3
6815	1
6816	1
6817	0
6818	0
6819	0
6820	0
6821	0
6822	0
6823	0
6824	0
6825	1
6826	0
6827	1
6828	2
6829	0
6830	0
6831	1
6832	0
6833	0
6834	1
6835	1
6836	0
6837	1
6838	0
6839	0
6840	0
6841	1
6842	0
6843	0
6844	1
6845	0
6846	0
6847	0
6848	0
6849	0
6850	0
6851	1
6852	0
6853	0
6854	1
6855	0
6856	0
6857	0
6858	1
6859	0
6860	0
6861	1
6862	0
6863	1
6864	0
6865	1
6866	0
6867	0
6868	0
6869	0
6870	0
6871	0
6872	0
6873	0
6874	0
6875	0
6876	0
6877	0
6878	1
6879	0
6880	0
6881	0
6882	0
6883	1
6884	0
6885	0
6886	0
6887	0
6888	0
6889	0
6890	1
6891	0
6892	0
6893	0
6894	0
6895	0
6896	1
6897	0
6898	0
6899	1
6900	0
6901	0
6902	0
6903	1
6904	0
6905	0
6906	2
6907	0
6908	1
6909	0
6910	0
6911	0
6912	0
6913	1
6914	0
6915	1
6916	0
6917	0
6918	0
6919	0
6920	1
6921	0
6922	0
6923	0
6924	0
6925	0
6926	0
6927	0
6928	0
6929	0
6930	0
6931	1
6932	0
6933	0
6934	1
6935	1
6936	0
6937	0
6938	0
6939	2
6940	0
6941	0
6942	1
6943	0
6944	1
6945	0
6946	0
6947	0
6948	1
6949	0
6950	0
6951	0
6952	0
6953	0
6954	0
6955	0
6956	0
6957	0
6958	1
6959	2
6960	0
6961	0
6962	0
6963	0
6964	2
6965	0
6966	0
6967	2
6968	0
6969	1
6970	0
6971	0
6972	0
6973	0
6974	1
6975	0
6976	0
6977	0
6978	0
6979	0
6980	0
6981	0
6982	0
6983	0
6984	2
6985	0
6986	0
6987	0
6988	0
6989	0
6990	0
6991	1
6992	0
6993	0
6994	0
6995	0
6996	1
6997	0
6998	1
6999	0
7000	1
7001	0
7002	0
7003	0
7004	0
7005	1
7006	1
7007	1
7008	0
7009	0
7010	0
7011	0
7012	1
7013	0
7014	0
7015	0
7016	0
7017	0
7018	0
7019	0
7020	0
7021	0
7022	1
7023	0
7024	0
7025	0
7026	1
7027	0
7028	0
7029	0
7030	0
7031	1
7032	0
7033	0
7034	0
7035	0
7036	0
7037	0
7038	1
7039	0
7040	0
7041	0
7042	0
7043	1
7044	0
7045	1
7046	0
7047	1
7048	1
7049	0
7050	0
7051	0
7052	1
7053	0
7054	0
7055	0
7056	0
7057	1
7058	1
7059	0
7060	0
7061	0
7062	0
7063	0
7064	0
7065	0
7066	0
7067	0
7068	1
7069	1
7070	0
7071	0
7072	0
7073	0
7074	0
7075	0
7076	0
7077	0
7078	0
7079	0
7080	0
7081	1
7082	0
7083	0
7084	1
7085	1
7086	0
7087	0
7088	0
7089	0
7090	0
7091	0
7092	0
7093	0
7094	2
7095	0
7096	0
7097	0
7098	0
7099	1
7100	1
7101	1
7102	0
7103	1
7104	0
7105	0
7106	0
7107	0
7108	0
7109	0
7110	0
7111	0
7112	0
7113	0
7114	0
7115	0
7116	0
7117	1
7118	0
7119	0
7120	0
7121	0
7122	0
7123	1
7124	0
7125	0
7126	1
7127	0
7128	0
7129	0
7130	1
7131	0
7132	0
7133	0
7134	1
7135	1
7136	0
7137	0
7138	1
7139	0
7140	0
7141	0
7142	0
7143	0
7144	0
7145	0
7146	0
7147	0
7148	0
7149	0
7150	0
7151	0
7152	0
7153	0
7154	0
7155	0
7156	0
7157	0
7158	0
7159	1
7160	0
7161	0
7162	0
7163	0
7164	0
7165	0
7166	0
7167	0
7168	0
7169	1
7170	0
7171	0
7172	1
7173	0
7174	0
7175	1
7176	0
7177	1
7178	0
7179	0
7180	0
7181	0
7182	0
7183	1
7184	0
7185	0
7186	0
7187	0
7188	0
7189	0
7190	0
7191	1
7192	0
7193	1
7194	0
7195	1
7196	0
7197	0
7198	0
7199	2
7200	0
7201	1
7202	0
7203	0
7204	0
7205	0
7206	0
7207	0
7208	1
7209	0
7210	0
7211	0
7212	0
7213	1
7214	0
7215	0
7216	0
7217	0
7218	1
7219	0
7220	0
7221	0
7222	0
7223	1
7224	1
7225	0
7226	0
7227	0
7228	0
7229	0
7230	0
7231	0
7232	1
7233	0
7234	0
7235	0
7236	0
7237	0
7238	0
7239	0
7240	0
7241	0
7242	0
7243	1
7244	0
7245	0
7246	0
7247	1
7248	0
7249	0
7250	0
7251	0
7252	0
7253	0
7254	0
7255	0
7256	0
7257	0
7258	2
7259	0
7260	0
7261	0
7262	0
7263	0
7264	1
7265	0
7266	0
7267	1
7268	0
7269	0
7270	0
7271	0
7272	0
7273	0
7274	0
7275	0
7276	0
7277	0
7278	0
7279	0
7280	0
7281	0
7282	0
7283	0
7284	0
7285	0
7286	0
7287	0
7288	0
7289	1
7290	0
7291	0
7292	0
7293	0
7294	0
7295	0
7296	0
7297	0
7298	0
7299	0
7300	0
7301	0
7302	0
7303	0
7304	0
7305	0
7306	0
7307	0
7308	0
7309	0
7310	0
7311	0
7312	0
7313	0
7314	0
7315	0
7316	0
7317	0
7318	0
7319	1
7320	0
7321	0
7322	0
7323	0
7324	0
7325	0
7326	0
7327	0
7328	0
7329	0
7330	0
7331	1
7332	0
7333	0
7334	0
7335	1
7336	0
7337	1
7338	0
7339	0
7340	0
7341	0
7342	0
7343	1
7344	0
7345	1
7346	0
7347	0
7348	0
7349	0
7350	0
7351	0
7352	0
7353	0
7354	0
7355	1
7356	0
7357	0
7358	0
7359	0
7360	0
7361	1
7362	1
7363	0
7364	0
7365	0
7366	0
7367	0
7368	0
7369	0
7370	0
7371	0
7372	0
7373	0
7374	1
7375	0
7376	0
7377	0
7378	0
7379	0
7380	0
7381	0
7382	0
7383	1
7384	0
7385	0
7386	0
7387	0
7388	1
7389	0
7390	0
7391	0
7392	0
7393	0
7394	0
7395	0
7396	0
7397	0
7398	0
7399	0
7400	0
7401	0
7402	0
7403	0
7404	0
7405	0
7406	0
7407	0
7408	0
7409	0
7410	1
7411	0
7412	0
7413	0
7414	0
7415	1
7416	0
7417	0
7418	0
7419	0
7420	0
7421	0
7422	0
7423	0
7424	1
7425	0
7426	0
7427	0
7428	0
7429	0
7430	0
7431	0
7432	2
7433	0
7434	0
7435	0
7436	0
7437	2
7438	1
7439	0
7440	0
7441	0
7442	0
7443	1
7444	0
7445	0
7446	0
7447	0
7448	0
7449	0
7450	0
7451	0
7452	0
7453	0
7454	0
7455	0
7456	0
7457	0
7458	0
7459	1
7460	0
7461	1
7462	0
7463	0
7464	0
7465	0
7466	0
7467	2
7468	0
7469	0
7470	0
7471	0
7472	1
7473	1
7474	1
7475	0
7476	0
7477	0
7478	0
7479	0
7480	0
7481	1
7482	0
7483	1
7484	0
7485	0
7486	0
7487	0
7488	0
7489	0
7490	0
7491	0
7492	0
7493	0
7494	0
7495	0
7496	0
7497	0
7498	0
7499	1
7500	0
7501	0
7502	0
7503	0
7504	0
7505	0
7506	1
7507	0
7508	0
7509	0
7510	0
7511	0
7512	0
7513	0
7514	0
7515	0
7516	1
7517	0
7518	0
7519	0
7520	0
7521	0
7522	0
7523	0
7524	1
7525	1
7526	0
7527	0
7528	0
7529	0
7530	0
7531	0
7532	0
7533	0
7534	0
7535	0
7536	0
7537	0
7538	0
7539	0
7540	0
7541	0
7542	1
7543	0
7544	0
7545	0
7546	0
7547	0
7548	0
7549	0
7550	0
7551	0
7552	0
7553	0
7554	0
7555	0
7556	0
7557	0
7558	0
7559	2
7560	0
7561	0
7562	0
7563	0
7564	0
7565	0
7566	0
7567	0
7568	0
7569	0
7570	1
7571	0
7572	0
7573	0
7574	1
7575	0
7576	1
7577	0
7578	0
7579	0
7580	0
7581	0
7582	1
7583	0
7584	0
7585	0
7586	0
7587	0
7588	1
7589	1
7590	0
7591	0
7592	0
7593	0
7594	0
7595	1
7596	0
7597	0
7598	1
7599	0
7600	0
7601	0
7602	1
7603	0
7604	0
7605	1
7606	0
7607	0
7608	1
7609	1
7610	0
7611	1
7612	0
7613	0
7614	0
7615	0
7616	0
7617	0
7618	1
7619	0
7620	0
7621	0
7622	0
7623	0
7624	0
7625	1
7626	0
7627	0
7628	0
7629	0
7630	0
7631	0
7632	0
7633	0
7634	0
7635	0
7636	0
7637	0
7638	0
7639	0
7640	0
7641	0
7642	0
7643	0
7644	0
7645	0
7646	0
7647	0
7648	1
7649	0
7650	0
7651	0
7652	0
7653	0
7654	0
7655	0
7656	0
7657	0
7658	0
7659	1
7660	0
7661	0
7662	0
7663	0
7664	0
7665	0
7666	0
7667	0
7668	0
7669	0
7670	1
7671	0
7672	0
7673	1
7674	0
7675	0
7676	0
7677	0
7678	0
7679	0
7680	0
7681	0
7682	0
7683	1
7684	0
7685	0
7686	0
7687	0
7688	0
7689	0
7690	0
7691	0
7692	0
7693	0
7694	0
7695	0
7696	1
7697	0
7698	0
7699	0
7700	0
7701	0
7702	0
7703	0
7704	0
7705	0
7706	0
7707	0
7708	0
7709	0
7710	0
7711	1
7712	0
7713	0
7714	0
7715	0
7716	0
7717	0
7718	0
7719	0
7720	0
7721	0
7722	0
7723	0
7724	0
7725	0
7726	2
7727	0
7728	0
7729	0
7730	0
7731	1
7732	1
7733	0
7734	0
7735	0
7736	0
7737	0
7738	0
7739	0
7740	0
7741	1
7742	0
7743	0
7744	0
7745	0
7746	0
7747	0
7748	0
7749	0
7750	0
7751	0
7752	0
7753	0
7754	0
7755	0
7756	0
7757	0
7758	0
7759	0
7760	0
7761	0
7762	0
7763	0
7764	1
7765	0
7766	1
7767	0
7768	0
7769	0
7770	0
7771	0
7772	0
7773	0
7774	0
7775	0
7776	0
7777	0
7778	1
7779	0
7780	0
7781	0
7782	0
7783	0
7784	0
7785	1
7786	1
7787	0
7788	1
7789	0
7790	0
7791	0
7792	0
7793	0
7794	0
7795	0
7796	0
7797	1
7798	0
7799	0
7800	1
7801	0
7802	0
7803	0
7804	1
7805	0
7806	0
7807	0
7808	1
7809	0
7810	0
7811	0
7812	0
7813	0
7814	1
7815	2
7816	1
7817	0
7818	0
7819	0
7820	0
7821	1
7822	0
7823	1
7824	0
7825	0
7826	0
7827	1
7828	0
7829	0
7830	0
7831	0
7832	0
7833	0
7834	0
7835	0
7836	1
7837	0
7838	0
7839	0
7840	0
7841	0
7842	0
7843	0
7844	0
7845	0
7846	1
7847	0
7848	1
7849	0
7850	0
7851	0
7852	2
7853	0
7854	0
7855	1
7856	0
7857	0
7858	0
7859	0
7860	0
7861	0
7862	0
7863	1
7864	0
7865	0
7866	0
7867	1
7868	1
7869	0
7870	1
7871	0
7872	1
7873	0
7874	0
7875	0
7876	0
7877	0
7878	0
7879	0
7880	1
7881	0
7882	0
7883	1
7884	0
7885	0
7886	0
7887	0
7888	0
7889	0
7890	0
7891	0
7892	1
7893	2
7894	1
7895	0
7896	0
7897	1
7898	0
7899	0
7900	0
7901	0
7902	1
7903	0
7904	0
7905	0
7906	0
7907	0
7908	0
7909	0
7910	0
7911	1
7912	1
7913	0
7914	0
7915	0
7916	0
7917	0
7918	0
7919	0
7920	1
7921	0
7922	0
7923	0
7924	0
7925	0
7926	0
7927	0
7928	0
7929	0
7930	1
7931	1
7932	0
7933	0
7934	0
7935	0
7936	0
7937	0
7938	0
7939	0
7940	0
7941	0
7942	0
7943	0
7944	0
7945	0
7946	0
7947	0
7948	0
7949	0
7950	0
7951	1
7952	0
7953	0
7954	0
7955	0
7956	1
7957	0
7958	2
7959	0
7960	0
7961	0
7962	1
7963	0
7964	0
7965	0
7966	0
7967	0
7968	0
7969	0
7970	2
7971	1
7972	0
7973	0
7974	1
7975	0
7976	1
7977	3
7978	2
7979	1
7980	1
7981	0
7982	2
7983	0
7984	0
7985	0
7986	2
7987	2
7988	0
7989	1
7990	1
7991	0
7992	1
7993	3
7994	0
7995	1
7996	0
7997	0
7998	0
7999	0
8000	0
8001	1
8002	0
8003	0
8004	0
8005	1
8006	0
8007	0
8008	2
8009	0
8010	0
8011	0
8012	2
8013	0
8014	1
8015	0
8016	0
8017	0
8018	0
8019	0
8020	0
8021	0
8022	0
8023	0
8024	0
8025	0
8026	0
8027	0
8028	0
8029	0
8030	0
8031	0
8032	0
8033	0
8034	0
8035	0
8036	0
8037	0
8038	0
8039	0
8040	0
8041	0
8042	0
8043	0
8044	0
8045	0
8046	0
8047	0
8048	0
8049	0
8050	0
8051	0
8052	0
8053	0
8054	0
8055	0
8056	0
8057	0
8058	0
8059	0
8060	0
8061	0
8062	0
8063	0
8064	0
8065	0
8066	0
8067	0
8068	0
8069	0
8070	0
8071	0
8072	0
8073	0
8074	0
8075	0
8076	0
8077	0
8078	0
8079	0
8080	0
8081	0
8082	0
8083	0
8084	0
8085	0
8086	0
8087	0
8088	0
8089	0
8090	0
8091	0
8092	0
8093	0
8094	0
8095	0
8096	0
8097	0
8098	0
8099	0
8100	0
8101	0
8102	0
8103	0
8104	0
8105	0
8106	0
8107	0
8108	0
8109	0
8110	0
8111	0
8112	0
8113	0
8114	0
8115	0
8116	0
8117	0
8118	0
8119	0
8120	0
8121	0
8122	0
8123	0
8124	0
8125	0
8126	0
8127	0
8128	0
8129	0
8130	0
8131	0
8132	0
8133	0
8134	0
8135	0
8136	0
8137	0
8138	0
8139	0
8140	0
8141	0
8142	0
8143	0
8144	0
8145	0
8146	0
8147	0
8148	0
8149	0
8150	0
8151	0
8152	0
8153	0
8154	0
8155	0
8156	0
8157	0
8158	0
8159	0
8160	0
8161	0
8162	0
8163	0
8164	0
8165	0
8166	0
8167	0
8168	0
8169	0
8170	0
8171	0
8172	0
8173	0
8174	0
8175	0
8176	0
8177	0
8178	0
8179	0
8180	0
8181	0
8182	0
8183	0
8184	0
8185	0
8186	0
8187	0
8188	0
8189	0
8190	0
8191	0
