0	0
1	0
2	0
3	0
4	0
5	0
6	0
7	0
8	0
9	0
10	0
11	0
12	0
13	0
14	0
15	0
16	0
17	0
18	0
19	1
20	1
21	1
22	0
23	0
24	2
25	0
26	1
27	0
28	1
29	4
30	0
31	3
32	3
33	7
34	3
35	4
36	4
37	0
38	2
39	3
40	6
41	1
42	6
43	35
44	179
45	595
46	784
47	813
48	842
49	847
50	849
51	815
52	754
53	620
54	545
55	414
56	404
57	382
58	374
59	327
60	329
61	319
62	290
63	345
64	287
65	262
66	263
67	278
68	308
69	263
70	281
71	246
72	268
73	207
74	238
75	255
76	265
77	223
78	236
79	260
80	225
81	258
82	240
83	248
84	221
85	244
86	210
87	227
88	237
89	217
90	211
91	259
92	217
93	225
94	230
95	210
96	225
97	212
98	214
99	226
100	243
101	214
102	213
103	211
104	232
105	207
106	226
107	218
108	246
109	225
110	199
111	225
112	241
113	233
114	203
115	231
116	236
117	219
118	226
119	271
120	223
121	213
122	223
123	241
124	205
125	246
126	233
127	241
128	233
129	250
130	227
131	239
132	202
133	236
134	202
135	234
136	198
137	237
138	241
139	239
140	229
141	271
142	258
143	238
144	264
145	229
146	246
147	279
148	268
149	235
150	260
151	259
152	246
153	233
154	260
155	251
156	265
157	253
158	257
159	259
160	228
161	255
162	250
163	243
164	242
165	253
166	250
167	250
168	265
169	242
170	258
171	253
172	257
173	229
174	258
175	265
176	217
177	267
178	269
179	247
180	233
181	246
182	291
183	283
184	260
185	257
186	274
187	283
188	264
189	263
190	247
191	245
192	253
193	281
194	261
195	270
196	242
197	268
198	248
199	245
200	300
201	272
202	283
203	249
204	285
205	284
206	250
207	269
208	265
209	273
210	258
211	290
212	302
213	288
214	274
215	309
216	253
217	281
218	282
219	262
220	311
221	298
222	283
223	303
224	318
225	295
226	306
227	281
228	321
229	292
230	303
231	334
232	305
233	312
234	293
235	324
236	310
237	366
238	320
239	352
240	354
241	361
242	375
243	374
244	357
245	381
246	368
247	384
248	402
249	423
250	375
251	407
252	386
253	414
254	408
255	413
256	378
257	383
258	444
259	429
260	393
261	425
262	395
263	411
264	398
265	384
266	383
267	381
268	367
269	353
270	364
271	377
272	329
273	343
274	333
275	337
276	356
277	351
278	326
279	340
280	349
281	343
282	334
283	338
284	389
285	329
286	327
287	333
288	332
289	329
290	320
291	341
292	334
293	346
294	341
295	328
296	373
297	336
298	334
299	322
300	313
301	328
302	320
303	352
304	300
305	316
306	330
307	303
308	312
309	305
310	319
311	296
312	287
313	273
314	341
315	311
316	299
317	277
318	263
319	284
320	276
321	336
322	305
323	329
324	293
325	263
326	309
327	297
328	278
329	265
330	282
331	299
332	299
333	305
334	277
335	303
336	295
337	296
338	310
339	306
340	304
341	271
342	310
343	299
344	271
345	289
346	285
347	277
348	298
349	294
350	273
351	262
352	305
353	277
354	305
355	301
356	301
357	294
358	276
359	284
360	271
361	297
362	283
363	290
364	261
365	240
366	276
367	299
368	268
369	247
370	299
371	269
372	285
373	284
374	281
375	286
376	287
377	293
378	304
379	302
380	288
381	287
382	286
383	291
384	268
385	295
386	305
387	305
388	301
389	280
390	287
391	288
392	305
393	298
394	290
395	274
396	289
397	282
398	306
399	296
400	255
401	286
402	299
403	308
404	301
405	280
406	294
407	254
408	266
409	263
410	270
411	262
412	283
413	292
414	291
415	292
416	277
417	282
418	278
419	303
420	272
421	263
422	293
423	252
424	291
425	274
426	290
427	266
428	273
429	263
430	270
431	278
432	254
433	260
434	261
435	280
436	310
437	294
438	288
439	273
440	268
441	282
442	284
443	300
444	275
445	294
446	248
447	279
448	274
449	287
450	300
451	309
452	271
453	301
454	285
455	277
456	281
457	272
458	306
459	266
460	300
461	291
462	293
463	258
464	294
465	322
466	274
467	314
468	304
469	254
470	302
471	301
472	303
473	288
474	271
475	279
476	278
477	252
478	287
479	286
480	281
481	271
482	302
483	280
484	288
485	313
486	298
487	293
488	265
489	248
490	264
491	283
492	301
493	275
494	299
495	301
496	279
497	275
498	286
499	272
500	294
501	239
502	296
503	280
504	273
505	332
506	263
507	275
508	242
509	329
510	270
511	292
512	270
513	292
514	275
515	280
516	246
517	285
518	268
519	295
520	301
521	287
522	256
523	265
524	264
525	290
526	295
527	272
528	296
529	286
530	309
531	287
532	266
533	273
534	278
535	270
536	284
537	274
538	254
539	295
540	268
541	295
542	300
543	310
544	252
545	281
546	293
547	308
548	271
549	326
550	303
551	308
552	293
553	309
554	287
555	295
556	299
557	296
558	301
559	310
560	288
561	301
562	319
563	328
564	320
565	308
566	302
567	302
568	302
569	301
570	315
571	307
572	331
573	321
574	312
575	314
576	334
577	322
578	325
579	350
580	328
581	323
582	295
583	303
584	323
585	324
586	336
587	330
588	322
589	340
590	332
591	344
592	316
593	327
594	303
595	347
596	312
597	318
598	317
599	315
600	320
601	357
602	294
603	353
604	310
605	318
606	318
607	341
608	310
609	309
610	326
611	322
612	293
613	325
614	304
615	318
616	299
617	329
618	313
619	293
620	316
621	348
622	309
623	328
624	329
625	292
626	317
627	305
628	321
629	305
630	312
631	273
632	311
633	333
634	316
635	289
636	286
637	343
638	315
639	285
640	275
641	326
642	295
643	303
644	302
645	314
646	313
647	325
648	288
649	304
650	301
651	294
652	304
653	312
654	322
655	312
656	303
657	303
658	326
659	312
660	302
661	329
662	309
663	315
664	288
665	262
666	278
667	315
668	329
669	281
670	298
671	266
672	310
673	307
674	303
675	324
676	276
677	288
678	304
679	274
680	313
681	284
682	293
683	292
684	288
685	295
686	281
687	295
688	292
689	293
690	316
691	299
692	297
693	274
694	307
695	303
696	303
697	331
698	308
699	285
700	332
701	321
702	309
703	269
704	319
705	319
706	274
707	293
708	283
709	301
710	311
711	321
712	295
713	282
714	313
715	329
716	283
717	290
718	301
719	291
720	298
721	314
722	322
723	320
724	278
725	302
726	286
727	281
728	317
729	276
730	271
731	296
732	289
733	286
734	276
735	305
736	290
737	268
738	276
739	281
740	313
741	238
742	308
743	268
744	282
745	277
746	253
747	301
748	303
749	324
750	285
751	284
752	300
753	307
754	317
755	265
756	305
757	266
758	291
759	251
760	273
761	276
762	281
763	263
764	259
765	321
766	271
767	269
768	291
769	286
770	278
771	299
772	270
773	278
774	254
775	308
776	293
777	268
778	275
779	276
780	300
781	282
782	262
783	285
784	263
785	268
786	266
787	266
788	300
789	254
790	265
791	285
792	253
793	253
794	264
795	248
796	265
797	287
798	270
799	259
800	286
801	296
802	282
803	330
804	284
805	294
806	279
807	269
808	312
809	282
810	260
811	270
812	258
813	261
814	260
815	251
816	270
817	242
818	268
819	266
820	266
821	291
822	264
823	294
824	257
825	271
826	269
827	246
828	242
829	262
830	306
831	287
832	248
833	285
834	275
835	259
836	263
837	278
838	250
839	264
840	267
841	233
842	260
843	245
844	271
845	320
846	301
847	246
848	279
849	283
850	252
851	281
852	287
853	276
854	249
855	275
856	258
857	275
858	288
859	302
860	273
861	264
862	256
863	250
864	259
865	275
866	266
867	260
868	258
869	267
870	283
871	242
872	258
873	257
874	270
875	269
876	235
877	257
878	275
879	245
880	249
881	265
882	249
883	248
884	292
885	282
886	279
887	269
888	252
889	265
890	251
891	261
892	273
893	260
894	266
895	227
896	234
897	301
898	252
899	280
900	265
901	275
902	258
903	255
904	254
905	263
906	291
907	288
908	260
909	277
910	259
911	290
912	275
913	256
914	252
915	266
916	243
917	259
918	288
919	262
920	261
921	249
922	251
923	272
924	273
925	265
926	307
927	269
928	261
929	289
930	274
931	270
932	282
933	240
934	262
935	292
936	297
937	287
938	271
939	264
940	250
941	252
942	313
943	286
944	286
945	296
946	284
947	291
948	300
949	239
950	274
951	299
952	288
953	266
954	302
955	298
956	300
957	262
958	251
959	272
960	275
961	288
962	268
963	270
964	261
965	279
966	276
967	303
968	256
969	278
970	271
971	309
972	264
973	262
974	246
975	275
976	301
977	302
978	322
979	290
980	291
981	287
982	289
983	278
984	263
985	256
986	284
987	256
988	239
989	289
990	249
991	288
992	266
993	249
994	304
995	295
996	265
997	283
998	296
999	280
1000	271
1001	296
1002	281
1003	283
1004	276
1005	299
1006	255
1007	251
1008	296
1009	289
1010	254
1011	249
1012	304
1013	270
1014	275
1015	268
1016	255
1017	285
1018	288
1019	286
1020	261
1021	268
1022	293
1023	281
1024	287
1025	261
1026	282
1027	308
1028	281
1029	241
1030	267
1031	248
1032	278
1033	262
1034	258
1035	234
1036	280
1037	276
1038	262
1039	273
1040	274
1041	251
1042	249
1043	261
1044	275
1045	261
1046	253
1047	233
1048	240
1049	232
1050	230
1051	255
1052	264
1053	239
1054	226
1055	246
1056	261
1057	225
1058	242
1059	207
1060	236
1061	261
1062	230
1063	256
1064	228
1065	224
1066	268
1067	210
1068	209
1069	211
1070	211
1071	226
1072	248
1073	223
1074	237
1075	229
1076	208
1077	210
1078	207
1079	220
1080	195
1081	208
1082	209
1083	206
1084	201
1085	204
1086	220
1087	199
1088	255
1089	174
1090	203
1091	169
1092	175
1093	178
1094	186
1095	177
1096	205
1097	191
1098	197
1099	192
1100	180
1101	162
1102	199
1103	174
1104	195
1105	165
1106	179
1107	164
1108	176
1109	162
1110	173
1111	184
1112	181
1113	176
1114	163
1115	165
1116	179
1117	176
1118	195
1119	177
1120	177
1121	149
1122	160
1123	139
1124	186
1125	171
1126	143
1127	153
1128	148
1129	164
1130	169
1131	168
1132	161
1133	172
1134	166
1135	160
1136	154
1137	188
1138	154
1139	151
1140	138
1141	166
1142	153
1143	147
1144	171
1145	151
1146	176
1147	168
1148	172
1149	150
1150	144
1151	163
1152	153
1153	176
1154	146
1155	169
1156	166
1157	143
1158	185
1159	155
1160	151
1161	183
1162	186
1163	147
1164	139
1165	164
1166	132
1167	158
1168	160
1169	153
1170	147
1171	139
1172	155
1173	150
1174	168
1175	179
1176	156
1177	143
1178	149
1179	151
1180	155
1181	169
1182	155
1183	156
1184	147
1185	159
1186	145
1187	167
1188	160
1189	124
1190	141
1191	155
1192	133
1193	139
1194	136
1195	170
1196	148
1197	118
1198	159
1199	147
1200	134
1201	156
1202	137
1203	152
1204	118
1205	165
1206	146
1207	129
1208	133
1209	157
1210	148
1211	142
1212	160
1213	130
1214	126
1215	143
1216	131
1217	141
1218	142
1219	129
1220	135
1221	153
1222	128
1223	148
1224	180
1225	161
1226	164
1227	133
1228	150
1229	135
1230	151
1231	148
1232	122
1233	149
1234	156
1235	138
1236	158
1237	174
1238	163
1239	152
1240	140
1241	139
1242	140
1243	151
1244	139
1245	162
1246	152
1247	147
1248	135
1249	145
1250	148
1251	150
1252	157
1253	164
1254	121
1255	145
1256	148
1257	158
1258	126
1259	146
1260	162
1261	163
1262	149
1263	145
1264	140
1265	144
1266	143
1267	122
1268	139
1269	148
1270	151
1271	162
1272	150
1273	144
1274	144
1275	152
1276	155
1277	175
1278	160
1279	142
1280	147
1281	155
1282	155
1283	145
1284	127
1285	147
1286	144
1287	139
1288	152
1289	164
1290	150
1291	134
1292	149
1293	147
1294	143
1295	138
1296	141
1297	162
1298	175
1299	144
1300	147
1301	152
1302	173
1303	143
1304	119
1305	152
1306	152
1307	144
1308	175
1309	154
1310	148
1311	156
1312	143
1313	145
1314	154
1315	139
1316	141
1317	133
1318	152
1319	136
1320	166
1321	171
1322	148
1323	177
1324	136
1325	157
1326	146
1327	156
1328	116
1329	151
1330	168
1331	151
1332	149
1333	152
1334	140
1335	144
1336	174
1337	143
1338	155
1339	143
1340	161
1341	149
1342	150
1343	136
1344	164
1345	153
1346	149
1347	136
1348	139
1349	135
1350	132
1351	148
1352	127
1353	134
1354	149
1355	139
1356	144
1357	139
1358	159
1359	145
1360	138
1361	129
1362	160
1363	121
1364	153
1365	144
1366	164
1367	141
1368	161
1369	144
1370	155
1371	148
1372	150
1373	140
1374	138
1375	140
1376	161
1377	149
1378	138
1379	160
1380	154
1381	142
1382	146
1383	154
1384	137
1385	134
1386	164
1387	144
1388	126
1389	126
1390	154
1391	130
1392	148
1393	134
1394	166
1395	153
1396	157
1397	147
1398	160
1399	145
1400	151
1401	134
1402	138
1403	143
1404	155
1405	145
1406	128
1407	137
1408	165
1409	142
1410	148
1411	172
1412	115
1413	158
1414	136
1415	149
1416	157
1417	147
1418	142
1419	148
1420	149
1421	159
1422	156
1423	152
1424	160
1425	137
1426	107
1427	181
1428	154
1429	144
1430	143
1431	170
1432	138
1433	144
1434	142
1435	132
1436	165
1437	148
1438	141
1439	134
1440	153
1441	148
1442	146
1443	151
1444	134
1445	150
1446	142
1447	163
1448	132
1449	159
1450	171
1451	140
1452	145
1453	159
1454	138
1455	149
1456	143
1457	168
1458	145
1459	159
1460	160
1461	156
1462	161
1463	133
1464	150
1465	147
1466	167
1467	159
1468	165
1469	166
1470	186
1471	170
1472	168
1473	165
1474	160
1475	189
1476	193
1477	189
1478	171
1479	186
1480	184
1481	168
1482	180
1483	174
1484	189
1485	216
1486	181
1487	193
1488	199
1489	199
1490	184
1491	223
1492	174
1493	216
1494	225
1495	216
1496	240
1497	240
1498	227
1499	256
1500	248
1501	250
1502	272
1503	268
1504	268
1505	281
1506	274
1507	281
1508	296
1509	302
1510	316
1511	309
1512	314
1513	298
1514	336
1515	308
1516	336
1517	346
1518	353
1519	351
1520	374
1521	400
1522	445
1523	395
1524	426
1525	388
1526	428
1527	455
1528	471
1529	448
1530	487
1531	480
1532	505
1533	537
1534	502
1535	545
1536	564
1537	533
1538	588
1539	564
1540	561
1541	657
1542	579
1543	669
1544	610
1545	656
1546	738
1547	687
1548	732
1549	698
1550	725
1551	728
1552	762
1553	791
1554	774
1555	806
1556	801
1557	858
1558	872
1559	873
1560	885
1561	966
1562	1012
1563	948
1564	1007
1565	960
1566	1016
1567	1027
1568	1012
1569	1070
1570	1101
1571	1154
1572	1170
1573	1122
1574	1185
1575	1170
1576	1251
1577	1300
1578	1239
1579	1284
1580	1271
1581	1298
1582	1368
1583	1414
1584	1405
1585	1449
1586	1464
1587	1419
1588	1442
1589	1486
1590	1532
1591	1496
1592	1535
1593	1539
1594	1604
1595	1610
1596	1629
1597	1622
1598	1730
1599	1753
1600	1679
1601	1739
1602	1782
1603	1844
1604	1722
1605	1789
1606	1883
1607	1862
1608	1829
1609	1939
1610	1914
1611	1898
1612	1928
1613	2031
1614	1980
1615	2019
1616	1973
1617	2022
1618	1976
1619	2021
1620	2038
1621	1993
1622	2086
1623	2087
1624	1994
1625	2059
1626	2086
1627	2063
1628	2157
1629	2201
1630	2131
1631	2084
1632	2133
1633	2155
1634	2184
1635	2219
1636	2197
1637	2086
1638	2122
1639	2193
1640	2184
1641	2098
1642	2213
1643	2122
1644	2154
1645	2105
1646	2184
1647	2163
1648	2096
1649	2121
1650	2247
1651	2117
1652	2137
1653	2140
1654	2135
1655	2142
1656	2213
1657	2097
1658	2032
1659	2052
1660	2034
1661	2031
1662	2025
1663	1992
1664	2016
1665	1972
1666	2001
1667	1927
1668	1984
1669	1884
1670	1989
1671	1909
1672	1851
1673	1853
1674	1760
1675	1811
1676	1813
1677	1832
1678	1699
1679	1723
1680	1673
1681	1634
1682	1658
1683	1703
1684	1622
1685	1596
1686	1575
1687	1504
1688	1456
1689	1611
1690	1542
1691	1440
1692	1501
1693	1361
1694	1408
1695	1408
1696	1356
1697	1345
1698	1289
1699	1223
1700	1270
1701	1238
1702	1139
1703	1156
1704	1114
1705	1099
1706	1109
1707	1116
1708	1054
1709	991
1710	1058
1711	975
1712	952
1713	893
1714	944
1715	893
1716	822
1717	855
1718	846
1719	831
1720	835
1721	730
1722	756
1723	768
1724	717
1725	778
1726	702
1727	622
1728	684
1729	650
1730	597
1731	620
1732	564
1733	542
1734	569
1735	551
1736	519
1737	459
1738	470
1739	471
1740	425
1741	441
1742	462
1743	442
1744	405
1745	432
1746	380
1747	397
1748	355
1749	361
1750	339
1751	352
1752	359
1753	318
1754	310
1755	286
1756	264
1757	259
1758	232
1759	247
1760	250
1761	243
1762	237
1763	205
1764	248
1765	238
1766	226
1767	198
1768	188
1769	196
1770	183
1771	176
1772	170
1773	168
1774	168
1775	171
1776	166
1777	152
1778	141
1779	108
1780	134
1781	131
1782	123
1783	154
1784	125
1785	146
1786	128
1787	133
1788	119
1789	121
1790	123
1791	108
1792	120
1793	84
1794	97
1795	100
1796	96
1797	100
1798	90
1799	75
1800	78
1801	82
1802	94
1803	83
1804	99
1805	80
1806	75
1807	83
1808	94
1809	87
1810	85
1811	71
1812	89
1813	72
1814	89
1815	84
1816	73
1817	67
1818	71
1819	71
1820	71
1821	76
1822	82
1823	78
1824	73
1825	72
1826	75
1827	71
1828	69
1829	59
1830	96
1831	73
1832	67
1833	61
1834	75
1835	63
1836	64
1837	73
1838	77
1839	62
1840	91
1841	67
1842	78
1843	78
1844	78
1845	65
1846	69
1847	71
1848	73
1849	79
1850	66
1851	73
1852	60
1853	67
1854	79
1855	54
1856	71
1857	61
1858	57
1859	66
1860	63
1861	65
1862	67
1863	85
1864	76
1865	56
1866	76
1867	65
1868	69
1869	56
1870	70
1871	61
1872	48
1873	57
1874	73
1875	73
1876	67
1877	50
1878	77
1879	64
1880	64
1881	66
1882	66
1883	64
1884	44
1885	68
1886	65
1887	58
1888	71
1889	70
1890	64
1891	66
1892	69
1893	73
1894	68
1895	56
1896	73
1897	60
1898	74
1899	70
1900	74
1901	63
1902	65
1903	70
1904	64
1905	62
1906	69
1907	70
1908	71
1909	62
1910	55
1911	62
1912	68
1913	65
1914	69
1915	54
1916	67
1917	56
1918	70
1919	62
1920	63
1921	60
1922	72
1923	63
1924	56
1925	60
1926	65
1927	68
1928	74
1929	57
1930	71
1931	45
1932	63
1933	65
1934	63
1935	70
1936	59
1937	67
1938	53
1939	51
1940	67
1941	67
1942	57
1943	60
1944	72
1945	57
1946	69
1947	67
1948	65
1949	67
1950	55
1951	61
1952	54
1953	50
1954	65
1955	55
1956	61
1957	96
1958	66
1959	64
1960	74
1961	71
1962	57
1963	61
1964	83
1965	77
1966	68
1967	72
1968	46
1969	66
1970	72
1971	75
1972	62
1973	53
1974	87
1975	57
1976	45
1977	54
1978	70
1979	71
1980	59
1981	54
1982	65
1983	54
1984	59
1985	62
1986	64
1987	76
1988	65
1989	73
1990	52
1991	72
1992	65
1993	48
1994	51
1995	77
1996	74
1997	68
1998	60
1999	68
2000	74
2001	64
2002	77
2003	60
2004	61
2005	57
2006	56
2007	57
2008	76
2009	59
2010	60
2011	70
2012	54
2013	65
2014	69
2015	62
2016	85
2017	69
2018	65
2019	65
2020	76
2021	64
2022	74
2023	64
2024	59
2025	71
2026	59
2027	83
2028	81
2029	67
2030	60
2031	80
2032	62
2033	69
2034	68
2035	66
2036	65
2037	64
2038	79
2039	50
2040	58
2041	68
2042	62
2043	56
2044	77
2045	53
2046	62
2047	67
2048	53
2049	82
2050	66
2051	67
2052	53
2053	59
2054	72
2055	67
2056	58
2057	69
2058	54
2059	65
2060	61
2061	67
2062	61
2063	65
2064	64
2065	70
2066	67
2067	73
2068	70
2069	59
2070	62
2071	57
2072	54
2073	53
2074	60
2075	66
2076	69
2077	57
2078	62
2079	67
2080	61
2081	65
2082	53
2083	62
2084	72
2085	64
2086	55
2087	41
2088	59
2089	52
2090	64
2091	74
2092	64
2093	51
2094	58
2095	61
2096	80
2097	73
2098	49
2099	61
2100	60
2101	63
2102	67
2103	79
2104	73
2105	56
2106	80
2107	62
2108	70
2109	52
2110	61
2111	56
2112	63
2113	64
2114	77
2115	65
2116	58
2117	75
2118	74
2119	66
2120	67
2121	67
2122	69
2123	58
2124	59
2125	55
2126	62
2127	44
2128	64
2129	70
2130	65
2131	72
2132	56
2133	70
2134	53
2135	68
2136	63
2137	74
2138	66
2139	68
2140	73
2141	54
2142	76
2143	55
2144	56
2145	62
2146	58
2147	60
2148	54
2149	61
2150	91
2151	71
2152	72
2153	72
2154	46
2155	46
2156	68
2157	63
2158	69
2159	80
2160	63
2161	69
2162	71
2163	54
2164	56
2165	65
2166	60
2167	65
2168	73
2169	58
2170	72
2171	71
2172	65
2173	53
2174	51
2175	60
2176	63
2177	79
2178	63
2179	56
2180	63
2181	61
2182	71
2183	64
2184	60
2185	63
2186	65
2187	72
2188	60
2189	65
2190	70
2191	65
2192	63
2193	75
2194	63
2195	57
2196	54
2197	59
2198	72
2199	67
2200	57
2201	66
2202	53
2203	56
2204	75
2205	57
2206	68
2207	65
2208	57
2209	68
2210	57
2211	55
2212	52
2213	69
2214	72
2215	70
2216	68
2217	63
2218	51
2219	54
2220	69
2221	71
2222	67
2223	65
2224	62
2225	63
2226	54
2227	58
2228	66
2229	63
2230	69
2231	57
2232	59
2233	82
2234	62
2235	56
2236	73
2237	67
2238	67
2239	52
2240	60
2241	63
2242	59
2243	66
2244	60
2245	57
2246	67
2247	62
2248	56
2249	61
2250	59
2251	60
2252	51
2253	62
2254	61
2255	55
2256	68
2257	65
2258	64
2259	59
2260	65
2261	58
2262	77
2263	67
2264	54
2265	65
2266	58
2267	70
2268	60
2269	57
2270	65
2271	69
2272	59
2273	66
2274	66
2275	60
2276	70
2277	57
2278	65
2279	63
2280	60
2281	56
2282	72
2283	57
2284	57
2285	61
2286	59
2287	53
2288	53
2289	68
2290	66
2291	60
2292	67
2293	61
2294	54
2295	64
2296	47
2297	64
2298	58
2299	64
2300	62
2301	55
2302	59
2303	62
2304	63
2305	64
2306	77
2307	71
2308	76
2309	48
2310	64
2311	68
2312	70
2313	59
2314	77
2315	64
2316	73
2317	49
2318	56
2319	63
2320	67
2321	65
2322	54
2323	64
2324	66
2325	54
2326	54
2327	63
2328	48
2329	57
2330	72
2331	58
2332	60
2333	61
2334	69
2335	62
2336	80
2337	53
2338	55
2339	63
2340	62
2341	67
2342	73
2343	48
2344	56
2345	62
2346	58
2347	59
2348	68
2349	67
2350	85
2351	69
2352	66
2353	65
2354	66
2355	76
2356	56
2357	60
2358	61
2359	53
2360	62
2361	63
2362	70
2363	53
2364	74
2365	58
2366	62
2367	69
2368	61
2369	62
2370	59
2371	70
2372	60
2373	43
2374	70
2375	62
2376	52
2377	59
2378	60
2379	59
2380	54
2381	55
2382	66
2383	65
2384	53
2385	62
2386	69
2387	63
2388	67
2389	52
2390	66
2391	68
2392	46
2393	70
2394	63
2395	63
2396	68
2397	73
2398	46
2399	52
2400	64
2401	68
2402	62
2403	46
2404	66
2405	67
2406	61
2407	67
2408	61
2409	55
2410	69
2411	67
2412	57
2413	46
2414	57
2415	63
2416	49
2417	63
2418	66
2419	65
2420	58
2421	62
2422	71
2423	54
2424	61
2425	58
2426	76
2427	71
2428	80
2429	69
2430	48
2431	63
2432	56
2433	86
2434	76
2435	56
2436	73
2437	62
2438	61
2439	65
2440	55
2441	64
2442	79
2443	62
2444	55
2445	52
2446	63
2447	70
2448	60
2449	57
2450	74
2451	71
2452	71
2453	79
2454	47
2455	59
2456	72
2457	69
2458	61
2459	68
2460	58
2461	65
2462	64
2463	48
2464	57
2465	72
2466	73
2467	58
2468	60
2469	67
2470	67
2471	67
2472	74
2473	73
2474	61
2475	46
2476	64
2477	63
2478	57
2479	62
2480	57
2481	53
2482	77
2483	71
2484	66
2485	59
2486	69
2487	63
2488	59
2489	74
2490	55
2491	76
2492	61
2493	65
2494	66
2495	64
2496	63
2497	66
2498	76
2499	64
2500	65
2501	65
2502	70
2503	57
2504	67
2505	53
2506	60
2507	62
2508	69
2509	79
2510	62
2511	62
2512	67
2513	62
2514	61
2515	65
2516	50
2517	59
2518	62
2519	75
2520	58
2521	69
2522	68
2523	58
2524	72
2525	65
2526	70
2527	60
2528	63
2529	72
2530	60
2531	57
2532	68
2533	61
2534	55
2535	64
2536	71
2537	68
2538	72
2539	58
2540	59
2541	66
2542	67
2543	59
2544	58
2545	70
2546	58
2547	52
2548	66
2549	63
2550	63
2551	70
2552	63
2553	50
2554	48
2555	60
2556	65
2557	69
2558	79
2559	63
2560	58
2561	62
2562	72
2563	58
2564	62
2565	74
2566	49
2567	78
2568	66
2569	68
2570	56
2571	62
2572	62
2573	54
2574	60
2575	62
2576	53
2577	61
2578	73
2579	54
2580	59
2581	70
2582	62
2583	66
2584	55
2585	59
2586	51
2587	57
2588	58
2589	53
2590	86
2591	51
2592	57
2593	57
2594	62
2595	69
2596	57
2597	64
2598	62
2599	56
2600	47
2601	70
2602	78
2603	52
2604	59
2605	71
2606	68
2607	55
2608	73
2609	59
2610	69
2611	60
2612	74
2613	55
2614	65
2615	74
2616	70
2617	64
2618	54
2619	51
2620	51
2621	65
2622	65
2623	42
2624	63
2625	70
2626	57
2627	66
2628	61
2629	68
2630	71
2631	46
2632	58
2633	80
2634	61
2635	56
2636	61
2637	61
2638	73
2639	65
2640	77
2641	52
2642	66
2643	63
2644	64
2645	53
2646	64
2647	61
2648	70
2649	59
2650	74
2651	74
2652	66
2653	65
2654	55
2655	78
2656	57
2657	68
2658	66
2659	57
2660	68
2661	67
2662	58
2663	68
2664	71
2665	63
2666	64
2667	65
2668	65
2669	69
2670	69
2671	64
2672	67
2673	71
2674	68
2675	72
2676	56
2677	61
2678	65
2679	65
2680	66
2681	68
2682	64
2683	66
2684	60
2685	51
2686	72
2687	75
2688	64
2689	65
2690	50
2691	63
2692	70
2693	73
2694	57
2695	70
2696	63
2697	65
2698	56
2699	66
2700	59
2701	59
2702	54
2703	60
2704	81
2705	61
2706	73
2707	58
2708	61
2709	82
2710	71
2711	64
2712	52
2713	61
2714	67
2715	65
2716	61
2717	61
2718	86
2719	68
2720	60
2721	71
2722	50
2723	67
2724	61
2725	63
2726	63
2727	55
2728	60
2729	48
2730	72
2731	57
2732	44
2733	62
2734	67
2735	79
2736	49
2737	59
2738	72
2739	82
2740	67
2741	52
2742	47
2743	64
2744	61
2745	67
2746	67
2747	59
2748	79
2749	61
2750	68
2751	65
2752	55
2753	64
2754	64
2755	52
2756	58
2757	74
2758	56
2759	66
2760	78
2761	64
2762	60
2763	60
2764	61
2765	57
2766	67
2767	64
2768	51
2769	54
2770	60
2771	60
2772	61
2773	65
2774	60
2775	62
2776	57
2777	49
2778	72
2779	68
2780	57
2781	50
2782	72
2783	66
2784	72
2785	70
2786	59
2787	91
2788	66
2789	64
2790	49
2791	65
2792	71
2793	67
2794	73
2795	72
2796	57
2797	63
2798	54
2799	47
2800	55
2801	65
2802	55
2803	49
2804	84
2805	60
2806	69
2807	54
2808	62
2809	64
2810	72
2811	59
2812	56
2813	72
2814	52
2815	60
2816	67
2817	63
2818	71
2819	73
2820	72
2821	61
2822	64
2823	71
2824	59
2825	66
2826	75
2827	63
2828	68
2829	56
2830	54
2831	60
2832	71
2833	75
2834	69
2835	62
2836	63
2837	74
2838	56
2839	53
2840	81
2841	64
2842	66
2843	66
2844	69
2845	77
2846	57
2847	58
2848	68
2849	54
2850	60
2851	59
2852	57
2853	72
2854	60
2855	58
2856	63
2857	79
2858	70
2859	75
2860	77
2861	67
2862	57
2863	70
2864	58
2865	62
2866	63
2867	61
2868	49
2869	75
2870	68
2871	57
2872	51
2873	62
2874	64
2875	63
2876	54
2877	68
2878	57
2879	70
2880	64
2881	56
2882	60
2883	60
2884	61
2885	62
2886	55
2887	66
2888	68
2889	63
2890	68
2891	46
2892	73
2893	54
2894	68
2895	54
2896	56
2897	72
2898	58
2899	68
2900	70
2901	63
2902	61
2903	63
2904	64
2905	55
2906	60
2907	76
2908	54
2909	81
2910	79
2911	57
2912	56
2913	71
2914	53
2915	67
2916	72
2917	67
2918	67
2919	58
2920	64
2921	65
2922	67
2923	62
2924	53
2925	65
2926	66
2927	64
2928	58
2929	47
2930	66
2931	64
2932	62
2933	58
2934	56
2935	54
2936	66
2937	69
2938	68
2939	69
2940	83
2941	65
2942	55
2943	68
2944	71
2945	63
2946	76
2947	63
2948	65
2949	61
2950	70
2951	69
2952	69
2953	59
2954	60
2955	60
2956	68
2957	52
2958	63
2959	55
2960	67
2961	68
2962	82
2963	55
2964	76
2965	80
2966	67
2967	61
2968	61
2969	75
2970	63
2971	60
2972	65
2973	72
2974	50
2975	70
2976	55
2977	69
2978	64
2979	65
2980	59
2981	54
2982	63
2983	87
2984	63
2985	52
2986	67
2987	75
2988	79
2989	68
2990	64
2991	74
2992	71
2993	76
2994	62
2995	67
2996	60
2997	55
2998	61
2999	76
3000	67
3001	76
3002	69
3003	75
3004	68
3005	64
3006	78
3007	80
3008	76
3009	72
3010	71
3011	73
3012	75
3013	73
3014	77
3015	69
3016	58
3017	83
3018	73
3019	71
3020	77
3021	69
3022	56
3023	69
3024	65
3025	83
3026	77
3027	69
3028	80
3029	73
3030	57
3031	60
3032	57
3033	66
3034	65
3035	62
3036	70
3037	68
3038	71
3039	45
3040	64
3041	71
3042	85
3043	82
3044	59
3045	62
3046	76
3047	64
3048	57
3049	68
3050	61
3051	74
3052	77
3053	69
3054	56
3055	73
3056	61
3057	70
3058	66
3059	68
3060	78
3061	71
3062	61
3063	65
3064	61
3065	81
3066	62
3067	86
3068	63
3069	69
3070	83
3071	68
3072	76
3073	60
3074	80
3075	68
3076	71
3077	67
3078	76
3079	63
3080	68
3081	62
3082	59
3083	59
3084	76
3085	67
3086	70
3087	71
3088	65
3089	77
3090	67
3091	69
3092	74
3093	62
3094	71
3095	70
3096	70
3097	60
3098	67
3099	80
3100	56
3101	83
3102	86
3103	62
3104	71
3105	65
3106	74
3107	51
3108	81
3109	58
3110	76
3111	64
3112	85
3113	66
3114	71
3115	60
3116	74
3117	78
3118	63
3119	67
3120	76
3121	83
3122	63
3123	80
3124	65
3125	65
3126	64
3127	49
3128	77
3129	74
3130	66
3131	54
3132	80
3133	64
3134	66
3135	64
3136	72
3137	57
3138	70
3139	88
3140	73
3141	55
3142	67
3143	69
3144	75
3145	58
3146	63
3147	69
3148	72
3149	77
3150	60
3151	61
3152	69
3153	73
3154	79
3155	76
3156	69
3157	61
3158	71
3159	78
3160	58
3161	68
3162	65
3163	70
3164	60
3165	70
3166	50
3167	48
3168	70
3169	67
3170	64
3171	50
3172	68
3173	73
3174	78
3175	59
3176	60
3177	65
3178	63
3179	50
3180	61
3181	78
3182	57
3183	74
3184	62
3185	67
3186	82
3187	58
3188	66
3189	66
3190	63
3191	65
3192	69
3193	63
3194	54
3195	79
3196	61
3197	48
3198	58
3199	65
3200	53
3201	59
3202	68
3203	47
3204	46
3205	49
3206	48
3207	58
3208	53
3209	51
3210	63
3211	45
3212	66
3213	65
3214	55
3215	53
3216	64
3217	48
3218	66
3219	50
3220	73
3221	47
3222	51
3223	51
3224	60
3225	53
3226	55
3227	46
3228	55
3229	42
3230	60
3231	57
3232	54
3233	51
3234	61
3235	46
3236	49
3237	48
3238	65
3239	39
3240	52
3241	47
3242	59
3243	59
3244	67
3245	44
3246	36
3247	50
3248	52
3249	46
3250	61
3251	61
3252	52
3253	59
3254	59
3255	60
3256	56
3257	53
3258	50
3259	36
3260	64
3261	44
3262	51
3263	50
3264	50
3265	39
3266	52
3267	52
3268	44
3269	50
3270	51
3271	40
3272	42
3273	40
3274	43
3275	50
3276	44
3277	41
3278	51
3279	50
3280	42
3281	50
3282	41
3283	40
3284	50
3285	46
3286	37
3287	67
3288	53
3289	53
3290	46
3291	47
3292	43
3293	39
3294	37
3295	36
3296	52
3297	53
3298	39
3299	44
3300	47
3301	40
3302	48
3303	37
3304	45
3305	52
3306	49
3307	31
3308	39
3309	43
3310	35
3311	41
3312	40
3313	48
3314	40
3315	31
3316	42
3317	38
3318	48
3319	45
3320	51
3321	34
3322	38
3323	41
3324	39
3325	36
3326	45
3327	35
3328	35
3329	35
3330	37
3331	45
3332	42
3333	35
3334	35
3335	29
3336	35
3337	31
3338	26
3339	38
3340	40
3341	41
3342	32
3343	36
3344	29
3345	34
3346	35
3347	37
3348	31
3349	26
3350	41
3351	22
3352	32
3353	39
3354	23
3355	29
3356	30
3357	25
3358	35
3359	46
3360	39
3361	37
3362	25
3363	32
3364	45
3365	31
3366	32
3367	25
3368	32
3369	35
3370	18
3371	42
3372	33
3373	36
3374	36
3375	31
3376	31
3377	35
3378	28
3379	39
3380	40
3381	28
3382	31
3383	23
3384	27
3385	21
3386	32
3387	23
3388	28
3389	33
3390	26
3391	28
3392	24
3393	20
3394	29
3395	22
3396	19
3397	20
3398	25
3399	32
3400	24
3401	22
3402	32
3403	26
3404	25
3405	34
3406	19
3407	24
3408	30
3409	27
3410	31
3411	24
3412	26
3413	25
3414	25
3415	27
3416	19
3417	22
3418	25
3419	22
3420	24
3421	20
3422	16
3423	23
3424	18
3425	18
3426	27
3427	17
3428	11
3429	18
3430	18
3431	25
3432	21
3433	16
3434	26
3435	17
3436	27
3437	27
3438	23
3439	21
3440	25
3441	20
3442	23
3443	23
3444	15
3445	16
3446	25
3447	22
3448	23
3449	18
3450	37
3451	27
3452	15
3453	13
3454	17
3455	15
3456	14
3457	21
3458	19
3459	23
3460	28
3461	18
3462	27
3463	19
3464	26
3465	21
3466	18
3467	20
3468	17
3469	8
3470	18
3471	18
3472	19
3473	20
3474	22
3475	22
3476	13
3477	19
3478	19
3479	18
3480	17
3481	17
3482	27
3483	16
3484	20
3485	15
3486	20
3487	16
3488	15
3489	17
3490	19
3491	11
3492	13
3493	22
3494	18
3495	15
3496	21
3497	21
3498	19
3499	20
3500	20
3501	16
3502	19
3503	13
3504	16
3505	18
3506	14
3507	23
3508	20
3509	21
3510	12
3511	21
3512	16
3513	23
3514	12
3515	28
3516	19
3517	24
3518	7
3519	13
3520	18
3521	10
3522	23
3523	16
3524	11
3525	16
3526	13
3527	17
3528	14
3529	10
3530	14
3531	14
3532	13
3533	9
3534	15
3535	15
3536	13
3537	16
3538	13
3539	9
3540	23
3541	12
3542	15
3543	14
3544	16
3545	15
3546	16
3547	21
3548	15
3549	8
3550	7
3551	16
3552	15
3553	14
3554	22
3555	14
3556	16
3557	19
3558	9
3559	17
3560	13
3561	11
3562	17
3563	7
3564	22
3565	23
3566	14
3567	11
3568	19
3569	17
3570	17
3571	7
3572	7
3573	7
3574	19
3575	19
3576	12
3577	13
3578	17
3579	11
3580	11
3581	13
3582	24
3583	11
3584	19
3585	21
3586	5
3587	12
3588	14
3589	15
3590	13
3591	15
3592	5
3593	8
3594	9
3595	18
3596	5
3597	11
3598	18
3599	14
3600	15
3601	9
3602	11
3603	12
3604	6
3605	9
3606	14
3607	7
3608	10
3609	15
3610	12
3611	19
3612	11
3613	9
3614	18
3615	8
3616	11
3617	16
3618	7
3619	10
3620	14
3621	8
3622	13
3623	15
3624	11
3625	9
3626	21
3627	11
3628	10
3629	8
3630	9
3631	14
3632	10
3633	18
3634	14
3635	9
3636	8
3637	16
3638	18
3639	15
3640	10
3641	7
3642	15
3643	5
3644	8
3645	11
3646	16
3647	9
3648	11
3649	10
3650	12
3651	7
3652	8
3653	15
3654	16
3655	13
3656	22
3657	11
3658	8
3659	14
3660	8
3661	18
3662	17
3663	21
3664	15
3665	10
3666	12
3667	10
3668	17
3669	21
3670	12
3671	16
3672	9
3673	25
3674	9
3675	16
3676	17
3677	13
3678	10
3679	11
3680	12
3681	16
3682	14
3683	13
3684	17
3685	17
3686	16
3687	17
3688	19
3689	11
3690	22
3691	18
3692	17
3693	21
3694	15
3695	15
3696	17
3697	13
3698	11
3699	12
3700	20
3701	26
3702	18
3703	24
3704	14
3705	15
3706	21
3707	30
3708	21
3709	14
3710	19
3711	20
3712	26
3713	22
3714	14
3715	17
3716	16
3717	19
3718	18
3719	19
3720	21
3721	21
3722	23
3723	22
3724	25
3725	18
3726	28
3727	28
3728	26
3729	24
3730	27
3731	28
3732	22
3733	23
3734	25
3735	20
3736	23
3737	23
3738	22
3739	32
3740	29
3741	25
3742	27
3743	32
3744	28
3745	32
3746	27
3747	32
3748	34
3749	34
3750	34
3751	25
3752	23
3753	31
3754	35
3755	46
3756	35
3757	28
3758	34
3759	36
3760	39
3761	35
3762	37
3763	35
3764	44
3765	47
3766	40
3767	43
3768	56
3769	40
3770	42
3771	51
3772	37
3773	43
3774	45
3775	37
3776	47
3777	53
3778	43
3779	43
3780	52
3781	48
3782	45
3783	52
3784	51
3785	45
3786	57
3787	55
3788	54
3789	52
3790	56
3791	58
3792	60
3793	51
3794	60
3795	73
3796	68
3797	43
3798	65
3799	63
3800	68
3801	57
3802	89
3803	75
3804	57
3805	68
3806	72
3807	76
3808	74
3809	90
3810	82
3811	73
3812	70
3813	89
3814	90
3815	81
3816	86
3817	89
3818	83
3819	92
3820	78
3821	89
3822	102
3823	95
3824	81
3825	107
3826	85
3827	107
3828	93
3829	94
3830	92
3831	106
3832	83
3833	84
3834	106
3835	129
3836	132
3837	116
3838	108
3839	100
3840	114
3841	120
3842	114
3843	117
3844	112
3845	135
3846	132
3847	142
3848	112
3849	123
3850	121
3851	138
3852	129
3853	135
3854	137
3855	127
3856	127
3857	141
3858	159
3859	138
3860	149
3861	160
3862	184
3863	164
3864	152
3865	162
3866	155
3867	134
3868	150
3869	152
3870	157
3871	179
3872	166
3873	165
3874	188
3875	144
3876	164
3877	178
3878	173
3879	179
3880	188
3881	209
3882	170
3883	171
3884	183
3885	184
3886	169
3887	188
3888	194
3889	200
3890	207
3891	210
3892	204
3893	204
3894	204
3895	204
3896	192
3897	211
3898	215
3899	209
3900	228
3901	213
3902	231
3903	235
3904	213
3905	239
3906	232
3907	228
3908	221
3909	228
3910	263
3911	238
3912	223
3913	230
3914	246
3915	247
3916	236
3917	244
3918	252
3919	238
3920	256
3921	226
3922	251
3923	254
3924	226
3925	270
3926	237
3927	241
3928	261
3929	288
3930	267
3931	280
3932	261
3933	284
3934	268
3935	272
3936	287
3937	258
3938	268
3939	286
3940	265
3941	274
3942	275
3943	286
3944	270
3945	279
3946	296
3947	260
3948	261
3949	310
3950	281
3951	282
3952	273
3953	263
3954	285
3955	291
3956	283
3957	285
3958	282
3959	273
3960	273
3961	296
3962	271
3963	304
3964	323
3965	288
3966	316
3967	282
3968	296
3969	290
3970	323
3971	302
3972	314
3973	299
3974	288
3975	288
3976	298
3977	332
3978	276
3979	285
3980	296
3981	271
3982	291
3983	269
3984	287
3985	284
3986	332
3987	329
3988	284
3989	293
3990	270
3991	297
3992	281
3993	257
3994	311
3995	308
3996	297
3997	289
3998	285
3999	256
4000	291
4001	283
4002	291
4003	303
4004	292
4005	300
4006	284
4007	285
4008	276
4009	303
4010	285
4011	285
4012	277
4013	280
4014	242
4015	289
4016	276
4017	311
4018	276
4019	278
4020	320
4021	216
4022	300
4023	242
4024	253
4025	272
4026	259
4027	278
4028	274
4029	262
4030	284
4031	271
4032	277
4033	243
4034	282
4035	267
4036	227
4037	240
4038	279
4039	260
4040	234
4041	233
4042	261
4043	242
4044	250
4045	223
4046	238
4047	223
4048	256
4049	259
4050	237
4051	214
4052	244
4053	239
4054	217
4055	215
4056	216
4057	205
4058	241
4059	212
4060	201
4061	231
4062	218
4063	226
4064	209
4065	224
4066	194
4067	215
4068	212
4069	201
4070	195
4071	209
4072	184
4073	195
4074	203
4075	176
4076	203
4077	189
4078	185
4079	195
4080	196
4081	173
4082	197
4083	172
4084	211
4085	156
4086	165
4087	179
4088	170
4089	176
4090	178
4091	166
4092	155
4093	175
4094	170
4095	157
4096	156
4097	168
4098	136
4099	155
4100	153
4101	163
4102	149
4103	155
4104	146
4105	133
4106	137
4107	136
4108	142
4109	121
4110	131
4111	148
4112	135
4113	117
4114	142
4115	136
4116	125
4117	148
4118	128
4119	135
4120	109
4121	113
4122	97
4123	126
4124	85
4125	110
4126	106
4127	102
4128	89
4129	104
4130	90
4131	99
4132	106
4133	84
4134	94
4135	87
4136	105
4137	90
4138	83
4139	96
4140	79
4141	78
4142	94
4143	85
4144	77
4145	90
4146	82
4147	75
4148	73
4149	75
4150	74
4151	83
4152	67
4153	70
4154	69
4155	60
4156	66
4157	59
4158	77
4159	61
4160	62
4161	64
4162	66
4163	59
4164	67
4165	54
4166	63
4167	50
4168	57
4169	61
4170	43
4171	52
4172	62
4173	43
4174	60
4175	42
4176	50
4177	53
4178	40
4179	52
4180	32
4181	41
4182	38
4183	35
4184	40
4185	34
4186	42
4187	45
4188	25
4189	35
4190	35
4191	33
4192	38
4193	38
4194	32
4195	35
4196	26
4197	36
4198	40
4199	28
4200	26
4201	34
4202	25
4203	29
4204	32
4205	37
4206	33
4207	34
4208	27
4209	22
4210	32
4211	26
4212	23
4213	24
4214	30
4215	23
4216	22
4217	25
4218	16
4219	22
4220	25
4221	30
4222	14
4223	21
4224	26
4225	17
4226	26
4227	23
4228	12
4229	22
4230	16
4231	14
4232	15
4233	19
4234	14
4235	18
4236	21
4237	22
4238	17
4239	15
4240	17
4241	10
4242	16
4243	15
4244	10
4245	17
4246	15
4247	15
4248	12
4249	16
4250	16
4251	18
4252	10
4253	8
4254	9
4255	9
4256	17
4257	9
4258	16
4259	13
4260	13
4261	13
4262	6
4263	15
4264	16
4265	10
4266	15
4267	14
4268	13
4269	10
4270	5
4271	7
4272	7
4273	4
4274	9
4275	4
4276	7
4277	7
4278	6
4279	9
4280	9
4281	8
4282	8
4283	6
4284	11
4285	7
4286	4
4287	5
4288	6
4289	7
4290	10
4291	9
4292	8
4293	5
4294	9
4295	7
4296	7
4297	9
4298	13
4299	8
4300	3
4301	5
4302	12
4303	4
4304	5
4305	12
4306	6
4307	6
4308	5
4309	7
4310	8
4311	8
4312	6
4313	6
4314	6
4315	4
4316	6
4317	7
4318	11
4319	6
4320	11
4321	8
4322	5
4323	6
4324	7
4325	6
4326	5
4327	4
4328	10
4329	8
4330	4
4331	4
4332	4
4333	7
4334	2
4335	7
4336	4
4337	2
4338	7
4339	8
4340	6
4341	10
4342	8
4343	4
4344	6
4345	1
4346	7
4347	7
4348	7
4349	5
4350	7
4351	4
4352	8
4353	6
4354	4
4355	9
4356	5
4357	2
4358	7
4359	2
4360	4
4361	5
4362	4
4363	7
4364	5
4365	5
4366	12
4367	3
4368	1
4369	2
4370	5
4371	4
4372	4
4373	10
4374	4
4375	6
4376	7
4377	10
4378	1
4379	5
4380	5
4381	6
4382	5
4383	3
4384	4
4385	4
4386	6
4387	10
4388	3
4389	7
4390	5
4391	3
4392	4
4393	9
4394	3
4395	8
4396	9
4397	2
4398	4
4399	5
4400	3
4401	4
4402	4
4403	5
4404	4
4405	6
4406	9
4407	5
4408	1
4409	8
4410	3
4411	5
4412	6
4413	6
4414	4
4415	3
4416	5
4417	8
4418	5
4419	4
4420	6
4421	2
4422	8
4423	5
4424	3
4425	3
4426	4
4427	3
4428	6
4429	5
4430	7
4431	7
4432	4
4433	6
4434	5
4435	7
4436	5
4437	5
4438	3
4439	5
4440	4
4441	4
4442	7
4443	5
4444	8
4445	2
4446	4
4447	4
4448	7
4449	8
4450	1
4451	7
4452	10
4453	4
4454	3
4455	6
4456	13
4457	4
4458	11
4459	8
4460	1
4461	5
4462	10
4463	4
4464	6
4465	5
4466	9
4467	5
4468	3
4469	6
4470	5
4471	8
4472	4
4473	1
4474	13
4475	7
4476	10
4477	8
4478	5
4479	1
4480	2
4481	3
4482	5
4483	8
4484	5
4485	7
4486	2
4487	2
4488	3
4489	6
4490	6
4491	4
4492	7
4493	6
4494	3
4495	9
4496	7
4497	4
4498	5
4499	6
4500	4
4501	3
4502	4
4503	5
4504	5
4505	10
4506	6
4507	0
4508	3
4509	7
4510	4
4511	1
4512	3
4513	5
4514	6
4515	3
4516	7
4517	4
4518	2
4519	5
4520	6
4521	7
4522	6
4523	5
4524	5
4525	8
4526	3
4527	7
4528	3
4529	6
4530	9
4531	7
4532	8
4533	7
4534	6
4535	7
4536	6
4537	7
4538	8
4539	8
4540	10
4541	4
4542	3
4543	5
4544	5
4545	5
4546	6
4547	7
4548	8
4549	7
4550	6
4551	5
4552	3
4553	10
4554	4
4555	2
4556	6
4557	6
4558	6
4559	5
4560	3
4561	4
4562	4
4563	8
4564	8
4565	3
4566	5
4567	6
4568	6
4569	4
4570	7
4571	7
4572	11
4573	10
4574	6
4575	4
4576	3
4577	4
4578	5
4579	2
4580	5
4581	6
4582	7
4583	6
4584	5
4585	7
4586	9
4587	5
4588	5
4589	7
4590	7
4591	6
4592	9
4593	11
4594	5
4595	7
4596	7
4597	2
4598	2
4599	7
4600	5
4601	3
4602	5
4603	5
4604	11
4605	5
4606	11
4607	3
4608	7
4609	7
4610	2
4611	6
4612	9
4613	3
4614	7
4615	8
4616	5
4617	6
4618	3
4619	5
4620	3
4621	6
4622	9
4623	2
4624	4
4625	7
4626	6
4627	6
4628	7
4629	6
4630	7
4631	5
4632	4
4633	5
4634	4
4635	7
4636	5
4637	9
4638	7
4639	6
4640	9
4641	5
4642	8
4643	4
4644	2
4645	6
4646	9
4647	7
4648	5
4649	8
4650	5
4651	7
4652	3
4653	8
4654	8
4655	8
4656	4
4657	1
4658	3
4659	4
4660	5
4661	8
4662	7
4663	8
4664	7
4665	5
4666	8
4667	5
4668	1
4669	9
4670	5
4671	5
4672	9
4673	3
4674	2
4675	8
4676	4
4677	4
4678	6
4679	2
4680	5
4681	2
4682	5
4683	2
4684	8
4685	4
4686	5
4687	4
4688	9
4689	7
4690	2
4691	6
4692	3
4693	6
4694	4
4695	10
4696	6
4697	8
4698	10
4699	6
4700	2
4701	3
4702	2
4703	3
4704	5
4705	5
4706	5
4707	4
4708	4
4709	4
4710	4
4711	6
4712	6
4713	1
4714	5
4715	1
4716	5
4717	1
4718	7
4719	6
4720	8
4721	4
4722	3
4723	3
4724	3
4725	2
4726	2
4727	4
4728	6
4729	2
4730	3
4731	5
4732	0
4733	3
4734	6
4735	9
4736	3
4737	7
4738	7
4739	5
4740	3
4741	4
4742	0
4743	3
4744	3
4745	7
4746	6
4747	8
4748	6
4749	4
4750	2
4751	6
4752	6
4753	5
4754	4
4755	4
4756	4
4757	6
4758	5
4759	3
4760	3
4761	3
4762	2
4763	3
4764	6
4765	1
4766	5
4767	4
4768	6
4769	12
4770	3
4771	8
4772	7
4773	0
4774	4
4775	1
4776	4
4777	5
4778	4
4779	3
4780	3
4781	4
4782	6
4783	1
4784	5
4785	6
4786	1
4787	1
4788	2
4789	3
4790	5
4791	3
4792	1
4793	1
4794	2
4795	3
4796	7
4797	9
4798	6
4799	4
4800	6
4801	3
4802	3
4803	5
4804	5
4805	4
4806	6
4807	2
4808	2
4809	7
4810	3
4811	3
4812	2
4813	4
4814	4
4815	5
4816	1
4817	5
4818	5
4819	3
4820	2
4821	1
4822	3
4823	1
4824	4
4825	4
4826	8
4827	4
4828	1
4829	4
4830	4
4831	3
4832	4
4833	4
4834	3
4835	9
4836	6
4837	3
4838	2
4839	4
4840	3
4841	2
4842	3
4843	5
4844	1
4845	6
4846	4
4847	2
4848	5
4849	2
4850	3
4851	3
4852	5
4853	4
4854	3
4855	4
4856	1
4857	5
4858	3
4859	4
4860	2
4861	5
4862	4
4863	3
4864	7
4865	5
4866	6
4867	6
4868	3
4869	3
4870	8
4871	5
4872	5
4873	6
4874	0
4875	3
4876	8
4877	2
4878	5
4879	5
4880	0
4881	4
4882	1
4883	2
4884	6
4885	5
4886	1
4887	4
4888	2
4889	4
4890	2
4891	0
4892	3
4893	6
4894	6
4895	2
4896	2
4897	3
4898	3
4899	1
4900	4
4901	1
4902	3
4903	3
4904	3
4905	2
4906	5
4907	2
4908	1
4909	2
4910	3
4911	0
4912	2
4913	4
4914	3
4915	5
4916	0
4917	2
4918	5
4919	0
4920	6
4921	2
4922	2
4923	2
4924	4
4925	7
4926	2
4927	3
4928	5
4929	2
4930	3
4931	5
4932	5
4933	1
4934	6
4935	2
4936	4
4937	5
4938	8
4939	5
4940	4
4941	5
4942	5
4943	3
4944	5
4945	2
4946	2
4947	2
4948	5
4949	3
4950	3
4951	3
4952	1
4953	4
4954	6
4955	3
4956	3
4957	1
4958	2
4959	2
4960	3
4961	5
4962	7
4963	1
4964	0
4965	8
4966	2
4967	2
4968	3
4969	3
4970	1
4971	0
4972	4
4973	4
4974	3
4975	2
4976	2
4977	4
4978	2
4979	5
4980	1
4981	3
4982	2
4983	1
4984	4
4985	2
4986	5
4987	2
4988	0
4989	2
4990	3
4991	4
4992	4
4993	6
4994	1
4995	3
4996	1
4997	1
4998	2
4999	2
5000	3
5001	6
5002	1
5003	1
5004	1
5005	2
5006	4
5007	1
5008	2
5009	4
5010	2
5011	2
5012	4
5013	4
5014	5
5015	1
5016	1
5017	3
5018	5
5019	3
5020	5
5021	0
5022	4
5023	3
5024	2
5025	4
5026	2
5027	2
5028	3
5029	6
5030	4
5031	3
5032	2
5033	3
5034	2
5035	3
5036	0
5037	2
5038	2
5039	2
5040	6
5041	2
5042	7
5043	3
5044	2
5045	4
5046	1
5047	2
5048	4
5049	4
5050	0
5051	0
5052	2
5053	3
5054	1
5055	1
5056	4
5057	0
5058	5
5059	3
5060	5
5061	1
5062	3
5063	2
5064	3
5065	1
5066	3
5067	2
5068	3
5069	3
5070	1
5071	2
5072	2
5073	4
5074	3
5075	1
5076	5
5077	2
5078	5
5079	3
5080	5
5081	2
5082	2
5083	4
5084	2
5085	2
5086	6
5087	1
5088	3
5089	0
5090	2
5091	3
5092	3
5093	0
5094	4
5095	6
5096	2
5097	2
5098	3
5099	2
5100	2
5101	2
5102	4
5103	3
5104	0
5105	4
5106	1
5107	2
5108	2
5109	3
5110	2
5111	3
5112	2
5113	2
5114	3
5115	4
5116	3
5117	1
5118	1
5119	2
5120	3
5121	3
5122	4
5123	2
5124	4
5125	1
5126	3
5127	2
5128	0
5129	3
5130	1
5131	2
5132	2
5133	3
5134	1
5135	1
5136	1
5137	3
5138	0
5139	0
5140	1
5141	3
5142	3
5143	0
5144	2
5145	1
5146	1
5147	5
5148	0
5149	2
5150	2
5151	2
5152	4
5153	3
5154	1
5155	1
5156	1
5157	1
5158	1
5159	1
5160	0
5161	0
5162	0
5163	3
5164	3
5165	1
5166	1
5167	4
5168	0
5169	2
5170	5
5171	0
5172	2
5173	3
5174	3
5175	1
5176	3
5177	2
5178	0
5179	3
5180	0
5181	3
5182	0
5183	1
5184	1
5185	1
5186	2
5187	2
5188	2
5189	1
5190	1
5191	1
5192	1
5193	3
5194	4
5195	0
5196	2
5197	3
5198	0
5199	1
5200	2
5201	3
5202	4
5203	3
5204	1
5205	1
5206	2
5207	4
5208	2
5209	1
5210	1
5211	2
5212	1
5213	0
5214	2
5215	3
5216	1
5217	3
5218	3
5219	2
5220	0
5221	0
5222	2
5223	2
5224	1
5225	0
5226	0
5227	2
5228	0
5229	2
5230	3
5231	0
5232	3
5233	3
5234	1
5235	4
5236	2
5237	1
5238	0
5239	0
5240	4
5241	3
5242	2
5243	0
5244	2
5245	3
5246	4
5247	0
5248	0
5249	1
5250	2
5251	1
5252	1
5253	0
5254	1
5255	1
5256	0
5257	1
5258	2
5259	2
5260	2
5261	2
5262	2
5263	2
5264	0
5265	1
5266	2
5267	0
5268	4
5269	1
5270	1
5271	1
5272	2
5273	3
5274	1
5275	1
5276	2
5277	0
5278	3
5279	1
5280	1
5281	2
5282	3
5283	2
5284	0
5285	2
5286	1
5287	4
5288	2
5289	2
5290	4
5291	1
5292	1
5293	2
5294	3
5295	3
5296	1
5297	1
5298	0
5299	0
5300	3
5301	0
5302	2
5303	3
5304	4
5305	1
5306	1
5307	2
5308	0
5309	0
5310	2
5311	0
5312	3
5313	0
5314	1
5315	2
5316	1
5317	2
5318	1
5319	2
5320	3
5321	1
5322	0
5323	3
5324	1
5325	2
5326	0
5327	0
5328	3
5329	1
5330	2
5331	0
5332	3
5333	0
5334	2
5335	0
5336	2
5337	0
5338	2
5339	1
5340	1
5341	0
5342	1
5343	2
5344	0
5345	0
5346	4
5347	0
5348	2
5349	2
5350	0
5351	2
5352	3
5353	0
5354	1
5355	1
5356	3
5357	0
5358	7
5359	3
5360	2
5361	2
5362	7
5363	1
5364	1
5365	0
5366	4
5367	2
5368	4
5369	0
5370	3
5371	4
5372	1
5373	4
5374	1
5375	3
5376	2
5377	1
5378	2
5379	0
5380	2
5381	1
5382	1
5383	0
5384	3
5385	6
5386	4
5387	1
5388	3
5389	2
5390	0
5391	2
5392	3
5393	0
5394	5
5395	0
5396	3
5397	3
5398	1
5399	1
5400	1
5401	0
5402	2
5403	4
5404	2
5405	3
5406	1
5407	3
5408	2
5409	3
5410	3
5411	2
5412	2
5413	4
5414	3
5415	3
5416	0
5417	1
5418	2
5419	4
5420	3
5421	2
5422	0
5423	1
5424	5
5425	1
5426	2
5427	1
5428	6
5429	3
5430	1
5431	3
5432	2
5433	6
5434	1
5435	1
5436	2
5437	5
5438	1
5439	7
5440	1
5441	4
5442	2
5443	1
5444	6
5445	3
5446	1
5447	3
5448	2
5449	0
5450	4
5451	2
5452	2
5453	7
5454	2
5455	4
5456	4
5457	8
5458	5
5459	2
5460	4
5461	4
5462	2
5463	0
5464	0
5465	2
5466	2
5467	3
5468	3
5469	1
5470	4
5471	3
5472	3
5473	1
5474	2
5475	8
5476	5
5477	4
5478	6
5479	3
5480	4
5481	3
5482	8
5483	4
5484	6
5485	4
5486	4
5487	2
5488	2
5489	2
5490	3
5491	8
5492	5
5493	1
5494	2
5495	3
5496	7
5497	8
5498	1
5499	5
5500	6
5501	4
5502	5
5503	3
5504	8
5505	1
5506	6
5507	3
5508	4
5509	1
5510	4
5511	7
5512	7
5513	2
5514	5
5515	5
5516	5
5517	8
5518	5
5519	6
5520	4
5521	8
5522	7
5523	1
5524	1
5525	7
5526	4
5527	5
5528	6
5529	1
5530	7
5531	4
5532	4
5533	11
5534	8
5535	1
5536	3
5537	8
5538	7
5539	5
5540	8
5541	4
5542	4
5543	3
5544	7
5545	7
5546	7
5547	3
5548	6
5549	4
5550	5
5551	10
5552	9
5553	4
5554	6
5555	6
5556	10
5557	7
5558	8
5559	6
5560	5
5561	4
5562	5
5563	3
5564	6
5565	4
5566	10
5567	7
5568	4
5569	5
5570	8
5571	4
5572	8
5573	10
5574	4
5575	5
5576	6
5577	6
5578	10
5579	5
5580	8
5581	3
5582	6
5583	4
5584	7
5585	6
5586	4
5587	7
5588	9
5589	7
5590	8
5591	8
5592	4
5593	9
5594	11
5595	4
5596	10
5597	7
5598	12
5599	12
5600	4
5601	9
5602	8
5603	12
5604	10
5605	12
5606	6
5607	6
5608	13
5609	4
5610	7
5611	5
5612	6
5613	3
5614	6
5615	9
5616	8
5617	6
5618	5
5619	5
5620	8
5621	6
5622	7
5623	7
5624	6
5625	7
5626	6
5627	8
5628	8
5629	14
5630	3
5631	7
5632	6
5633	6
5634	10
5635	9
5636	9
5637	6
5638	6
5639	7
5640	7
5641	11
5642	8
5643	6
5644	8
5645	8
5646	7
5647	4
5648	5
5649	6
5650	9
5651	8
5652	6
5653	13
5654	10
5655	7
5656	12
5657	7
5658	9
5659	7
5660	8
5661	5
5662	5
5663	8
5664	5
5665	1
5666	4
5667	11
5668	7
5669	8
5670	4
5671	11
5672	8
5673	7
5674	4
5675	9
5676	5
5677	11
5678	10
5679	7
5680	8
5681	7
5682	8
5683	4
5684	4
5685	5
5686	4
5687	8
5688	9
5689	6
5690	7
5691	7
5692	3
5693	7
5694	4
5695	8
5696	6
5697	5
5698	12
5699	4
5700	9
5701	11
5702	4
5703	5
5704	7
5705	9
5706	14
5707	6
5708	5
5709	8
5710	5
5711	8
5712	6
5713	5
5714	5
5715	4
5716	4
5717	8
5718	1
5719	5
5720	4
5721	9
5722	4
5723	4
5724	9
5725	7
5726	5
5727	8
5728	8
5729	7
5730	6
5731	5
5732	6
5733	6
5734	5
5735	7
5736	6
5737	3
5738	6
5739	11
5740	4
5741	6
5742	6
5743	4
5744	8
5745	5
5746	6
5747	3
5748	5
5749	7
5750	9
5751	5
5752	4
5753	1
5754	3
5755	5
5756	1
5757	7
5758	6
5759	3
5760	3
5761	4
5762	5
5763	4
5764	0
5765	5
5766	3
5767	1
5768	2
5769	4
5770	5
5771	6
5772	6
5773	3
5774	4
5775	8
5776	1
5777	1
5778	4
5779	3
5780	5
5781	3
5782	5
5783	2
5784	4
5785	5
5786	5
5787	5
5788	7
5789	0
5790	2
5791	1
5792	3
5793	3
5794	6
5795	3
5796	6
5797	0
5798	5
5799	3
5800	4
5801	2
5802	2
5803	2
5804	2
5805	1
5806	4
5807	5
5808	6
5809	0
5810	1
5811	4
5812	3
5813	1
5814	6
5815	2
5816	2
5817	1
5818	0
5819	5
5820	2
5821	1
5822	4
5823	1
5824	4
5825	1
5826	0
5827	3
5828	1
5829	3
5830	5
5831	1
5832	4
5833	1
5834	2
5835	4
5836	3
5837	1
5838	4
5839	3
5840	3
5841	1
5842	1
5843	5
5844	2
5845	3
5846	2
5847	1
5848	1
5849	2
5850	1
5851	2
5852	1
5853	1
5854	2
5855	1
5856	0
5857	2
5858	1
5859	3
5860	0
5861	3
5862	2
5863	1
5864	1
5865	1
5866	1
5867	1
5868	1
5869	0
5870	0
5871	0
5872	1
5873	1
5874	1
5875	1
5876	2
5877	3
5878	3
5879	1
5880	2
5881	0
5882	1
5883	0
5884	1
5885	2
5886	0
5887	1
5888	1
5889	2
5890	1
5891	1
5892	2
5893	1
5894	1
5895	2
5896	0
5897	0
5898	1
5899	1
5900	2
5901	0
5902	0
5903	1
5904	0
5905	0
5906	0
5907	1
5908	0
5909	0
5910	0
5911	4
5912	1
5913	1
5914	1
5915	0
5916	0
5917	1
5918	0
5919	0
5920	2
5921	0
5922	1
5923	1
5924	1
5925	1
5926	0
5927	1
5928	1
5929	1
5930	1
5931	0
5932	1
5933	0
5934	0
5935	0
5936	2
5937	0
5938	0
5939	1
5940	0
5941	1
5942	1
5943	0
5944	0
5945	0
5946	0
5947	0
5948	0
5949	1
5950	0
5951	0
5952	1
5953	1
5954	0
5955	0
5956	1
5957	2
5958	0
5959	0
5960	0
5961	0
5962	0
5963	0
5964	0
5965	0
5966	1
5967	0
5968	0
5969	0
5970	0
5971	1
5972	2
5973	0
5974	1
5975	1
5976	0
5977	0
5978	1
5979	0
5980	0
5981	0
5982	0
5983	0
5984	0
5985	0
5986	0
5987	0
5988	0
5989	3
5990	0
5991	0
5992	0
5993	1
5994	0
5995	0
5996	0
5997	1
5998	0
5999	0
6000	0
6001	0
6002	0
6003	0
6004	1
6005	0
6006	0
6007	2
6008	1
6009	0
6010	0
6011	1
6012	0
6013	1
6014	0
6015	0
6016	0
6017	1
6018	0
6019	0
6020	0
6021	1
6022	0
6023	0
6024	0
6025	1
6026	0
6027	1
6028	1
6029	0
6030	0
6031	0
6032	0
6033	0
6034	0
6035	0
6036	0
6037	0
6038	1
6039	1
6040	0
6041	0
6042	0
6043	1
6044	0
6045	1
6046	1
6047	0
6048	1
6049	0
6050	0
6051	1
6052	1
6053	1
6054	0
6055	1
6056	0
6057	0
6058	0
6059	1
6060	0
6061	0
6062	0
6063	0
6064	0
6065	0
6066	0
6067	0
6068	0
6069	0
6070	0
6071	1
6072	0
6073	1
6074	0
6075	0
6076	0
6077	0
6078	0
6079	0
6080	0
6081	0
6082	0
6083	0
6084	0
6085	0
6086	0
6087	0
6088	0
6089	1
6090	0
6091	0
6092	0
6093	0
6094	0
6095	0
6096	2
6097	0
6098	0
6099	0
6100	2
6101	1
6102	0
6103	0
6104	0
6105	0
6106	0
6107	0
6108	0
6109	0
6110	0
6111	0
6112	1
6113	0
6114	0
6115	0
6116	1
6117	0
6118	0
6119	0
6120	0
6121	0
6122	0
6123	0
6124	0
6125	1
6126	3
6127	0
6128	1
6129	1
6130	0
6131	0
6132	0
6133	0
6134	0
6135	0
6136	0
6137	0
6138	0
6139	0
6140	1
6141	0
6142	0
6143	0
6144	0
6145	0
6146	0
6147	0
6148	0
6149	1
6150	1
6151	0
6152	0
6153	0
6154	0
6155	1
6156	0
6157	0
6158	0
6159	0
6160	0
6161	0
6162	1
6163	1
6164	1
6165	1
6166	0
6167	1
6168	0
6169	0
6170	0
6171	0
6172	1
6173	0
6174	1
6175	0
6176	0
6177	0
6178	0
6179	0
6180	0
6181	0
6182	0
6183	0
6184	0
6185	0
6186	1
6187	1
6188	1
6189	1
6190	0
6191	1
6192	1
6193	0
6194	0
6195	0
6196	0
6197	2
6198	0
6199	0
6200	0
6201	1
6202	0
6203	0
6204	2
6205	0
6206	0
6207	0
6208	1
6209	0
6210	0
6211	0
6212	0
6213	0
6214	0
6215	2
6216	0
6217	0
6218	0
6219	1
6220	1
6221	0
6222	0
6223	1
6224	1
6225	0
6226	0
6227	0
6228	1
6229	0
6230	1
6231	0
6232	1
6233	0
6234	0
6235	0
6236	1
6237	0
6238	0
6239	0
6240	1
6241	1
6242	0
6243	0
6244	0
6245	0
6246	0
6247	0
6248	0
6249	2
6250	0
6251	0
6252	0
6253	1
6254	0
6255	0
6256	0
6257	0
6258	0
6259	0
6260	0
6261	0
6262	1
6263	2
6264	2
6265	1
6266	0
6267	1
6268	0
6269	0
6270	2
6271	0
6272	1
6273	0
6274	0
6275	1
6276	1
6277	0
6278	0
6279	0
6280	0
6281	0
6282	0
6283	0
6284	0
6285	1
6286	0
6287	0
6288	1
6289	0
6290	0
6291	1
6292	0
6293	0
6294	1
6295	1
6296	0
6297	0
6298	0
6299	0
6300	0
6301	1
6302	0
6303	0
6304	0
6305	0
6306	1
6307	0
6308	0
6309	0
6310	0
6311	0
6312	0
6313	0
6314	0
6315	1
6316	0
6317	1
6318	0
6319	0
6320	0
6321	1
6322	0
6323	0
6324	0
6325	0
6326	0
6327	1
6328	0
6329	1
6330	1
6331	0
6332	0
6333	0
6334	0
6335	1
6336	1
6337	0
6338	0
6339	0
6340	0
6341	0
6342	0
6343	0
6344	0
6345	1
6346	0
6347	0
6348	0
6349	1
6350	0
6351	0
6352	0
6353	0
6354	0
6355	0
6356	1
6357	1
6358	2
6359	0
6360	0
6361	1
6362	0
6363	0
6364	1
6365	0
6366	0
6367	1
6368	1
6369	0
6370	1
6371	0
6372	1
6373	0
6374	0
6375	0
6376	1
6377	0
6378	0
6379	0
6380	0
6381	1
6382	0
6383	0
6384	0
6385	0
6386	0
6387	0
6388	0
6389	0
6390	0
6391	1
6392	1
6393	0
6394	0
6395	0
6396	0
6397	0
6398	1
6399	1
6400	0
6401	0
6402	0
6403	1
6404	1
6405	0
6406	0
6407	1
6408	0
6409	2
6410	0
6411	0
6412	1
6413	0
6414	0
6415	1
6416	2
6417	0
6418	0
6419	0
6420	1
6421	0
6422	1
6423	0
6424	0
6425	0
6426	0
6427	0
6428	0
6429	0
6430	2
6431	0
6432	0
6433	0
6434	0
6435	0
6436	0
6437	1
6438	0
6439	0
6440	0
6441	0
6442	1
6443	0
6444	0
6445	1
6446	0
6447	0
6448	0
6449	0
6450	0
6451	2
6452	0
6453	0
6454	1
6455	0
6456	0
6457	0
6458	0
6459	0
6460	0
6461	1
6462	0
6463	0
6464	1
6465	0
6466	0
6467	0
6468	0
6469	0
6470	2
6471	0
6472	0
6473	1
6474	0
6475	0
6476	0
6477	0
6478	0
6479	0
6480	0
6481	1
6482	0
6483	2
6484	0
6485	0
6486	0
6487	0
6488	0
6489	1
6490	1
6491	0
6492	0
6493	0
6494	1
6495	0
6496	0
6497	0
6498	0
6499	1
6500	0
6501	0
6502	1
6503	0
6504	0
6505	1
6506	0
6507	0
6508	0
6509	0
6510	1
6511	0
6512	0
6513	0
6514	0
6515	0
6516	0
6517	0
6518	1
6519	0
6520	0
6521	0
6522	0
6523	1
6524	1
6525	1
6526	0
6527	0
6528	0
6529	0
6530	0
6531	0
6532	0
6533	1
6534	1
6535	1
6536	1
6537	0
6538	0
6539	0
6540	0
6541	0
6542	0
6543	0
6544	0
6545	1
6546	0
6547	0
6548	1
6549	1
6550	0
6551	0
6552	0
6553	1
6554	0
6555	1
6556	0
6557	0
6558	1
6559	0
6560	0
6561	1
6562	0
6563	0
6564	1
6565	0
6566	0
6567	0
6568	0
6569	0
6570	0
6571	0
6572	0
6573	0
6574	1
6575	0
6576	0
6577	0
6578	0
6579	0
6580	1
6581	0
6582	0
6583	0
6584	2
6585	0
6586	1
6587	0
6588	1
6589	0
6590	0
6591	1
6592	0
6593	0
6594	1
6595	0
6596	0
6597	2
6598	1
6599	1
6600	1
6601	1
6602	1
6603	0
6604	0
6605	0
6606	0
6607	0
6608	0
6609	0
6610	0
6611	0
6612	1
6613	2
6614	2
6615	0
6616	0
6617	0
6618	2
6619	1
6620	0
6621	0
6622	0
6623	1
6624	0
6625	0
6626	1
6627	0
6628	0
6629	0
6630	0
6631	1
6632	1
6633	0
6634	0
6635	0
6636	0
6637	0
6638	0
6639	0
6640	1
6641	0
6642	0
6643	0
6644	1
6645	0
6646	0
6647	0
6648	0
6649	0
6650	0
6651	0
6652	0
6653	0
6654	0
6655	1
6656	0
6657	0
6658	0
6659	0
6660	0
6661	1
6662	0
6663	1
6664	0
6665	0
6666	0
6667	1
6668	0
6669	0
6670	0
6671	1
6672	1
6673	0
6674	1
6675	2
6676	0
6677	0
6678	0
6679	0
6680	0
6681	2
6682	1
6683	0
6684	0
6685	0
6686	1
6687	0
6688	0
6689	0
6690	0
6691	0
6692	0
6693	0
6694	0
6695	0
6696	0
6697	0
6698	0
6699	0
6700	0
6701	0
6702	0
6703	0
6704	0
6705	0
6706	0
6707	0
6708	0
6709	0
6710	1
6711	0
6712	0
6713	0
6714	0
6715	0
6716	0
6717	1
6718	0
6719	0
6720	0
6721	0
6722	0
6723	1
6724	0
6725	1
6726	1
6727	0
6728	0
6729	0
6730	0
6731	0
6732	0
6733	2
6734	0
6735	0
6736	0
6737	0
6738	1
6739	2
6740	0
6741	0
6742	1
6743	0
6744	1
6745	1
6746	0
6747	0
6748	0
6749	0
6750	1
6751	0
6752	0
6753	0
6754	1
6755	0
6756	1
6757	1
6758	0
6759	0
6760	0
6761	0
6762	0
6763	1
6764	0
6765	0
6766	0
6767	0
6768	1
6769	0
6770	0
6771	0
6772	0
6773	0
6774	0
6775	0
6776	1
6777	0
6778	0
6779	0
6780	1
6781	1
6782	0
6783	0
6784	0
6785	1
6786	0
6787	0
6788	0
6789	1
6790	0
6791	1
6792	0
6793	0
6794	0
6795	1
6796	1
6797	1
6798	1
6799	1
6800	0
6801	0
6802	0
6803	0
6804	0
6805	0
6806	0
6807	0
6808	0
6809	0
6810	1
6811	0
6812	0
6813	1
6814	1
6815	0
6816	0
6817	1
6818	0
6819	0
6820	0
6821	1
6822	0
6823	0
6824	0
6825	0
6826	0
6827	0
6828	2
6829	0
6830	0
6831	0
6832	1
6833	2
6834	0
6835	1
6836	0
6837	0
6838	0
6839	0
6840	0
6841	1
6842	0
6843	1
6844	3
6845	1
6846	0
6847	0
6848	0
6849	1
6850	1
6851	2
6852	0
6853	0
6854	0
6855	0
6856	0
6857	0
6858	0
6859	1
6860	1
6861	0
6862	0
6863	0
6864	0
6865	0
6866	0
6867	1
6868	0
6869	0
6870	1
6871	0
6872	0
6873	1
6874	0
6875	0
6876	0
6877	1
6878	0
6879	0
6880	1
6881	0
6882	0
6883	1
6884	0
6885	0
6886	0
6887	0
6888	0
6889	1
6890	1
6891	0
6892	1
6893	1
6894	0
6895	1
6896	0
6897	0
6898	0
6899	0
6900	2
6901	0
6902	0
6903	0
6904	0
6905	0
6906	1
6907	0
6908	0
6909	0
6910	0
6911	1
6912	0
6913	0
6914	0
6915	0
6916	0
6917	1
6918	0
6919	0
6920	1
6921	0
6922	0
6923	0
6924	0
6925	0
6926	0
6927	0
6928	0
6929	1
6930	0
6931	1
6932	0
6933	0
6934	1
6935	0
6936	0
6937	0
6938	0
6939	0
6940	1
6941	0
6942	0
6943	0
6944	0
6945	0
6946	0
6947	0
6948	0
6949	0
6950	0
6951	0
6952	0
6953	0
6954	0
6955	1
6956	0
6957	0
6958	0
6959	0
6960	0
6961	0
6962	0
6963	0
6964	0
6965	0
6966	0
6967	0
6968	0
6969	0
6970	0
6971	1
6972	0
6973	0
6974	0
6975	0
6976	2
6977	0
6978	1
6979	0
6980	0
6981	0
6982	0
6983	0
6984	0
6985	1
6986	0
6987	0
6988	0
6989	0
6990	0
6991	2
6992	0
6993	0
6994	1
6995	0
6996	0
6997	0
6998	0
6999	0
7000	0
7001	0
7002	0
7003	3
7004	0
7005	0
7006	0
7007	0
7008	0
7009	1
7010	0
7011	0
7012	0
7013	0
7014	1
7015	0
7016	0
7017	0
7018	0
7019	0
7020	0
7021	0
7022	0
7023	0
7024	1
7025	0
7026	0
7027	0
7028	0
7029	0
7030	0
7031	0
7032	1
7033	0
7034	1
7035	0
7036	1
7037	0
7038	1
7039	0
7040	0
7041	0
7042	1
7043	0
7044	1
7045	0
7046	1
7047	0
7048	0
7049	0
7050	0
7051	0
7052	1
7053	0
7054	0
7055	0
7056	0
7057	0
7058	0
7059	0
7060	2
7061	1
7062	0
7063	0
7064	1
7065	1
7066	1
7067	0
7068	0
7069	0
7070	0
7071	0
7072	0
7073	0
7074	0
7075	1
7076	0
7077	0
7078	0
7079	1
7080	0
7081	0
7082	0
7083	0
7084	0
7085	0
7086	0
7087	1
7088	0
7089	0
7090	0
7091	0
7092	0
7093	0
7094	1
7095	0
7096	0
7097	0
7098	0
7099	0
7100	0
7101	0
7102	2
7103	0
7104	0
7105	0
7106	0
7107	0
7108	0
7109	1
7110	0
7111	0
7112	0
7113	0
7114	0
7115	0
7116	0
7117	0
7118	0
7119	1
7120	0
7121	0
7122	0
7123	0
7124	1
7125	0
7126	0
7127	0
7128	1
7129	0
7130	1
7131	0
7132	0
7133	0
7134	0
7135	0
7136	0
7137	0
7138	0
7139	0
7140	1
7141	0
7142	0
7143	0
7144	0
7145	0
7146	0
7147	0
7148	0
7149	0
7150	0
7151	0
7152	0
7153	0
7154	0
7155	0
7156	0
7157	0
7158	0
7159	0
7160	0
7161	0
7162	0
7163	0
7164	0
7165	0
7166	0
7167	0
7168	0
7169	1
7170	0
7171	0
7172	0
7173	0
7174	0
7175	0
7176	0
7177	0
7178	0
7179	0
7180	0
7181	0
7182	0
7183	0
7184	2
7185	0
7186	0
7187	0
7188	1
7189	0
7190	0
7191	1
7192	0
7193	0
7194	0
7195	0
7196	0
7197	0
7198	0
7199	0
7200	1
7201	0
7202	0
7203	0
7204	0
7205	0
7206	0
7207	0
7208	0
7209	0
7210	0
7211	1
7212	0
7213	0
7214	0
7215	0
7216	0
7217	0
7218	1
7219	0
7220	0
7221	0
7222	0
7223	0
7224	1
7225	0
7226	0
7227	0
7228	0
7229	0
7230	0
7231	0
7232	0
7233	0
7234	0
7235	0
7236	0
7237	0
7238	0
7239	1
7240	0
7241	0
7242	0
7243	0
7244	0
7245	0
7246	0
7247	0
7248	0
7249	0
7250	0
7251	0
7252	0
7253	0
7254	1
7255	0
7256	0
7257	0
7258	0
7259	0
7260	0
7261	0
7262	0
7263	0
7264	0
7265	1
7266	0
7267	1
7268	0
7269	0
7270	0
7271	0
7272	0
7273	0
7274	0
7275	0
7276	0
7277	0
7278	0
7279	1
7280	0
7281	0
7282	0
7283	0
7284	0
7285	0
7286	0
7287	0
7288	0
7289	0
7290	0
7291	0
7292	0
7293	1
7294	0
7295	0
7296	0
7297	0
7298	0
7299	0
7300	0
7301	0
7302	0
7303	0
7304	0
7305	0
7306	0
7307	0
7308	0
7309	0
7310	0
7311	0
7312	0
7313	0
7314	0
7315	1
7316	0
7317	0
7318	0
7319	0
7320	0
7321	0
7322	0
7323	1
7324	0
7325	0
7326	0
7327	0
7328	0
7329	0
7330	0
7331	1
7332	0
7333	1
7334	0
7335	0
7336	1
7337	0
7338	0
7339	1
7340	0
7341	0
7342	0
7343	0
7344	0
7345	0
7346	0
7347	0
7348	0
7349	0
7350	0
7351	0
7352	0
7353	1
7354	0
7355	0
7356	0
7357	0
7358	0
7359	0
7360	0
7361	0
7362	0
7363	0
7364	0
7365	1
7366	0
7367	0
7368	0
7369	0
7370	0
7371	0
7372	0
7373	1
7374	0
7375	0
7376	0
7377	0
7378	0
7379	0
7380	0
7381	0
7382	0
7383	0
7384	0
7385	0
7386	0
7387	0
7388	0
7389	0
7390	0
7391	0
7392	0
7393	0
7394	0
7395	0
7396	0
7397	0
7398	0
7399	0
7400	0
7401	0
7402	0
7403	0
7404	0
7405	0
7406	0
7407	0
7408	0
7409	0
7410	0
7411	0
7412	0
7413	0
7414	0
7415	0
7416	0
7417	0
7418	0
7419	0
7420	2
7421	0
7422	0
7423	0
7424	0
7425	1
7426	1
7427	0
7428	0
7429	1
7430	0
7431	0
7432	0
7433	0
7434	0
7435	0
7436	1
7437	0
7438	0
7439	0
7440	0
7441	0
7442	1
7443	0
7444	0
7445	0
7446	0
7447	0
7448	0
7449	0
7450	0
7451	0
7452	0
7453	0
7454	0
7455	0
7456	0
7457	0
7458	0
7459	1
7460	0
7461	0
7462	0
7463	0
7464	0
7465	0
7466	0
7467	0
7468	0
7469	0
7470	1
7471	0
7472	0
7473	0
7474	0
7475	0
7476	0
7477	0
7478	0
7479	1
7480	0
7481	0
7482	0
7483	0
7484	0
7485	0
7486	0
7487	0
7488	0
7489	0
7490	0
7491	0
7492	0
7493	0
7494	0
7495	0
7496	0
7497	0
7498	0
7499	0
7500	0
7501	0
7502	0
7503	0
7504	0
7505	0
7506	0
7507	0
7508	0
7509	0
7510	0
7511	0
7512	0
7513	0
7514	0
7515	0
7516	0
7517	1
7518	0
7519	0
7520	0
7521	0
7522	0
7523	1
7524	0
7525	0
7526	0
7527	1
7528	0
7529	0
7530	0
7531	0
7532	0
7533	0
7534	0
7535	0
7536	0
7537	0
7538	0
7539	0
7540	0
7541	0
7542	0
7543	0
7544	0
7545	0
7546	0
7547	0
7548	0
7549	0
7550	0
7551	0
7552	1
7553	0
7554	0
7555	0
7556	1
7557	0
7558	0
7559	0
7560	0
7561	0
7562	0
7563	0
7564	0
7565	0
7566	0
7567	0
7568	0
7569	1
7570	0
7571	0
7572	0
7573	0
7574	0
7575	0
7576	0
7577	0
7578	0
7579	0
7580	0
7581	1
7582	0
7583	0
7584	1
7585	0
7586	0
7587	1
7588	0
7589	0
7590	0
7591	0
7592	0
7593	0
7594	0
7595	0
7596	0
7597	0
7598	0
7599	0
7600	0
7601	1
7602	0
7603	0
7604	0
7605	0
7606	0
7607	0
7608	0
7609	0
7610	0
7611	0
7612	0
7613	0
7614	0
7615	0
7616	0
7617	0
7618	0
7619	0
7620	0
7621	0
7622	0
7623	0
7624	0
7625	0
7626	0
7627	0
7628	0
7629	0
7630	0
7631	0
7632	0
7633	0
7634	0
7635	0
7636	0
7637	2
7638	0
7639	0
7640	1
7641	0
7642	0
7643	1
7644	1
7645	0
7646	0
7647	0
7648	0
7649	0
7650	0
7651	0
7652	0
7653	0
7654	0
7655	0
7656	0
7657	0
7658	0
7659	0
7660	0
7661	0
7662	0
7663	1
7664	0
7665	0
7666	0
7667	0
7668	0
7669	0
7670	1
7671	0
7672	0
7673	0
7674	0
7675	0
7676	0
7677	0
7678	0
7679	0
7680	1
7681	0
7682	0
7683	0
7684	0
7685	0
7686	0
7687	0
7688	0
7689	0
7690	0
7691	0
7692	0
7693	0
7694	0
7695	0
7696	0
7697	0
7698	0
7699	0
7700	0
7701	1
7702	0
7703	0
7704	0
7705	0
7706	0
7707	0
7708	0
7709	1
7710	0
7711	1
7712	1
7713	0
7714	0
7715	0
7716	0
7717	0
7718	0
7719	0
7720	0
7721	0
7722	0
7723	0
7724	0
7725	0
7726	0
7727	0
7728	0
7729	0
7730	1
7731	0
7732	0
7733	0
7734	0
7735	0
7736	0
7737	0
7738	0
7739	0
7740	0
7741	0
7742	0
7743	0
7744	0
7745	0
7746	1
7747	0
7748	0
7749	0
7750	0
7751	0
7752	0
7753	1
7754	0
7755	0
7756	0
7757	0
7758	1
7759	0
7760	1
7761	0
7762	0
7763	0
7764	0
7765	0
7766	0
7767	0
7768	1
7769	0
7770	0
7771	0
7772	0
7773	0
7774	0
7775	0
7776	0
7777	1
7778	0
7779	0
7780	0
7781	0
7782	0
7783	0
7784	0
7785	0
7786	0
7787	0
7788	0
7789	0
7790	1
7791	0
7792	0
7793	0
7794	0
7795	0
7796	0
7797	0
7798	0
7799	1
7800	0
7801	0
7802	0
7803	0
7804	0
7805	0
7806	0
7807	0
7808	0
7809	0
7810	0
7811	0
7812	0
7813	0
7814	0
7815	0
7816	0
7817	0
7818	0
7819	0
7820	0
7821	0
7822	1
7823	1
7824	1
7825	0
7826	0
7827	0
7828	0
7829	1
7830	0
7831	0
7832	0
7833	1
7834	0
7835	0
7836	0
7837	0
7838	0
7839	0
7840	0
7841	1
7842	0
7843	0
7844	0
7845	0
7846	0
7847	0
7848	0
7849	1
7850	2
7851	0
7852	0
7853	0
7854	0
7855	1
7856	1
7857	0
7858	0
7859	1
7860	0
7861	0
7862	0
7863	0
7864	0
7865	0
7866	0
7867	0
7868	0
7869	0
7870	1
7871	0
7872	1
7873	0
7874	0
7875	0
7876	0
7877	1
7878	1
7879	1
7880	0
7881	1
7882	0
7883	0
7884	0
7885	0
7886	0
7887	0
7888	0
7889	0
7890	0
7891	0
7892	1
7893	0
7894	0
7895	0
7896	1
7897	0
7898	0
7899	0
7900	1
7901	1
7902	0
7903	0
7904	1
7905	1
7906	0
7907	1
7908	0
7909	1
7910	0
7911	0
7912	0
7913	0
7914	2
7915	0
7916	0
7917	0
7918	1
7919	0
7920	0
7921	0
7922	1
7923	2
7924	0
7925	0
7926	0
7927	0
7928	2
7929	0
7930	0
7931	0
7932	0
7933	0
7934	0
7935	0
7936	0
7937	0
7938	0
7939	0
7940	0
7941	0
7942	0
7943	0
7944	1
7945	0
7946	0
7947	0
7948	1
7949	0
7950	0
7951	0
7952	0
7953	0
7954	0
7955	0
7956	0
7957	0
7958	0
7959	0
7960	0
7961	0
7962	1
7963	0
7964	0
7965	0
7966	0
7967	0
7968	0
7969	0
7970	0
7971	0
7972	1
7973	0
7974	2
7975	0
7976	0
7977	0
7978	0
7979	0
7980	0
7981	1
7982	0
7983	0
7984	2
7985	0
7986	1
7987	1
7988	0
7989	0
7990	0
7991	0
7992	0
7993	0
7994	0
7995	0
7996	0
7997	1
7998	1
7999	0
8000	0
8001	0
8002	0
8003	0
8004	1
8005	2
8006	0
8007	0
8008	0
8009	1
8010	1
8011	1
8012	0
8013	0
8014	0
8015	0
8016	0
8017	0
8018	0
8019	0
8020	0
8021	0
8022	0
8023	0
8024	0
8025	0
8026	0
8027	0
8028	0
8029	0
8030	0
8031	0
8032	0
8033	0
8034	0
8035	0
8036	0
8037	0
8038	0
8039	0
8040	0
8041	0
8042	0
8043	0
8044	0
8045	0
8046	0
8047	0
8048	0
8049	0
8050	0
8051	0
8052	0
8053	0
8054	0
8055	0
8056	0
8057	0
8058	0
8059	0
8060	0
8061	0
8062	0
8063	0
8064	0
8065	0
8066	0
8067	0
8068	0
8069	0
8070	0
8071	0
8072	0
8073	0
8074	0
8075	0
8076	0
8077	0
8078	0
8079	0
8080	0
8081	0
8082	0
8083	0
8084	0
8085	0
8086	0
8087	0
8088	0
8089	0
8090	0
8091	0
8092	0
8093	0
8094	0
8095	0
8096	0
8097	0
8098	0
8099	0
8100	0
8101	0
8102	0
8103	0
8104	0
8105	0
8106	0
8107	0
8108	0
8109	0
8110	0
8111	0
8112	0
8113	0
8114	0
8115	0
8116	0
8117	0
8118	0
8119	0
8120	0
8121	0
8122	0
8123	0
8124	0
8125	0
8126	0
8127	0
8128	0
8129	0
8130	0
8131	0
8132	0
8133	0
8134	0
8135	0
8136	0
8137	0
8138	0
8139	0
8140	0
8141	0
8142	0
8143	0
8144	0
8145	0
8146	0
8147	0
8148	0
8149	0
8150	0
8151	0
8152	0
8153	0
8154	0
8155	0
8156	0
8157	0
8158	0
8159	0
8160	0
8161	0
8162	0
8163	0
8164	0
8165	0
8166	0
8167	0
8168	0
8169	0
8170	0
8171	0
8172	0
8173	0
8174	0
8175	0
8176	0
8177	0
8178	0
8179	0
8180	0
8181	0
8182	0
8183	0
8184	0
8185	0
8186	0
8187	0
8188	0
8189	0
8190	0
8191	0
