0	0
1	0
2	0
3	0
4	0
5	0
6	0
7	0
8	0
9	0
10	0
11	0
12	0
13	0
14	0
15	0
16	0
17	0
18	0
19	0
20	0
21	0
22	0
23	0
24	0
25	0
26	0
27	0
28	0
29	0
30	0
31	1
32	0
33	0
34	0
35	1
36	1
37	1
38	1
39	0
40	1
41	1
42	5
43	14
44	58
45	214
46	310
47	317
48	298
49	288
50	325
51	305
52	258
53	221
54	188
55	155
56	180
57	136
58	121
59	147
60	171
61	152
62	133
63	145
64	146
65	143
66	136
67	144
68	147
69	124
70	134
71	130
72	167
73	127
74	131
75	125
76	137
77	135
78	144
79	129
80	148
81	139
82	130
83	141
84	127
85	124
86	121
87	129
88	120
89	121
90	125
91	115
92	123
93	147
94	128
95	115
96	112
97	126
98	137
99	142
100	114
101	120
102	108
103	120
104	112
105	142
106	123
107	117
108	124
109	120
110	140
111	114
112	127
113	120
114	120
115	133
116	142
117	122
118	119
119	125
120	125
121	128
122	119
123	149
124	140
125	112
126	126
127	127
128	126
129	116
130	127
131	126
132	139
133	138
134	143
135	134
136	135
137	135
138	135
139	152
140	141
141	132
142	131
143	138
144	136
145	146
146	145
147	122
148	150
149	140
150	158
151	141
152	138
153	153
154	127
155	132
156	135
157	137
158	149
159	134
160	157
161	138
162	161
163	127
164	138
165	161
166	129
167	136
168	115
169	139
170	135
171	142
172	160
173	152
174	155
175	147
176	175
177	143
178	160
179	147
180	143
181	167
182	143
183	163
184	183
185	156
186	159
187	179
188	142
189	165
190	145
191	172
192	175
193	196
194	162
195	163
196	153
197	142
198	162
199	146
200	178
201	178
202	182
203	161
204	185
205	170
206	166
207	165
208	167
209	174
210	176
211	182
212	158
213	188
214	164
215	186
216	189
217	181
218	201
219	164
220	173
221	190
222	189
223	171
224	202
225	198
226	196
227	181
228	185
229	180
230	192
231	184
232	182
233	217
234	220
235	210
236	221
237	206
238	212
239	210
240	216
241	241
242	228
243	237
244	225
245	237
246	244
247	220
248	260
249	240
250	248
251	249
252	244
253	249
254	263
255	235
256	290
257	255
258	237
259	234
260	243
261	246
262	269
263	232
264	224
265	230
266	231
267	247
268	233
269	211
270	228
271	222
272	250
273	211
274	216
275	231
276	261
277	218
278	219
279	230
280	202
281	222
282	207
283	217
284	216
285	208
286	220
287	222
288	226
289	207
290	233
291	237
292	204
293	204
294	200
295	220
296	233
297	216
298	219
299	235
300	227
301	210
302	201
303	222
304	210
305	198
306	206
307	202
308	215
309	198
310	189
311	198
312	227
313	211
314	220
315	187
316	182
317	195
318	185
319	203
320	195
321	204
322	209
323	189
324	200
325	176
326	224
327	194
328	196
329	195
330	199
331	210
332	184
333	185
334	216
335	211
336	188
337	191
338	182
339	195
340	171
341	194
342	204
343	193
344	185
345	191
346	190
347	193
348	205
349	175
350	193
351	191
352	178
353	215
354	185
355	198
356	184
357	214
358	188
359	218
360	194
361	183
362	218
363	186
364	191
365	186
366	222
367	202
368	210
369	193
370	177
371	206
372	194
373	171
374	184
375	171
376	187
377	179
378	180
379	190
380	192
381	205
382	187
383	199
384	173
385	200
386	202
387	210
388	184
389	179
390	185
391	191
392	184
393	202
394	200
395	177
396	203
397	201
398	180
399	177
400	189
401	184
402	179
403	168
404	188
405	201
406	211
407	201
408	202
409	213
410	212
411	199
412	180
413	188
414	158
415	189
416	173
417	182
418	225
419	201
420	197
421	201
422	192
423	161
424	201
425	183
426	195
427	199
428	184
429	162
430	187
431	187
432	194
433	181
434	193
435	187
436	195
437	185
438	175
439	190
440	183
441	172
442	203
443	194
444	167
445	182
446	187
447	202
448	171
449	180
450	205
451	191
452	177
453	205
454	205
455	182
456	170
457	181
458	202
459	177
460	208
461	183
462	173
463	188
464	175
465	185
466	172
467	203
468	180
469	171
470	203
471	199
472	156
473	193
474	188
475	188
476	172
477	200
478	194
479	194
480	177
481	196
482	188
483	205
484	200
485	182
486	196
487	178
488	188
489	177
490	199
491	179
492	201
493	180
494	190
495	187
496	184
497	168
498	199
499	194
500	178
501	187
502	211
503	186
504	174
505	174
506	168
507	175
508	179
509	177
510	195
511	192
512	201
513	175
514	177
515	160
516	188
517	184
518	171
519	170
520	191
521	165
522	174
523	186
524	184
525	176
526	173
527	157
528	206
529	205
530	197
531	191
532	198
533	185
534	180
535	193
536	202
537	202
538	181
539	193
540	199
541	192
542	202
543	171
544	212
545	188
546	193
547	193
548	197
549	199
550	197
551	198
552	184
553	195
554	192
555	200
556	201
557	192
558	208
559	192
560	189
561	182
562	187
563	206
564	192
565	206
566	218
567	200
568	196
569	201
570	183
571	230
572	217
573	230
574	192
575	232
576	210
577	200
578	199
579	174
580	203
581	207
582	186
583	204
584	192
585	201
586	190
587	216
588	229
589	220
590	194
591	227
592	203
593	206
594	187
595	210
596	217
597	227
598	245
599	196
600	220
601	208
602	195
603	200
604	243
605	202
606	243
607	227
608	223
609	207
610	214
611	198
612	216
613	199
614	208
615	192
616	202
617	218
618	207
619	206
620	244
621	215
622	211
623	218
624	201
625	214
626	188
627	201
628	202
629	203
630	199
631	194
632	179
633	204
634	186
635	189
636	202
637	196
638	200
639	182
640	188
641	201
642	207
643	198
644	181
645	200
646	198
647	192
648	220
649	214
650	198
651	175
652	211
653	204
654	203
655	208
656	197
657	181
658	177
659	221
660	198
661	207
662	176
663	183
664	184
665	186
666	181
667	187
668	184
669	183
670	192
671	189
672	161
673	177
674	173
675	175
676	178
677	218
678	170
679	162
680	184
681	176
682	152
683	178
684	182
685	167
686	187
687	175
688	173
689	182
690	192
691	196
692	174
693	187
694	179
695	184
696	208
697	164
698	182
699	167
700	150
701	184
702	192
703	181
704	176
705	173
706	191
707	164
708	185
709	165
710	168
711	186
712	186
713	158
714	170
715	171
716	197
717	200
718	189
719	204
720	177
721	164
722	189
723	157
724	190
725	175
726	187
727	155
728	204
729	200
730	169
731	169
732	175
733	190
734	163
735	148
736	170
737	171
738	186
739	178
740	167
741	165
742	166
743	164
744	185
745	189
746	179
747	161
748	173
749	192
750	167
751	166
752	155
753	153
754	191
755	151
756	150
757	177
758	170
759	166
760	187
761	173
762	160
763	182
764	161
765	178
766	173
767	190
768	153
769	179
770	159
771	166
772	156
773	175
774	190
775	167
776	185
777	185
778	163
779	161
780	167
781	168
782	178
783	180
784	174
785	166
786	193
787	183
788	153
789	166
790	157
791	168
792	184
793	182
794	174
795	156
796	156
797	169
798	163
799	171
800	150
801	176
802	169
803	139
804	169
805	175
806	168
807	140
808	172
809	156
810	176
811	160
812	170
813	173
814	163
815	169
816	178
817	159
818	145
819	151
820	154
821	155
822	139
823	154
824	151
825	169
826	189
827	171
828	158
829	157
830	152
831	149
832	173
833	152
834	156
835	173
836	161
837	154
838	167
839	140
840	165
841	127
842	168
843	148
844	156
845	151
846	143
847	141
848	151
849	157
850	164
851	157
852	161
853	158
854	165
855	160
856	167
857	175
858	164
859	164
860	156
861	160
862	178
863	152
864	152
865	145
866	160
867	160
868	164
869	168
870	165
871	165
872	167
873	159
874	155
875	158
876	150
877	158
878	158
879	159
880	146
881	166
882	161
883	128
884	187
885	132
886	161
887	127
888	150
889	148
890	143
891	196
892	162
893	169
894	154
895	142
896	177
897	173
898	151
899	148
900	167
901	135
902	158
903	160
904	148
905	155
906	156
907	157
908	153
909	157
910	131
911	179
912	162
913	153
914	169
915	155
916	155
917	167
918	158
919	137
920	171
921	178
922	168
923	177
924	156
925	178
926	151
927	157
928	161
929	152
930	159
931	162
932	152
933	158
934	169
935	159
936	142
937	147
938	169
939	175
940	168
941	155
942	169
943	193
944	163
945	158
946	149
947	137
948	163
949	162
950	173
951	165
952	159
953	168
954	157
955	152
956	181
957	161
958	157
959	160
960	166
961	168
962	151
963	174
964	162
965	162
966	139
967	149
968	171
969	171
970	156
971	146
972	161
973	141
974	130
975	160
976	151
977	177
978	159
979	160
980	143
981	167
982	164
983	157
984	142
985	162
986	151
987	154
988	161
989	164
990	174
991	156
992	150
993	173
994	163
995	149
996	171
997	166
998	178
999	171
1000	162
1001	167
1002	171
1003	161
1004	159
1005	155
1006	169
1007	170
1008	140
1009	152
1010	149
1011	180
1012	154
1013	153
1014	181
1015	132
1016	164
1017	140
1018	143
1019	189
1020	145
1021	146
1022	132
1023	140
1024	164
1025	153
1026	147
1027	166
1028	159
1029	149
1030	148
1031	147
1032	157
1033	142
1034	135
1035	125
1036	146
1037	149
1038	128
1039	145
1040	146
1041	135
1042	152
1043	140
1044	147
1045	150
1046	142
1047	138
1048	135
1049	153
1050	144
1051	142
1052	162
1053	130
1054	125
1055	131
1056	128
1057	129
1058	139
1059	115
1060	118
1061	144
1062	138
1063	125
1064	135
1065	103
1066	125
1067	104
1068	135
1069	127
1070	126
1071	102
1072	114
1073	133
1074	142
1075	107
1076	128
1077	143
1078	137
1079	97
1080	118
1081	111
1082	122
1083	120
1084	113
1085	125
1086	125
1087	93
1088	123
1089	124
1090	134
1091	93
1092	122
1093	107
1094	86
1095	107
1096	105
1097	100
1098	100
1099	105
1100	112
1101	105
1102	106
1103	113
1104	93
1105	101
1106	108
1107	100
1108	78
1109	106
1110	111
1111	96
1112	112
1113	111
1114	102
1115	96
1116	94
1117	98
1118	78
1119	98
1120	90
1121	89
1122	99
1123	88
1124	92
1125	101
1126	95
1127	100
1128	78
1129	88
1130	90
1131	98
1132	71
1133	101
1134	98
1135	93
1136	86
1137	109
1138	78
1139	96
1140	87
1141	96
1142	92
1143	98
1144	91
1145	87
1146	89
1147	97
1148	66
1149	84
1150	112
1151	101
1152	84
1153	93
1154	82
1155	100
1156	78
1157	77
1158	86
1159	98
1160	83
1161	81
1162	89
1163	107
1164	91
1165	72
1166	75
1167	76
1168	103
1169	87
1170	90
1171	91
1172	79
1173	84
1174	72
1175	89
1176	90
1177	81
1178	91
1179	74
1180	66
1181	73
1182	100
1183	100
1184	80
1185	85
1186	72
1187	110
1188	85
1189	90
1190	82
1191	71
1192	65
1193	72
1194	88
1195	91
1196	94
1197	68
1198	75
1199	85
1200	77
1201	82
1202	78
1203	93
1204	102
1205	92
1206	77
1207	83
1208	88
1209	81
1210	80
1211	89
1212	87
1213	73
1214	73
1215	82
1216	68
1217	74
1218	67
1219	92
1220	89
1221	93
1222	94
1223	76
1224	70
1225	64
1226	73
1227	79
1228	90
1229	90
1230	86
1231	97
1232	89
1233	77
1234	77
1235	74
1236	74
1237	82
1238	90
1239	68
1240	83
1241	77
1242	72
1243	81
1244	89
1245	79
1246	96
1247	68
1248	82
1249	85
1250	98
1251	66
1252	91
1253	88
1254	78
1255	63
1256	82
1257	77
1258	88
1259	93
1260	67
1261	67
1262	84
1263	82
1264	78
1265	68
1266	91
1267	77
1268	90
1269	80
1270	95
1271	79
1272	82
1273	92
1274	77
1275	82
1276	93
1277	81
1278	79
1279	87
1280	84
1281	76
1282	71
1283	88
1284	91
1285	89
1286	82
1287	75
1288	94
1289	100
1290	77
1291	71
1292	91
1293	74
1294	64
1295	81
1296	84
1297	72
1298	62
1299	84
1300	72
1301	80
1302	83
1303	83
1304	78
1305	93
1306	91
1307	83
1308	88
1309	87
1310	81
1311	93
1312	74
1313	77
1314	76
1315	67
1316	87
1317	59
1318	96
1319	91
1320	78
1321	93
1322	78
1323	89
1324	71
1325	90
1326	88
1327	76
1328	67
1329	96
1330	85
1331	74
1332	78
1333	73
1334	70
1335	88
1336	86
1337	77
1338	79
1339	72
1340	81
1341	76
1342	71
1343	90
1344	71
1345	88
1346	83
1347	85
1348	86
1349	92
1350	89
1351	80
1352	77
1353	79
1354	95
1355	87
1356	96
1357	82
1358	88
1359	91
1360	92
1361	101
1362	83
1363	89
1364	77
1365	84
1366	83
1367	97
1368	90
1369	68
1370	77
1371	73
1372	77
1373	92
1374	98
1375	80
1376	87
1377	83
1378	95
1379	89
1380	66
1381	92
1382	77
1383	88
1384	97
1385	73
1386	73
1387	91
1388	87
1389	89
1390	86
1391	71
1392	75
1393	86
1394	72
1395	96
1396	68
1397	84
1398	102
1399	82
1400	110
1401	95
1402	92
1403	82
1404	79
1405	87
1406	85
1407	78
1408	82
1409	85
1410	75
1411	62
1412	95
1413	81
1414	100
1415	86
1416	93
1417	84
1418	90
1419	83
1420	85
1421	87
1422	81
1423	77
1424	76
1425	95
1426	90
1427	77
1428	67
1429	100
1430	78
1431	78
1432	74
1433	82
1434	86
1435	80
1436	82
1437	81
1438	94
1439	81
1440	89
1441	100
1442	93
1443	81
1444	98
1445	81
1446	87
1447	78
1448	100
1449	87
1450	94
1451	83
1452	105
1453	102
1454	94
1455	92
1456	91
1457	86
1458	81
1459	80
1460	89
1461	87
1462	95
1463	81
1464	80
1465	93
1466	91
1467	91
1468	94
1469	95
1470	102
1471	97
1472	84
1473	93
1474	102
1475	75
1476	84
1477	100
1478	93
1479	90
1480	84
1481	98
1482	92
1483	109
1484	95
1485	101
1486	94
1487	91
1488	129
1489	109
1490	128
1491	134
1492	126
1493	121
1494	96
1495	120
1496	134
1497	107
1498	140
1499	142
1500	118
1501	143
1502	132
1503	137
1504	138
1505	157
1506	121
1507	149
1508	138
1509	145
1510	156
1511	148
1512	141
1513	178
1514	139
1515	187
1516	176
1517	165
1518	219
1519	185
1520	223
1521	187
1522	217
1523	218
1524	256
1525	236
1526	222
1527	215
1528	242
1529	266
1530	245
1531	245
1532	269
1533	238
1534	272
1535	284
1536	313
1537	298
1538	308
1539	297
1540	307
1541	345
1542	310
1543	336
1544	342
1545	356
1546	362
1547	360
1548	389
1549	363
1550	373
1551	423
1552	409
1553	402
1554	383
1555	429
1556	445
1557	441
1558	459
1559	464
1560	471
1561	467
1562	468
1563	474
1564	506
1565	513
1566	504
1567	561
1568	588
1569	523
1570	583
1571	554
1572	553
1573	590
1574	588
1575	618
1576	597
1577	673
1578	656
1579	647
1580	703
1581	742
1582	703
1583	722
1584	701
1585	724
1586	769
1587	802
1588	764
1589	848
1590	824
1591	793
1592	850
1593	787
1594	862
1595	868
1596	882
1597	901
1598	893
1599	936
1600	961
1601	927
1602	883
1603	963
1604	915
1605	881
1606	951
1607	948
1608	1052
1609	963
1610	945
1611	1039
1612	976
1613	1077
1614	1026
1615	1007
1616	1028
1617	1049
1618	1083
1619	1091
1620	1142
1621	1019
1622	1070
1623	1119
1624	1044
1625	1128
1626	1083
1627	1113
1628	1154
1629	1173
1630	1116
1631	1122
1632	1155
1633	1125
1634	1136
1635	1182
1636	1178
1637	1129
1638	1200
1639	1143
1640	1118
1641	1215
1642	1223
1643	1140
1644	1170
1645	1184
1646	1157
1647	1125
1648	1218
1649	1175
1650	1146
1651	1065
1652	1134
1653	1109
1654	1132
1655	1156
1656	1107
1657	1092
1658	1147
1659	1110
1660	1066
1661	1055
1662	1068
1663	1052
1664	1141
1665	1083
1666	1141
1667	1062
1668	1012
1669	1052
1670	1073
1671	1001
1672	1035
1673	1014
1674	991
1675	967
1676	959
1677	961
1678	974
1679	919
1680	926
1681	892
1682	950
1683	940
1684	895
1685	884
1686	864
1687	846
1688	837
1689	819
1690	796
1691	805
1692	828
1693	783
1694	784
1695	736
1696	695
1697	708
1698	720
1699	663
1700	694
1701	697
1702	621
1703	647
1704	609
1705	592
1706	595
1707	627
1708	596
1709	567
1710	564
1711	527
1712	523
1713	530
1714	524
1715	506
1716	469
1717	498
1718	461
1719	449
1720	387
1721	411
1722	420
1723	392
1724	386
1725	416
1726	384
1727	332
1728	365
1729	341
1730	351
1731	325
1732	315
1733	334
1734	297
1735	318
1736	292
1737	275
1738	252
1739	253
1740	251
1741	246
1742	224
1743	229
1744	258
1745	231
1746	233
1747	190
1748	224
1749	182
1750	188
1751	170
1752	188
1753	176
1754	165
1755	163
1756	145
1757	141
1758	126
1759	155
1760	149
1761	145
1762	143
1763	117
1764	116
1765	121
1766	117
1767	111
1768	104
1769	102
1770	114
1771	104
1772	100
1773	92
1774	82
1775	109
1776	98
1777	85
1778	92
1779	84
1780	79
1781	80
1782	97
1783	77
1784	78
1785	57
1786	65
1787	57
1788	70
1789	54
1790	56
1791	57
1792	63
1793	62
1794	62
1795	63
1796	61
1797	50
1798	43
1799	59
1800	50
1801	59
1802	42
1803	53
1804	40
1805	53
1806	52
1807	43
1808	50
1809	49
1810	47
1811	47
1812	42
1813	44
1814	47
1815	46
1816	40
1817	42
1818	38
1819	44
1820	31
1821	56
1822	32
1823	51
1824	36
1825	46
1826	39
1827	48
1828	45
1829	51
1830	30
1831	42
1832	27
1833	30
1834	32
1835	40
1836	33
1837	32
1838	39
1839	40
1840	39
1841	40
1842	33
1843	45
1844	33
1845	40
1846	41
1847	26
1848	42
1849	31
1850	48
1851	35
1852	35
1853	37
1854	40
1855	39
1856	40
1857	30
1858	38
1859	51
1860	41
1861	34
1862	35
1863	39
1864	40
1865	36
1866	30
1867	45
1868	37
1869	38
1870	30
1871	35
1872	33
1873	48
1874	29
1875	37
1876	46
1877	36
1878	37
1879	32
1880	31
1881	30
1882	34
1883	31
1884	41
1885	29
1886	27
1887	36
1888	40
1889	34
1890	31
1891	41
1892	42
1893	33
1894	31
1895	37
1896	32
1897	39
1898	38
1899	42
1900	44
1901	38
1902	41
1903	37
1904	45
1905	36
1906	39
1907	33
1908	26
1909	31
1910	30
1911	29
1912	29
1913	34
1914	43
1915	34
1916	40
1917	35
1918	37
1919	33
1920	35
1921	35
1922	36
1923	43
1924	47
1925	28
1926	35
1927	49
1928	47
1929	36
1930	34
1931	43
1932	28
1933	35
1934	34
1935	36
1936	37
1937	41
1938	39
1939	31
1940	39
1941	34
1942	34
1943	41
1944	32
1945	28
1946	39
1947	35
1948	33
1949	27
1950	41
1951	44
1952	32
1953	34
1954	34
1955	44
1956	48
1957	23
1958	37
1959	35
1960	42
1961	34
1962	37
1963	42
1964	39
1965	33
1966	25
1967	49
1968	36
1969	39
1970	39
1971	37
1972	32
1973	36
1974	41
1975	37
1976	34
1977	33
1978	34
1979	30
1980	46
1981	25
1982	38
1983	44
1984	33
1985	38
1986	34
1987	34
1988	26
1989	45
1990	29
1991	27
1992	35
1993	32
1994	35
1995	35
1996	31
1997	36
1998	37
1999	43
2000	29
2001	26
2002	36
2003	25
2004	29
2005	51
2006	24
2007	30
2008	35
2009	40
2010	26
2011	42
2012	33
2013	34
2014	38
2015	40
2016	41
2017	26
2018	27
2019	28
2020	35
2021	33
2022	35
2023	38
2024	27
2025	24
2026	30
2027	47
2028	31
2029	34
2030	30
2031	40
2032	47
2033	31
2034	36
2035	39
2036	28
2037	42
2038	33
2039	29
2040	33
2041	25
2042	32
2043	26
2044	30
2045	32
2046	36
2047	30
2048	36
2049	38
2050	42
2051	32
2052	33
2053	42
2054	43
2055	31
2056	26
2057	34
2058	42
2059	29
2060	51
2061	31
2062	37
2063	33
2064	40
2065	38
2066	35
2067	26
2068	34
2069	36
2070	34
2071	38
2072	28
2073	41
2074	44
2075	37
2076	30
2077	39
2078	28
2079	33
2080	36
2081	26
2082	34
2083	39
2084	37
2085	34
2086	43
2087	45
2088	39
2089	44
2090	41
2091	24
2092	36
2093	45
2094	37
2095	32
2096	40
2097	35
2098	38
2099	38
2100	49
2101	36
2102	34
2103	28
2104	45
2105	33
2106	25
2107	40
2108	34
2109	36
2110	22
2111	36
2112	25
2113	30
2114	49
2115	31
2116	42
2117	30
2118	30
2119	40
2120	36
2121	37
2122	33
2123	42
2124	40
2125	23
2126	32
2127	38
2128	35
2129	36
2130	41
2131	32
2132	22
2133	32
2134	33
2135	33
2136	34
2137	44
2138	31
2139	48
2140	27
2141	37
2142	30
2143	43
2144	49
2145	31
2146	44
2147	40
2148	34
2149	36
2150	29
2151	34
2152	27
2153	37
2154	36
2155	34
2156	41
2157	41
2158	27
2159	32
2160	31
2161	37
2162	44
2163	30
2164	23
2165	37
2166	34
2167	46
2168	26
2169	29
2170	48
2171	39
2172	31
2173	35
2174	32
2175	41
2176	37
2177	32
2178	42
2179	47
2180	47
2181	34
2182	42
2183	44
2184	44
2185	36
2186	39
2187	30
2188	43
2189	32
2190	27
2191	34
2192	31
2193	31
2194	39
2195	35
2196	37
2197	35
2198	36
2199	33
2200	33
2201	27
2202	37
2203	36
2204	37
2205	31
2206	25
2207	35
2208	47
2209	45
2210	50
2211	42
2212	37
2213	34
2214	34
2215	43
2216	41
2217	36
2218	30
2219	31
2220	37
2221	30
2222	26
2223	35
2224	40
2225	35
2226	31
2227	32
2228	38
2229	32
2230	28
2231	40
2232	44
2233	27
2234	34
2235	33
2236	36
2237	31
2238	38
2239	36
2240	24
2241	31
2242	43
2243	46
2244	41
2245	37
2246	47
2247	34
2248	39
2249	47
2250	35
2251	28
2252	33
2253	22
2254	31
2255	38
2256	33
2257	26
2258	30
2259	34
2260	27
2261	52
2262	39
2263	24
2264	37
2265	36
2266	32
2267	36
2268	38
2269	42
2270	31
2271	40
2272	36
2273	34
2274	41
2275	37
2276	35
2277	37
2278	41
2279	26
2280	31
2281	28
2282	32
2283	37
2284	31
2285	33
2286	35
2287	28
2288	37
2289	25
2290	49
2291	29
2292	32
2293	40
2294	34
2295	35
2296	24
2297	21
2298	40
2299	29
2300	36
2301	25
2302	25
2303	24
2304	34
2305	25
2306	33
2307	41
2308	24
2309	26
2310	30
2311	35
2312	34
2313	44
2314	38
2315	40
2316	34
2317	41
2318	30
2319	23
2320	24
2321	28
2322	33
2323	25
2324	29
2325	35
2326	36
2327	32
2328	32
2329	45
2330	19
2331	38
2332	39
2333	42
2334	33
2335	40
2336	25
2337	46
2338	32
2339	25
2340	24
2341	32
2342	34
2343	38
2344	32
2345	36
2346	33
2347	34
2348	42
2349	31
2350	30
2351	44
2352	27
2353	32
2354	32
2355	28
2356	35
2357	35
2358	27
2359	34
2360	30
2361	38
2362	28
2363	35
2364	28
2365	37
2366	35
2367	25
2368	42
2369	25
2370	23
2371	33
2372	35
2373	45
2374	26
2375	32
2376	36
2377	32
2378	29
2379	26
2380	36
2381	31
2382	39
2383	39
2384	37
2385	32
2386	40
2387	31
2388	28
2389	29
2390	24
2391	22
2392	23
2393	32
2394	47
2395	28
2396	27
2397	24
2398	38
2399	35
2400	34
2401	35
2402	27
2403	42
2404	39
2405	43
2406	40
2407	34
2408	31
2409	28
2410	29
2411	37
2412	36
2413	35
2414	39
2415	33
2416	32
2417	37
2418	34
2419	28
2420	45
2421	37
2422	40
2423	34
2424	33
2425	36
2426	25
2427	31
2428	38
2429	43
2430	31
2431	26
2432	37
2433	30
2434	42
2435	25
2436	30
2437	27
2438	36
2439	34
2440	38
2441	33
2442	33
2443	44
2444	36
2445	30
2446	29
2447	35
2448	36
2449	37
2450	33
2451	28
2452	43
2453	38
2454	31
2455	34
2456	37
2457	33
2458	32
2459	37
2460	26
2461	45
2462	29
2463	27
2464	34
2465	44
2466	30
2467	42
2468	35
2469	41
2470	43
2471	40
2472	42
2473	31
2474	41
2475	29
2476	37
2477	42
2478	26
2479	43
2480	47
2481	43
2482	34
2483	35
2484	41
2485	29
2486	38
2487	29
2488	35
2489	29
2490	36
2491	38
2492	35
2493	38
2494	35
2495	30
2496	27
2497	31
2498	31
2499	38
2500	23
2501	30
2502	26
2503	34
2504	31
2505	39
2506	37
2507	36
2508	39
2509	35
2510	34
2511	37
2512	42
2513	42
2514	39
2515	42
2516	24
2517	27
2518	35
2519	37
2520	39
2521	31
2522	38
2523	30
2524	44
2525	40
2526	25
2527	45
2528	44
2529	33
2530	33
2531	31
2532	31
2533	43
2534	34
2535	33
2536	46
2537	44
2538	30
2539	27
2540	32
2541	34
2542	40
2543	34
2544	27
2545	40
2546	32
2547	33
2548	27
2549	37
2550	32
2551	19
2552	22
2553	31
2554	28
2555	43
2556	43
2557	37
2558	37
2559	33
2560	34
2561	31
2562	26
2563	40
2564	34
2565	31
2566	30
2567	33
2568	29
2569	34
2570	42
2571	42
2572	35
2573	36
2574	32
2575	36
2576	31
2577	22
2578	34
2579	38
2580	31
2581	34
2582	35
2583	42
2584	33
2585	29
2586	27
2587	41
2588	26
2589	31
2590	27
2591	50
2592	26
2593	28
2594	22
2595	37
2596	28
2597	42
2598	32
2599	30
2600	44
2601	33
2602	30
2603	36
2604	41
2605	28
2606	31
2607	38
2608	26
2609	44
2610	40
2611	36
2612	44
2613	39
2614	39
2615	36
2616	42
2617	32
2618	32
2619	34
2620	39
2621	30
2622	40
2623	27
2624	30
2625	24
2626	33
2627	33
2628	41
2629	42
2630	39
2631	48
2632	40
2633	30
2634	31
2635	41
2636	40
2637	29
2638	49
2639	27
2640	37
2641	30
2642	23
2643	34
2644	34
2645	41
2646	29
2647	25
2648	28
2649	28
2650	32
2651	21
2652	36
2653	36
2654	34
2655	32
2656	30
2657	38
2658	38
2659	30
2660	36
2661	36
2662	21
2663	45
2664	39
2665	28
2666	32
2667	36
2668	34
2669	21
2670	24
2671	30
2672	34
2673	38
2674	32
2675	33
2676	26
2677	37
2678	34
2679	42
2680	43
2681	32
2682	28
2683	39
2684	38
2685	33
2686	34
2687	41
2688	36
2689	35
2690	46
2691	42
2692	41
2693	32
2694	38
2695	29
2696	33
2697	31
2698	31
2699	39
2700	48
2701	37
2702	36
2703	21
2704	41
2705	28
2706	29
2707	31
2708	40
2709	33
2710	35
2711	29
2712	40
2713	27
2714	35
2715	28
2716	27
2717	30
2718	43
2719	32
2720	41
2721	41
2722	29
2723	22
2724	33
2725	42
2726	32
2727	23
2728	34
2729	27
2730	29
2731	20
2732	45
2733	34
2734	25
2735	31
2736	29
2737	30
2738	26
2739	27
2740	30
2741	35
2742	32
2743	30
2744	36
2745	36
2746	34
2747	31
2748	33
2749	37
2750	40
2751	33
2752	30
2753	32
2754	35
2755	46
2756	27
2757	35
2758	45
2759	37
2760	33
2761	27
2762	29
2763	35
2764	27
2765	45
2766	45
2767	35
2768	33
2769	32
2770	26
2771	41
2772	46
2773	36
2774	37
2775	36
2776	33
2777	37
2778	30
2779	39
2780	28
2781	26
2782	35
2783	27
2784	35
2785	28
2786	30
2787	46
2788	34
2789	33
2790	28
2791	31
2792	27
2793	37
2794	37
2795	35
2796	34
2797	28
2798	32
2799	37
2800	30
2801	39
2802	23
2803	25
2804	34
2805	43
2806	38
2807	38
2808	33
2809	32
2810	30
2811	31
2812	21
2813	33
2814	42
2815	37
2816	43
2817	43
2818	37
2819	27
2820	41
2821	39
2822	42
2823	33
2824	30
2825	50
2826	31
2827	44
2828	39
2829	42
2830	48
2831	29
2832	33
2833	24
2834	33
2835	40
2836	32
2837	37
2838	37
2839	37
2840	32
2841	42
2842	39
2843	36
2844	30
2845	44
2846	38
2847	32
2848	35
2849	33
2850	37
2851	47
2852	34
2853	32
2854	22
2855	26
2856	31
2857	46
2858	38
2859	33
2860	42
2861	32
2862	41
2863	30
2864	35
2865	32
2866	35
2867	32
2868	30
2869	37
2870	32
2871	30
2872	34
2873	33
2874	35
2875	34
2876	35
2877	32
2878	32
2879	33
2880	44
2881	20
2882	30
2883	28
2884	36
2885	30
2886	36
2887	41
2888	45
2889	29
2890	40
2891	24
2892	28
2893	38
2894	41
2895	42
2896	49
2897	38
2898	43
2899	34
2900	32
2901	34
2902	31
2903	35
2904	38
2905	40
2906	26
2907	33
2908	34
2909	33
2910	32
2911	29
2912	35
2913	46
2914	27
2915	41
2916	43
2917	38
2918	35
2919	43
2920	34
2921	29
2922	38
2923	37
2924	36
2925	37
2926	33
2927	37
2928	48
2929	32
2930	35
2931	49
2932	43
2933	31
2934	42
2935	33
2936	46
2937	40
2938	38
2939	32
2940	36
2941	36
2942	28
2943	44
2944	30
2945	32
2946	37
2947	46
2948	28
2949	34
2950	31
2951	30
2952	36
2953	39
2954	38
2955	31
2956	41
2957	44
2958	36
2959	30
2960	45
2961	42
2962	27
2963	36
2964	42
2965	31
2966	35
2967	36
2968	34
2969	35
2970	39
2971	28
2972	40
2973	35
2974	43
2975	48
2976	37
2977	37
2978	33
2979	35
2980	30
2981	29
2982	41
2983	33
2984	38
2985	41
2986	41
2987	37
2988	30
2989	48
2990	26
2991	36
2992	37
2993	33
2994	42
2995	38
2996	34
2997	35
2998	31
2999	38
3000	35
3001	45
3002	32
3003	50
3004	27
3005	34
3006	37
3007	34
3008	31
3009	35
3010	31
3011	30
3012	35
3013	46
3014	36
3015	37
3016	40
3017	41
3018	41
3019	34
3020	37
3021	43
3022	39
3023	31
3024	51
3025	32
3026	34
3027	31
3028	42
3029	41
3030	28
3031	38
3032	46
3033	38
3034	27
3035	40
3036	41
3037	31
3038	37
3039	45
3040	39
3041	34
3042	34
3043	32
3044	41
3045	38
3046	30
3047	38
3048	22
3049	42
3050	47
3051	38
3052	36
3053	40
3054	34
3055	41
3056	32
3057	40
3058	36
3059	36
3060	27
3061	31
3062	41
3063	45
3064	34
3065	34
3066	48
3067	38
3068	43
3069	45
3070	39
3071	46
3072	33
3073	39
3074	50
3075	43
3076	40
3077	35
3078	39
3079	31
3080	37
3081	44
3082	55
3083	33
3084	37
3085	35
3086	26
3087	49
3088	36
3089	39
3090	33
3091	34
3092	34
3093	45
3094	39
3095	41
3096	49
3097	35
3098	35
3099	37
3100	28
3101	46
3102	44
3103	34
3104	39
3105	48
3106	30
3107	52
3108	25
3109	38
3110	36
3111	33
3112	45
3113	35
3114	23
3115	30
3116	46
3117	40
3118	40
3119	44
3120	32
3121	40
3122	34
3123	27
3124	35
3125	38
3126	30
3127	33
3128	47
3129	38
3130	40
3131	41
3132	36
3133	38
3134	33
3135	38
3136	40
3137	37
3138	27
3139	42
3140	39
3141	37
3142	30
3143	43
3144	35
3145	36
3146	37
3147	33
3148	33
3149	30
3150	27
3151	35
3152	30
3153	41
3154	34
3155	35
3156	30
3157	25
3158	42
3159	27
3160	40
3161	34
3162	41
3163	33
3164	45
3165	22
3166	40
3167	24
3168	34
3169	38
3170	34
3171	31
3172	30
3173	45
3174	34
3175	27
3176	46
3177	36
3178	43
3179	36
3180	26
3181	36
3182	34
3183	30
3184	41
3185	28
3186	35
3187	36
3188	39
3189	37
3190	33
3191	35
3192	27
3193	38
3194	38
3195	34
3196	30
3197	40
3198	30
3199	32
3200	24
3201	29
3202	39
3203	36
3204	35
3205	32
3206	25
3207	22
3208	32
3209	39
3210	33
3211	36
3212	38
3213	37
3214	26
3215	32
3216	31
3217	30
3218	31
3219	29
3220	28
3221	39
3222	21
3223	35
3224	33
3225	31
3226	30
3227	26
3228	31
3229	27
3230	27
3231	23
3232	23
3233	22
3234	21
3235	31
3236	31
3237	24
3238	20
3239	28
3240	22
3241	26
3242	25
3243	35
3244	23
3245	29
3246	24
3247	28
3248	31
3249	18
3250	27
3251	34
3252	22
3253	18
3254	24
3255	19
3256	28
3257	27
3258	27
3259	32
3260	19
3261	23
3262	26
3263	25
3264	25
3265	37
3266	26
3267	25
3268	22
3269	33
3270	13
3271	31
3272	23
3273	16
3274	25
3275	19
3276	29
3277	22
3278	28
3279	24
3280	19
3281	22
3282	18
3283	18
3284	24
3285	24
3286	23
3287	17
3288	32
3289	27
3290	21
3291	26
3292	26
3293	21
3294	17
3295	13
3296	26
3297	23
3298	25
3299	22
3300	17
3301	27
3302	26
3303	13
3304	22
3305	20
3306	27
3307	24
3308	22
3309	20
3310	24
3311	20
3312	17
3313	21
3314	20
3315	20
3316	21
3317	14
3318	18
3319	13
3320	19
3321	23
3322	13
3323	20
3324	19
3325	16
3326	14
3327	27
3328	16
3329	14
3330	13
3331	22
3332	23
3333	24
3334	21
3335	27
3336	26
3337	27
3338	13
3339	21
3340	18
3341	25
3342	14
3343	24
3344	12
3345	17
3346	15
3347	15
3348	17
3349	11
3350	22
3351	14
3352	13
3353	22
3354	25
3355	14
3356	17
3357	11
3358	24
3359	11
3360	16
3361	13
3362	10
3363	17
3364	18
3365	17
3366	15
3367	12
3368	17
3369	14
3370	16
3371	13
3372	14
3373	23
3374	16
3375	14
3376	18
3377	19
3378	18
3379	16
3380	9
3381	14
3382	22
3383	18
3384	13
3385	12
3386	15
3387	16
3388	9
3389	10
3390	22
3391	14
3392	18
3393	18
3394	19
3395	21
3396	10
3397	13
3398	13
3399	11
3400	16
3401	17
3402	12
3403	12
3404	9
3405	10
3406	14
3407	12
3408	18
3409	17
3410	15
3411	17
3412	12
3413	15
3414	16
3415	13
3416	15
3417	12
3418	14
3419	19
3420	14
3421	19
3422	16
3423	14
3424	13
3425	12
3426	10
3427	10
3428	7
3429	9
3430	5
3431	15
3432	14
3433	16
3434	16
3435	10
3436	10
3437	10
3438	7
3439	15
3440	10
3441	13
3442	10
3443	7
3444	13
3445	15
3446	10
3447	12
3448	6
3449	12
3450	9
3451	9
3452	10
3453	5
3454	11
3455	7
3456	6
3457	5
3458	13
3459	8
3460	12
3461	7
3462	8
3463	11
3464	11
3465	11
3466	7
3467	9
3468	11
3469	14
3470	11
3471	9
3472	12
3473	13
3474	8
3475	11
3476	10
3477	13
3478	15
3479	13
3480	6
3481	12
3482	9
3483	11
3484	6
3485	12
3486	8
3487	9
3488	9
3489	9
3490	9
3491	7
3492	8
3493	6
3494	5
3495	9
3496	10
3497	6
3498	6
3499	4
3500	18
3501	6
3502	8
3503	4
3504	7
3505	8
3506	5
3507	9
3508	6
3509	12
3510	9
3511	12
3512	13
3513	4
3514	15
3515	10
3516	10
3517	7
3518	7
3519	6
3520	9
3521	9
3522	13
3523	7
3524	10
3525	9
3526	5
3527	13
3528	11
3529	8
3530	8
3531	3
3532	10
3533	15
3534	9
3535	7
3536	3
3537	4
3538	7
3539	9
3540	6
3541	7
3542	8
3543	4
3544	11
3545	8
3546	7
3547	14
3548	6
3549	8
3550	11
3551	5
3552	10
3553	3
3554	8
3555	10
3556	9
3557	5
3558	7
3559	7
3560	6
3561	8
3562	7
3563	11
3564	10
3565	9
3566	7
3567	7
3568	5
3569	2
3570	10
3571	9
3572	3
3573	7
3574	16
3575	3
3576	10
3577	5
3578	6
3579	5
3580	6
3581	11
3582	8
3583	5
3584	6
3585	5
3586	4
3587	6
3588	4
3589	7
3590	3
3591	9
3592	5
3593	4
3594	4
3595	7
3596	8
3597	8
3598	2
3599	8
3600	6
3601	10
3602	10
3603	10
3604	11
3605	11
3606	6
3607	5
3608	4
3609	5
3610	5
3611	5
3612	2
3613	7
3614	7
3615	7
3616	3
3617	1
3618	11
3619	5
3620	3
3621	4
3622	4
3623	3
3624	12
3625	2
3626	7
3627	3
3628	8
3629	4
3630	4
3631	8
3632	4
3633	7
3634	2
3635	8
3636	5
3637	6
3638	7
3639	6
3640	5
3641	4
3642	9
3643	9
3644	8
3645	5
3646	6
3647	8
3648	11
3649	7
3650	9
3651	8
3652	3
3653	7
3654	8
3655	2
3656	7
3657	5
3658	5
3659	5
3660	7
3661	6
3662	7
3663	7
3664	7
3665	5
3666	11
3667	8
3668	6
3669	4
3670	5
3671	7
3672	8
3673	4
3674	6
3675	5
3676	6
3677	4
3678	6
3679	6
3680	11
3681	14
3682	7
3683	7
3684	5
3685	7
3686	3
3687	7
3688	10
3689	9
3690	7
3691	7
3692	9
3693	7
3694	8
3695	10
3696	6
3697	7
3698	7
3699	11
3700	10
3701	13
3702	4
3703	10
3704	10
3705	8
3706	8
3707	5
3708	3
3709	7
3710	11
3711	14
3712	8
3713	7
3714	9
3715	6
3716	14
3717	12
3718	7
3719	9
3720	11
3721	7
3722	5
3723	13
3724	15
3725	12
3726	10
3727	14
3728	15
3729	8
3730	9
3731	12
3732	17
3733	7
3734	7
3735	9
3736	11
3737	7
3738	11
3739	7
3740	6
3741	13
3742	14
3743	21
3744	6
3745	14
3746	17
3747	8
3748	17
3749	19
3750	14
3751	21
3752	18
3753	11
3754	14
3755	18
3756	17
3757	12
3758	12
3759	14
3760	19
3761	15
3762	16
3763	21
3764	14
3765	16
3766	14
3767	21
3768	29
3769	26
3770	27
3771	21
3772	22
3773	29
3774	17
3775	17
3776	32
3777	18
3778	19
3779	26
3780	28
3781	32
3782	25
3783	26
3784	23
3785	33
3786	24
3787	36
3788	27
3789	26
3790	29
3791	39
3792	32
3793	21
3794	26
3795	25
3796	28
3797	34
3798	36
3799	32
3800	32
3801	34
3802	25
3803	28
3804	27
3805	27
3806	36
3807	40
3808	38
3809	31
3810	34
3811	44
3812	52
3813	42
3814	45
3815	41
3816	46
3817	41
3818	40
3819	41
3820	47
3821	50
3822	43
3823	40
3824	47
3825	47
3826	69
3827	50
3828	57
3829	58
3830	49
3831	60
3832	44
3833	60
3834	60
3835	61
3836	69
3837	51
3838	48
3839	49
3840	74
3841	63
3842	59
3843	65
3844	54
3845	54
3846	59
3847	75
3848	67
3849	64
3850	63
3851	73
3852	71
3853	81
3854	72
3855	79
3856	81
3857	75
3858	73
3859	76
3860	68
3861	77
3862	88
3863	74
3864	83
3865	80
3866	88
3867	88
3868	72
3869	78
3870	86
3871	99
3872	80
3873	98
3874	100
3875	90
3876	77
3877	89
3878	122
3879	95
3880	64
3881	93
3882	92
3883	96
3884	81
3885	110
3886	100
3887	99
3888	98
3889	101
3890	89
3891	119
3892	104
3893	96
3894	105
3895	101
3896	120
3897	108
3898	107
3899	110
3900	107
3901	111
3902	100
3903	126
3904	120
3905	124
3906	112
3907	132
3908	107
3909	114
3910	116
3911	115
3912	114
3913	119
3914	110
3915	119
3916	102
3917	126
3918	115
3919	132
3920	137
3921	122
3922	110
3923	113
3924	139
3925	133
3926	138
3927	156
3928	114
3929	146
3930	132
3931	157
3932	143
3933	146
3934	128
3935	144
3936	147
3937	137
3938	138
3939	142
3940	134
3941	130
3942	172
3943	153
3944	146
3945	148
3946	162
3947	173
3948	132
3949	177
3950	170
3951	179
3952	137
3953	141
3954	142
3955	149
3956	155
3957	161
3958	133
3959	155
3960	145
3961	136
3962	164
3963	157
3964	157
3965	151
3966	135
3967	154
3968	162
3969	169
3970	160
3971	163
3972	144
3973	164
3974	151
3975	144
3976	163
3977	159
3978	178
3979	141
3980	187
3981	167
3982	165
3983	171
3984	184
3985	170
3986	156
3987	159
3988	162
3989	169
3990	146
3991	172
3992	168
3993	131
3994	192
3995	161
3996	151
3997	159
3998	174
3999	168
4000	161
4001	165
4002	141
4003	162
4004	177
4005	147
4006	163
4007	164
4008	147
4009	175
4010	162
4011	124
4012	167
4013	153
4014	151
4015	152
4016	163
4017	128
4018	137
4019	159
4020	160
4021	129
4022	148
4023	151
4024	142
4025	169
4026	152
4027	131
4028	166
4029	166
4030	141
4031	184
4032	140
4033	162
4034	151
4035	142
4036	134
4037	117
4038	142
4039	129
4040	117
4041	123
4042	142
4043	155
4044	115
4045	130
4046	144
4047	138
4048	120
4049	144
4050	132
4051	146
4052	129
4053	123
4054	134
4055	124
4056	118
4057	143
4058	129
4059	137
4060	130
4061	130
4062	110
4063	133
4064	119
4065	121
4066	109
4067	126
4068	97
4069	103
4070	124
4071	123
4072	110
4073	133
4074	112
4075	132
4076	115
4077	120
4078	95
4079	115
4080	102
4081	116
4082	103
4083	88
4084	93
4085	135
4086	97
4087	98
4088	99
4089	95
4090	87
4091	93
4092	106
4093	87
4094	86
4095	88
4096	93
4097	102
4098	80
4099	90
4100	78
4101	82
4102	79
4103	89
4104	85
4105	85
4106	84
4107	84
4108	82
4109	75
4110	75
4111	90
4112	78
4113	78
4114	74
4115	61
4116	72
4117	58
4118	65
4119	68
4120	80
4121	63
4122	70
4123	60
4124	65
4125	68
4126	68
4127	53
4128	81
4129	43
4130	54
4131	55
4132	45
4133	56
4134	52
4135	43
4136	59
4137	46
4138	52
4139	54
4140	52
4141	46
4142	50
4143	44
4144	39
4145	47
4146	48
4147	41
4148	48
4149	50
4150	54
4151	46
4152	46
4153	45
4154	37
4155	32
4156	44
4157	36
4158	40
4159	33
4160	33
4161	28
4162	32
4163	30
4164	30
4165	39
4166	43
4167	34
4168	35
4169	41
4170	35
4171	27
4172	31
4173	34
4174	36
4175	36
4176	37
4177	26
4178	31
4179	23
4180	22
4181	26
4182	20
4183	25
4184	19
4185	26
4186	28
4187	16
4188	27
4189	15
4190	18
4191	18
4192	25
4193	16
4194	15
4195	18
4196	22
4197	20
4198	24
4199	14
4200	24
4201	15
4202	26
4203	15
4204	14
4205	19
4206	18
4207	9
4208	9
4209	11
4210	16
4211	20
4212	20
4213	23
4214	11
4215	17
4216	21
4217	16
4218	16
4219	14
4220	17
4221	10
4222	15
4223	8
4224	7
4225	10
4226	18
4227	15
4228	13
4229	9
4230	9
4231	11
4232	11
4233	13
4234	14
4235	11
4236	7
4237	6
4238	16
4239	8
4240	12
4241	4
4242	7
4243	6
4244	8
4245	9
4246	10
4247	9
4248	8
4249	10
4250	8
4251	9
4252	10
4253	7
4254	5
4255	8
4256	2
4257	11
4258	3
4259	7
4260	4
4261	2
4262	9
4263	6
4264	6
4265	6
4266	8
4267	3
4268	3
4269	4
4270	8
4271	8
4272	5
4273	3
4274	5
4275	3
4276	7
4277	0
4278	3
4279	9
4280	6
4281	3
4282	0
4283	3
4284	3
4285	0
4286	5
4287	4
4288	1
4289	3
4290	6
4291	1
4292	4
4293	4
4294	2
4295	2
4296	5
4297	0
4298	6
4299	4
4300	6
4301	4
4302	2
4303	1
4304	5
4305	7
4306	5
4307	3
4308	2
4309	1
4310	5
4311	4
4312	3
4313	2
4314	5
4315	6
4316	1
4317	2
4318	2
4319	1
4320	1
4321	1
4322	1
4323	3
4324	2
4325	3
4326	4
4327	3
4328	1
4329	7
4330	4
4331	3
4332	1
4333	3
4334	1
4335	5
4336	1
4337	5
4338	2
4339	2
4340	1
4341	0
4342	3
4343	2
4344	3
4345	3
4346	2
4347	2
4348	0
4349	2
4350	3
4351	4
4352	1
4353	1
4354	2
4355	1
4356	4
4357	3
4358	1
4359	3
4360	4
4361	0
4362	2
4363	0
4364	1
4365	1
4366	3
4367	0
4368	1
4369	1
4370	2
4371	4
4372	1
4373	7
4374	1
4375	2
4376	5
4377	3
4378	4
4379	0
4380	2
4381	3
4382	2
4383	0
4384	5
4385	3
4386	2
4387	2
4388	2
4389	1
4390	4
4391	2
4392	3
4393	3
4394	1
4395	4
4396	1
4397	1
4398	1
4399	1
4400	1
4401	4
4402	0
4403	2
4404	1
4405	4
4406	3
4407	2
4408	4
4409	2
4410	2
4411	0
4412	1
4413	4
4414	3
4415	3
4416	3
4417	1
4418	3
4419	2
4420	3
4421	3
4422	2
4423	3
4424	3
4425	1
4426	2
4427	1
4428	2
4429	4
4430	5
4431	3
4432	4
4433	2
4434	2
4435	4
4436	2
4437	1
4438	3
4439	2
4440	3
4441	3
4442	5
4443	3
4444	3
4445	6
4446	2
4447	5
4448	0
4449	3
4450	2
4451	1
4452	6
4453	2
4454	6
4455	1
4456	3
4457	3
4458	0
4459	1
4460	3
4461	2
4462	2
4463	2
4464	6
4465	1
4466	3
4467	1
4468	8
4469	3
4470	4
4471	4
4472	3
4473	1
4474	3
4475	1
4476	2
4477	3
4478	6
4479	4
4480	5
4481	3
4482	2
4483	3
4484	3
4485	4
4486	3
4487	4
4488	1
4489	6
4490	5
4491	2
4492	6
4493	6
4494	3
4495	3
4496	2
4497	5
4498	2
4499	2
4500	1
4501	2
4502	4
4503	4
4504	0
4505	4
4506	5
4507	6
4508	3
4509	5
4510	3
4511	5
4512	2
4513	2
4514	5
4515	3
4516	4
4517	4
4518	2
4519	7
4520	5
4521	4
4522	3
4523	0
4524	3
4525	5
4526	5
4527	2
4528	5
4529	2
4530	5
4531	2
4532	2
4533	5
4534	5
4535	3
4536	2
4537	6
4538	0
4539	4
4540	3
4541	1
4542	4
4543	3
4544	2
4545	4
4546	3
4547	3
4548	2
4549	4
4550	2
4551	5
4552	1
4553	1
4554	3
4555	4
4556	3
4557	2
4558	5
4559	5
4560	3
4561	3
4562	5
4563	3
4564	0
4565	0
4566	5
4567	3
4568	2
4569	6
4570	6
4571	5
4572	3
4573	3
4574	2
4575	3
4576	5
4577	3
4578	2
4579	1
4580	2
4581	2
4582	2
4583	4
4584	3
4585	1
4586	2
4587	2
4588	4
4589	3
4590	5
4591	3
4592	3
4593	3
4594	4
4595	3
4596	6
4597	4
4598	4
4599	2
4600	7
4601	3
4602	5
4603	1
4604	4
4605	3
4606	4
4607	4
4608	1
4609	2
4610	3
4611	3
4612	4
4613	1
4614	2
4615	2
4616	4
4617	4
4618	0
4619	4
4620	5
4621	2
4622	3
4623	2
4624	4
4625	1
4626	2
4627	3
4628	4
4629	4
4630	3
4631	3
4632	2
4633	0
4634	3
4635	4
4636	3
4637	2
4638	5
4639	4
4640	1
4641	3
4642	4
4643	4
4644	4
4645	5
4646	4
4647	1
4648	2
4649	1
4650	4
4651	1
4652	2
4653	4
4654	1
4655	2
4656	2
4657	0
4658	1
4659	4
4660	2
4661	0
4662	3
4663	1
4664	5
4665	2
4666	0
4667	2
4668	3
4669	4
4670	1
4671	4
4672	1
4673	3
4674	2
4675	4
4676	3
4677	5
4678	0
4679	0
4680	1
4681	0
4682	3
4683	6
4684	1
4685	5
4686	3
4687	2
4688	2
4689	1
4690	2
4691	6
4692	2
4693	4
4694	4
4695	1
4696	1
4697	2
4698	3
4699	2
4700	2
4701	3
4702	1
4703	1
4704	4
4705	1
4706	5
4707	2
4708	3
4709	4
4710	2
4711	1
4712	1
4713	2
4714	3
4715	4
4716	4
4717	1
4718	2
4719	5
4720	3
4721	3
4722	2
4723	2
4724	2
4725	2
4726	3
4727	5
4728	2
4729	2
4730	3
4731	0
4732	1
4733	0
4734	2
4735	4
4736	1
4737	4
4738	1
4739	2
4740	1
4741	3
4742	2
4743	0
4744	3
4745	2
4746	3
4747	0
4748	2
4749	3
4750	2
4751	0
4752	2
4753	1
4754	2
4755	5
4756	5
4757	1
4758	1
4759	1
4760	2
4761	4
4762	1
4763	3
4764	1
4765	3
4766	2
4767	1
4768	1
4769	0
4770	3
4771	2
4772	1
4773	3
4774	5
4775	0
4776	2
4777	1
4778	1
4779	2
4780	4
4781	0
4782	1
4783	1
4784	2
4785	0
4786	0
4787	0
4788	2
4789	2
4790	1
4791	0
4792	1
4793	1
4794	1
4795	0
4796	2
4797	0
4798	1
4799	0
4800	2
4801	2
4802	0
4803	3
4804	3
4805	0
4806	1
4807	0
4808	2
4809	0
4810	1
4811	1
4812	1
4813	3
4814	3
4815	1
4816	3
4817	2
4818	0
4819	3
4820	4
4821	1
4822	3
4823	1
4824	1
4825	1
4826	1
4827	1
4828	2
4829	1
4830	3
4831	2
4832	4
4833	1
4834	2
4835	1
4836	0
4837	0
4838	3
4839	1
4840	0
4841	1
4842	1
4843	0
4844	1
4845	1
4846	0
4847	1
4848	2
4849	0
4850	0
4851	1
4852	0
4853	2
4854	3
4855	2
4856	3
4857	0
4858	1
4859	1
4860	0
4861	1
4862	0
4863	0
4864	0
4865	1
4866	1
4867	2
4868	0
4869	2
4870	1
4871	1
4872	2
4873	1
4874	1
4875	1
4876	2
4877	1
4878	2
4879	1
4880	3
4881	2
4882	0
4883	1
4884	0
4885	2
4886	0
4887	1
4888	1
4889	3
4890	0
4891	1
4892	0
4893	1
4894	2
4895	1
4896	1
4897	0
4898	4
4899	0
4900	1
4901	2
4902	0
4903	1
4904	0
4905	0
4906	1
4907	1
4908	1
4909	1
4910	0
4911	1
4912	1
4913	1
4914	0
4915	3
4916	2
4917	0
4918	0
4919	2
4920	2
4921	0
4922	1
4923	2
4924	1
4925	3
4926	2
4927	2
4928	0
4929	0
4930	1
4931	1
4932	1
4933	1
4934	1
4935	2
4936	0
4937	0
4938	1
4939	1
4940	0
4941	2
4942	0
4943	1
4944	1
4945	0
4946	0
4947	1
4948	2
4949	1
4950	2
4951	0
4952	2
4953	1
4954	0
4955	1
4956	0
4957	1
4958	2
4959	1
4960	4
4961	2
4962	1
4963	0
4964	1
4965	0
4966	3
4967	4
4968	2
4969	0
4970	3
4971	0
4972	0
4973	1
4974	2
4975	1
4976	3
4977	0
4978	1
4979	0
4980	0
4981	0
4982	0
4983	0
4984	0
4985	2
4986	1
4987	0
4988	0
4989	1
4990	0
4991	0
4992	2
4993	1
4994	0
4995	0
4996	2
4997	0
4998	1
4999	0
5000	0
5001	0
5002	0
5003	1
5004	0
5005	1
5006	1
5007	2
5008	1
5009	1
5010	0
5011	2
5012	2
5013	1
5014	2
5015	1
5016	1
5017	0
5018	1
5019	1
5020	0
5021	1
5022	1
5023	0
5024	0
5025	0
5026	0
5027	1
5028	1
5029	1
5030	0
5031	1
5032	2
5033	1
5034	0
5035	1
5036	0
5037	1
5038	0
5039	1
5040	1
5041	2
5042	1
5043	1
5044	0
5045	0
5046	2
5047	0
5048	1
5049	1
5050	0
5051	2
5052	0
5053	1
5054	2
5055	1
5056	1
5057	1
5058	3
5059	0
5060	1
5061	0
5062	1
5063	0
5064	0
5065	2
5066	1
5067	0
5068	1
5069	1
5070	1
5071	0
5072	0
5073	1
5074	1
5075	1
5076	1
5077	3
5078	0
5079	2
5080	0
5081	1
5082	2
5083	1
5084	0
5085	1
5086	0
5087	1
5088	0
5089	1
5090	1
5091	0
5092	1
5093	1
5094	0
5095	1
5096	0
5097	1
5098	2
5099	1
5100	2
5101	1
5102	1
5103	2
5104	0
5105	1
5106	0
5107	1
5108	0
5109	0
5110	1
5111	1
5112	0
5113	1
5114	1
5115	2
5116	1
5117	1
5118	0
5119	1
5120	1
5121	1
5122	3
5123	1
5124	3
5125	0
5126	1
5127	0
5128	1
5129	2
5130	0
5131	2
5132	0
5133	0
5134	0
5135	4
5136	0
5137	1
5138	0
5139	2
5140	1
5141	0
5142	0
5143	2
5144	2
5145	1
5146	2
5147	1
5148	2
5149	1
5150	1
5151	0
5152	1
5153	1
5154	1
5155	2
5156	0
5157	0
5158	0
5159	0
5160	0
5161	0
5162	1
5163	1
5164	1
5165	2
5166	0
5167	2
5168	5
5169	1
5170	0
5171	0
5172	2
5173	1
5174	1
5175	0
5176	1
5177	1
5178	2
5179	2
5180	1
5181	0
5182	0
5183	2
5184	1
5185	1
5186	2
5187	1
5188	1
5189	1
5190	0
5191	1
5192	3
5193	1
5194	0
5195	0
5196	0
5197	0
5198	1
5199	1
5200	0
5201	1
5202	0
5203	2
5204	2
5205	1
5206	1
5207	1
5208	1
5209	1
5210	0
5211	0
5212	0
5213	1
5214	2
5215	0
5216	0
5217	0
5218	0
5219	0
5220	1
5221	2
5222	0
5223	1
5224	0
5225	2
5226	0
5227	1
5228	1
5229	0
5230	0
5231	0
5232	1
5233	0
5234	1
5235	0
5236	1
5237	0
5238	0
5239	1
5240	1
5241	0
5242	0
5243	0
5244	0
5245	0
5246	0
5247	0
5248	0
5249	1
5250	0
5251	1
5252	1
5253	0
5254	0
5255	1
5256	0
5257	0
5258	0
5259	0
5260	1
5261	0
5262	1
5263	1
5264	0
5265	1
5266	1
5267	1
5268	1
5269	0
5270	2
5271	1
5272	0
5273	3
5274	0
5275	0
5276	0
5277	0
5278	0
5279	1
5280	0
5281	0
5282	0
5283	1
5284	0
5285	1
5286	0
5287	0
5288	0
5289	1
5290	1
5291	0
5292	0
5293	0
5294	0
5295	2
5296	0
5297	1
5298	1
5299	0
5300	1
5301	0
5302	0
5303	1
5304	0
5305	0
5306	0
5307	0
5308	1
5309	0
5310	1
5311	0
5312	0
5313	2
5314	2
5315	2
5316	1
5317	0
5318	0
5319	0
5320	2
5321	0
5322	2
5323	0
5324	1
5325	1
5326	0
5327	1
5328	0
5329	0
5330	4
5331	2
5332	0
5333	1
5334	0
5335	0
5336	0
5337	0
5338	0
5339	2
5340	1
5341	0
5342	0
5343	1
5344	0
5345	1
5346	0
5347	2
5348	1
5349	1
5350	1
5351	2
5352	1
5353	0
5354	1
5355	0
5356	1
5357	0
5358	2
5359	1
5360	1
5361	0
5362	0
5363	1
5364	1
5365	0
5366	0
5367	0
5368	1
5369	0
5370	1
5371	0
5372	0
5373	1
5374	1
5375	0
5376	2
5377	0
5378	0
5379	0
5380	0
5381	1
5382	0
5383	0
5384	0
5385	0
5386	0
5387	1
5388	1
5389	1
5390	2
5391	0
5392	1
5393	0
5394	0
5395	0
5396	2
5397	0
5398	0
5399	1
5400	0
5401	4
5402	0
5403	0
5404	0
5405	1
5406	1
5407	0
5408	0
5409	1
5410	1
5411	1
5412	1
5413	0
5414	1
5415	0
5416	2
5417	3
5418	0
5419	0
5420	1
5421	1
5422	2
5423	0
5424	1
5425	0
5426	0
5427	2
5428	1
5429	0
5430	1
5431	0
5432	0
5433	1
5434	2
5435	3
5436	0
5437	1
5438	1
5439	0
5440	0
5441	0
5442	0
5443	0
5444	0
5445	1
5446	1
5447	5
5448	2
5449	0
5450	0
5451	2
5452	1
5453	0
5454	0
5455	1
5456	0
5457	1
5458	0
5459	0
5460	1
5461	1
5462	5
5463	1
5464	0
5465	0
5466	2
5467	0
5468	1
5469	1
5470	1
5471	0
5472	1
5473	0
5474	4
5475	2
5476	1
5477	2
5478	1
5479	0
5480	1
5481	3
5482	1
5483	2
5484	1
5485	1
5486	2
5487	3
5488	3
5489	1
5490	3
5491	1
5492	2
5493	1
5494	3
5495	0
5496	3
5497	1
5498	0
5499	2
5500	1
5501	1
5502	1
5503	2
5504	0
5505	1
5506	2
5507	2
5508	5
5509	1
5510	0
5511	2
5512	2
5513	0
5514	2
5515	3
5516	1
5517	1
5518	3
5519	3
5520	2
5521	0
5522	2
5523	1
5524	1
5525	3
5526	0
5527	1
5528	2
5529	3
5530	3
5531	0
5532	0
5533	2
5534	0
5535	3
5536	0
5537	1
5538	2
5539	2
5540	0
5541	1
5542	2
5543	3
5544	3
5545	3
5546	1
5547	2
5548	2
5549	3
5550	0
5551	1
5552	1
5553	1
5554	4
5555	3
5556	1
5557	3
5558	3
5559	1
5560	2
5561	2
5562	0
5563	3
5564	1
5565	0
5566	2
5567	5
5568	1
5569	3
5570	1
5571	1
5572	0
5573	3
5574	4
5575	1
5576	1
5577	1
5578	1
5579	4
5580	2
5581	1
5582	0
5583	3
5584	2
5585	1
5586	4
5587	2
5588	3
5589	2
5590	3
5591	2
5592	2
5593	4
5594	0
5595	1
5596	1
5597	1
5598	4
5599	1
5600	1
5601	0
5602	3
5603	0
5604	1
5605	5
5606	1
5607	1
5608	1
5609	1
5610	1
5611	1
5612	1
5613	0
5614	1
5615	1
5616	6
5617	0
5618	2
5619	5
5620	1
5621	3
5622	4
5623	3
5624	4
5625	3
5626	2
5627	1
5628	1
5629	3
5630	7
5631	4
5632	0
5633	1
5634	1
5635	3
5636	1
5637	1
5638	0
5639	3
5640	1
5641	2
5642	1
5643	4
5644	5
5645	0
5646	1
5647	4
5648	6
5649	2
5650	3
5651	2
5652	1
5653	2
5654	4
5655	5
5656	4
5657	0
5658	3
5659	3
5660	1
5661	3
5662	4
5663	4
5664	4
5665	1
5666	2
5667	4
5668	2
5669	4
5670	1
5671	5
5672	4
5673	2
5674	3
5675	2
5676	1
5677	3
5678	1
5679	3
5680	3
5681	0
5682	0
5683	0
5684	5
5685	1
5686	3
5687	3
5688	2
5689	1
5690	3
5691	1
5692	1
5693	4
5694	4
5695	4
5696	5
5697	3
5698	1
5699	1
5700	3
5701	3
5702	3
5703	2
5704	4
5705	0
5706	3
5707	0
5708	0
5709	1
5710	4
5711	1
5712	1
5713	2
5714	5
5715	5
5716	3
5717	3
5718	3
5719	2
5720	0
5721	1
5722	3
5723	3
5724	2
5725	0
5726	1
5727	0
5728	5
5729	2
5730	2
5731	0
5732	1
5733	2
5734	5
5735	5
5736	1
5737	1
5738	1
5739	1
5740	1
5741	0
5742	4
5743	0
5744	1
5745	1
5746	2
5747	1
5748	1
5749	1
5750	1
5751	1
5752	3
5753	0
5754	2
5755	1
5756	1
5757	1
5758	3
5759	0
5760	0
5761	3
5762	0
5763	0
5764	4
5765	2
5766	4
5767	1
5768	0
5769	0
5770	2
5771	1
5772	4
5773	0
5774	1
5775	1
5776	1
5777	2
5778	2
5779	0
5780	1
5781	0
5782	3
5783	3
5784	2
5785	1
5786	0
5787	0
5788	2
5789	2
5790	1
5791	1
5792	2
5793	1
5794	2
5795	1
5796	1
5797	0
5798	1
5799	2
5800	3
5801	2
5802	1
5803	2
5804	0
5805	1
5806	0
5807	1
5808	0
5809	1
5810	0
5811	1
5812	0
5813	2
5814	0
5815	1
5816	1
5817	1
5818	0
5819	0
5820	1
5821	0
5822	1
5823	0
5824	3
5825	0
5826	0
5827	1
5828	1
5829	1
5830	2
5831	0
5832	1
5833	1
5834	1
5835	1
5836	0
5837	1
5838	1
5839	1
5840	0
5841	0
5842	0
5843	0
5844	0
5845	1
5846	0
5847	0
5848	0
5849	0
5850	0
5851	2
5852	0
5853	1
5854	2
5855	1
5856	0
5857	0
5858	0
5859	1
5860	0
5861	1
5862	1
5863	0
5864	0
5865	0
5866	1
5867	1
5868	0
5869	0
5870	1
5871	2
5872	1
5873	0
5874	0
5875	0
5876	1
5877	0
5878	3
5879	1
5880	0
5881	1
5882	1
5883	2
5884	0
5885	1
5886	0
5887	1
5888	0
5889	1
5890	0
5891	1
5892	1
5893	0
5894	0
5895	0
5896	0
5897	0
5898	1
5899	1
5900	0
5901	0
5902	0
5903	0
5904	3
5905	3
5906	0
5907	0
5908	0
5909	0
5910	0
5911	1
5912	1
5913	0
5914	1
5915	0
5916	0
5917	1
5918	0
5919	0
5920	0
5921	1
5922	1
5923	0
5924	1
5925	0
5926	1
5927	0
5928	0
5929	1
5930	0
5931	1
5932	0
5933	0
5934	1
5935	1
5936	0
5937	0
5938	0
5939	1
5940	0
5941	2
5942	0
5943	0
5944	0
5945	0
5946	1
5947	0
5948	0
5949	0
5950	0
5951	0
5952	0
5953	1
5954	0
5955	0
5956	0
5957	0
5958	0
5959	0
5960	0
5961	0
5962	1
5963	0
5964	0
5965	0
5966	0
5967	0
5968	0
5969	0
5970	0
5971	0
5972	0
5973	0
5974	0
5975	0
5976	0
5977	0
5978	1
5979	1
5980	0
5981	0
5982	1
5983	0
5984	0
5985	0
5986	0
5987	0
5988	0
5989	0
5990	0
5991	0
5992	0
5993	0
5994	0
5995	0
5996	0
5997	0
5998	0
5999	0
6000	0
6001	0
6002	0
6003	0
6004	0
6005	0
6006	0
6007	1
6008	0
6009	0
6010	0
6011	0
6012	1
6013	0
6014	0
6015	1
6016	0
6017	0
6018	1
6019	1
6020	0
6021	0
6022	0
6023	0
6024	0
6025	1
6026	1
6027	0
6028	0
6029	0
6030	0
6031	1
6032	1
6033	0
6034	0
6035	0
6036	0
6037	1
6038	0
6039	0
6040	0
6041	0
6042	1
6043	1
6044	0
6045	0
6046	0
6047	0
6048	0
6049	0
6050	0
6051	1
6052	0
6053	1
6054	0
6055	0
6056	0
6057	0
6058	0
6059	0
6060	0
6061	0
6062	0
6063	0
6064	0
6065	0
6066	0
6067	0
6068	0
6069	1
6070	0
6071	0
6072	0
6073	0
6074	0
6075	0
6076	0
6077	0
6078	0
6079	0
6080	0
6081	0
6082	0
6083	0
6084	0
6085	0
6086	0
6087	0
6088	0
6089	0
6090	0
6091	0
6092	0
6093	0
6094	1
6095	0
6096	0
6097	0
6098	0
6099	0
6100	0
6101	0
6102	0
6103	0
6104	1
6105	0
6106	0
6107	0
6108	0
6109	0
6110	0
6111	1
6112	1
6113	0
6114	0
6115	0
6116	0
6117	0
6118	1
6119	0
6120	0
6121	1
6122	0
6123	0
6124	1
6125	0
6126	0
6127	0
6128	0
6129	0
6130	1
6131	0
6132	0
6133	1
6134	0
6135	0
6136	0
6137	1
6138	0
6139	0
6140	0
6141	0
6142	0
6143	0
6144	0
6145	1
6146	0
6147	0
6148	0
6149	0
6150	0
6151	1
6152	0
6153	0
6154	0
6155	0
6156	0
6157	0
6158	0
6159	0
6160	1
6161	0
6162	0
6163	0
6164	0
6165	0
6166	0
6167	0
6168	0
6169	1
6170	0
6171	0
6172	0
6173	0
6174	0
6175	0
6176	0
6177	0
6178	0
6179	0
6180	0
6181	0
6182	0
6183	0
6184	0
6185	0
6186	0
6187	0
6188	0
6189	0
6190	0
6191	0
6192	1
6193	0
6194	0
6195	0
6196	1
6197	1
6198	0
6199	0
6200	0
6201	0
6202	1
6203	0
6204	0
6205	0
6206	0
6207	0
6208	0
6209	0
6210	0
6211	0
6212	0
6213	1
6214	0
6215	0
6216	0
6217	0
6218	0
6219	0
6220	0
6221	0
6222	0
6223	0
6224	0
6225	0
6226	0
6227	0
6228	0
6229	0
6230	0
6231	0
6232	0
6233	0
6234	1
6235	0
6236	0
6237	0
6238	0
6239	0
6240	0
6241	0
6242	1
6243	0
6244	0
6245	0
6246	0
6247	0
6248	0
6249	1
6250	0
6251	2
6252	0
6253	0
6254	0
6255	0
6256	0
6257	1
6258	0
6259	0
6260	0
6261	0
6262	0
6263	0
6264	0
6265	0
6266	0
6267	0
6268	1
6269	0
6270	0
6271	1
6272	0
6273	0
6274	0
6275	0
6276	0
6277	0
6278	0
6279	1
6280	0
6281	0
6282	0
6283	0
6284	0
6285	0
6286	0
6287	0
6288	0
6289	0
6290	1
6291	0
6292	0
6293	0
6294	0
6295	1
6296	0
6297	0
6298	0
6299	1
6300	0
6301	0
6302	0
6303	0
6304	0
6305	0
6306	0
6307	0
6308	0
6309	0
6310	0
6311	0
6312	2
6313	0
6314	0
6315	0
6316	0
6317	0
6318	1
6319	0
6320	1
6321	0
6322	0
6323	0
6324	0
6325	0
6326	0
6327	0
6328	0
6329	0
6330	0
6331	0
6332	0
6333	0
6334	1
6335	0
6336	0
6337	1
6338	0
6339	1
6340	1
6341	0
6342	0
6343	0
6344	0
6345	1
6346	1
6347	0
6348	0
6349	1
6350	0
6351	0
6352	0
6353	0
6354	1
6355	0
6356	0
6357	0
6358	0
6359	0
6360	0
6361	0
6362	0
6363	1
6364	1
6365	1
6366	0
6367	0
6368	0
6369	2
6370	0
6371	0
6372	1
6373	0
6374	0
6375	1
6376	1
6377	0
6378	1
6379	0
6380	0
6381	2
6382	0
6383	2
6384	0
6385	1
6386	0
6387	0
6388	0
6389	0
6390	0
6391	0
6392	1
6393	0
6394	0
6395	0
6396	1
6397	0
6398	0
6399	0
6400	0
6401	1
6402	2
6403	1
6404	0
6405	0
6406	0
6407	1
6408	0
6409	0
6410	0
6411	0
6412	0
6413	0
6414	0
6415	0
6416	1
6417	1
6418	0
6419	0
6420	0
6421	0
6422	0
6423	0
6424	0
6425	0
6426	0
6427	1
6428	0
6429	1
6430	0
6431	0
6432	0
6433	0
6434	0
6435	0
6436	0
6437	0
6438	1
6439	0
6440	0
6441	1
6442	0
6443	0
6444	0
6445	0
6446	0
6447	0
6448	0
6449	0
6450	0
6451	0
6452	0
6453	0
6454	0
6455	1
6456	0
6457	1
6458	0
6459	0
6460	1
6461	0
6462	0
6463	0
6464	0
6465	1
6466	1
6467	1
6468	0
6469	1
6470	0
6471	0
6472	0
6473	0
6474	0
6475	0
6476	0
6477	0
6478	0
6479	0
6480	0
6481	0
6482	0
6483	0
6484	0
6485	0
6486	0
6487	0
6488	0
6489	0
6490	0
6491	0
6492	0
6493	1
6494	0
6495	0
6496	0
6497	0
6498	0
6499	0
6500	2
6501	1
6502	0
6503	0
6504	0
6505	2
6506	1
6507	0
6508	1
6509	0
6510	0
6511	0
6512	0
6513	0
6514	0
6515	0
6516	0
6517	0
6518	0
6519	0
6520	1
6521	0
6522	0
6523	0
6524	0
6525	0
6526	0
6527	0
6528	0
6529	1
6530	0
6531	0
6532	1
6533	0
6534	0
6535	0
6536	0
6537	0
6538	0
6539	0
6540	0
6541	1
6542	0
6543	0
6544	0
6545	0
6546	0
6547	0
6548	0
6549	0
6550	0
6551	0
6552	0
6553	0
6554	0
6555	0
6556	0
6557	1
6558	0
6559	0
6560	0
6561	0
6562	0
6563	0
6564	1
6565	0
6566	0
6567	0
6568	0
6569	0
6570	0
6571	0
6572	0
6573	0
6574	0
6575	0
6576	0
6577	0
6578	0
6579	0
6580	0
6581	1
6582	0
6583	0
6584	1
6585	0
6586	1
6587	0
6588	0
6589	1
6590	0
6591	0
6592	0
6593	1
6594	0
6595	0
6596	0
6597	0
6598	1
6599	0
6600	1
6601	0
6602	0
6603	0
6604	1
6605	0
6606	0
6607	0
6608	1
6609	0
6610	0
6611	0
6612	0
6613	0
6614	0
6615	0
6616	0
6617	0
6618	0
6619	0
6620	0
6621	0
6622	0
6623	0
6624	0
6625	0
6626	1
6627	0
6628	0
6629	1
6630	1
6631	0
6632	0
6633	0
6634	1
6635	0
6636	0
6637	0
6638	0
6639	0
6640	0
6641	0
6642	0
6643	0
6644	0
6645	0
6646	0
6647	1
6648	0
6649	0
6650	0
6651	0
6652	0
6653	0
6654	0
6655	0
6656	0
6657	0
6658	0
6659	0
6660	1
6661	0
6662	0
6663	0
6664	0
6665	0
6666	0
6667	1
6668	0
6669	0
6670	0
6671	0
6672	0
6673	0
6674	0
6675	0
6676	1
6677	0
6678	0
6679	0
6680	0
6681	0
6682	0
6683	0
6684	1
6685	0
6686	0
6687	0
6688	0
6689	0
6690	1
6691	1
6692	0
6693	0
6694	0
6695	0
6696	0
6697	0
6698	0
6699	0
6700	0
6701	0
6702	0
6703	0
6704	0
6705	0
6706	0
6707	0
6708	0
6709	0
6710	0
6711	0
6712	0
6713	0
6714	0
6715	0
6716	0
6717	0
6718	0
6719	0
6720	0
6721	0
6722	0
6723	0
6724	0
6725	1
6726	0
6727	0
6728	0
6729	0
6730	0
6731	0
6732	0
6733	1
6734	0
6735	0
6736	0
6737	0
6738	0
6739	0
6740	0
6741	0
6742	0
6743	0
6744	0
6745	0
6746	0
6747	0
6748	0
6749	2
6750	1
6751	0
6752	0
6753	1
6754	0
6755	0
6756	0
6757	0
6758	2
6759	1
6760	0
6761	0
6762	0
6763	0
6764	0
6765	0
6766	0
6767	0
6768	0
6769	0
6770	0
6771	0
6772	0
6773	0
6774	0
6775	1
6776	0
6777	0
6778	0
6779	0
6780	0
6781	0
6782	0
6783	0
6784	0
6785	0
6786	0
6787	0
6788	0
6789	0
6790	0
6791	1
6792	0
6793	0
6794	0
6795	0
6796	0
6797	0
6798	0
6799	0
6800	0
6801	1
6802	0
6803	0
6804	0
6805	1
6806	0
6807	0
6808	0
6809	0
6810	0
6811	0
6812	0
6813	0
6814	0
6815	0
6816	0
6817	0
6818	0
6819	0
6820	0
6821	0
6822	0
6823	1
6824	0
6825	1
6826	0
6827	0
6828	0
6829	0
6830	0
6831	0
6832	0
6833	0
6834	0
6835	0
6836	1
6837	1
6838	0
6839	0
6840	0
6841	0
6842	0
6843	0
6844	0
6845	0
6846	0
6847	1
6848	1
6849	0
6850	1
6851	0
6852	0
6853	0
6854	0
6855	1
6856	0
6857	0
6858	0
6859	1
6860	1
6861	0
6862	0
6863	0
6864	0
6865	0
6866	0
6867	0
6868	2
6869	0
6870	0
6871	1
6872	0
6873	0
6874	0
6875	1
6876	0
6877	1
6878	0
6879	1
6880	1
6881	1
6882	0
6883	0
6884	0
6885	0
6886	1
6887	0
6888	0
6889	0
6890	0
6891	0
6892	0
6893	0
6894	0
6895	0
6896	0
6897	1
6898	1
6899	0
6900	0
6901	2
6902	0
6903	0
6904	0
6905	0
6906	0
6907	0
6908	0
6909	0
6910	0
6911	0
6912	0
6913	0
6914	0
6915	0
6916	1
6917	1
6918	0
6919	0
6920	0
6921	0
6922	0
6923	0
6924	0
6925	0
6926	0
6927	0
6928	0
6929	0
6930	0
6931	0
6932	2
6933	0
6934	0
6935	0
6936	0
6937	1
6938	0
6939	0
6940	0
6941	1
6942	0
6943	0
6944	0
6945	0
6946	1
6947	0
6948	0
6949	0
6950	0
6951	0
6952	0
6953	1
6954	0
6955	0
6956	0
6957	1
6958	0
6959	0
6960	0
6961	1
6962	0
6963	0
6964	0
6965	0
6966	0
6967	0
6968	0
6969	1
6970	0
6971	0
6972	0
6973	0
6974	0
6975	0
6976	1
6977	0
6978	0
6979	0
6980	0
6981	1
6982	0
6983	1
6984	0
6985	1
6986	0
6987	0
6988	0
6989	0
6990	0
6991	0
6992	0
6993	0
6994	0
6995	0
6996	0
6997	1
6998	2
6999	0
7000	0
7001	1
7002	0
7003	0
7004	0
7005	0
7006	0
7007	0
7008	1
7009	1
7010	0
7011	0
7012	0
7013	0
7014	0
7015	0
7016	0
7017	0
7018	0
7019	1
7020	0
7021	0
7022	0
7023	1
7024	0
7025	0
7026	0
7027	2
7028	0
7029	0
7030	0
7031	0
7032	1
7033	0
7034	0
7035	0
7036	0
7037	0
7038	0
7039	0
7040	1
7041	0
7042	0
7043	1
7044	0
7045	0
7046	0
7047	0
7048	0
7049	1
7050	0
7051	0
7052	1
7053	0
7054	0
7055	0
7056	0
7057	0
7058	0
7059	0
7060	0
7061	0
7062	0
7063	0
7064	0
7065	0
7066	0
7067	0
7068	1
7069	0
7070	0
7071	0
7072	0
7073	0
7074	0
7075	0
7076	0
7077	1
7078	0
7079	0
7080	0
7081	0
7082	0
7083	0
7084	0
7085	0
7086	0
7087	0
7088	0
7089	1
7090	0
7091	0
7092	0
7093	0
7094	0
7095	0
7096	0
7097	0
7098	0
7099	0
7100	0
7101	1
7102	0
7103	0
7104	0
7105	0
7106	0
7107	0
7108	0
7109	1
7110	0
7111	0
7112	0
7113	0
7114	0
7115	0
7116	0
7117	1
7118	0
7119	0
7120	0
7121	0
7122	0
7123	0
7124	2
7125	0
7126	0
7127	1
7128	0
7129	0
7130	0
7131	0
7132	1
7133	0
7134	0
7135	0
7136	1
7137	0
7138	0
7139	1
7140	0
7141	0
7142	0
7143	0
7144	0
7145	0
7146	0
7147	0
7148	1
7149	0
7150	0
7151	0
7152	0
7153	0
7154	1
7155	0
7156	0
7157	0
7158	1
7159	0
7160	0
7161	0
7162	0
7163	0
7164	1
7165	0
7166	0
7167	0
7168	0
7169	0
7170	1
7171	0
7172	0
7173	0
7174	0
7175	0
7176	0
7177	0
7178	0
7179	0
7180	0
7181	0
7182	0
7183	0
7184	0
7185	1
7186	0
7187	0
7188	0
7189	0
7190	0
7191	0
7192	0
7193	2
7194	0
7195	0
7196	1
7197	0
7198	0
7199	0
7200	0
7201	0
7202	0
7203	1
7204	0
7205	0
7206	0
7207	0
7208	0
7209	0
7210	0
7211	0
7212	0
7213	0
7214	0
7215	0
7216	0
7217	0
7218	0
7219	0
7220	0
7221	0
7222	0
7223	0
7224	0
7225	0
7226	0
7227	1
7228	0
7229	0
7230	0
7231	0
7232	0
7233	0
7234	0
7235	0
7236	0
7237	0
7238	0
7239	0
7240	0
7241	1
7242	0
7243	0
7244	0
7245	1
7246	1
7247	0
7248	0
7249	0
7250	0
7251	1
7252	0
7253	0
7254	0
7255	0
7256	0
7257	0
7258	1
7259	0
7260	0
7261	0
7262	0
7263	0
7264	0
7265	0
7266	0
7267	0
7268	0
7269	0
7270	0
7271	0
7272	0
7273	1
7274	0
7275	0
7276	0
7277	0
7278	0
7279	0
7280	0
7281	1
7282	0
7283	0
7284	0
7285	0
7286	0
7287	1
7288	1
7289	0
7290	0
7291	0
7292	0
7293	1
7294	0
7295	1
7296	0
7297	0
7298	0
7299	0
7300	0
7301	1
7302	0
7303	2
7304	0
7305	1
7306	1
7307	0
7308	0
7309	0
7310	0
7311	0
7312	0
7313	0
7314	0
7315	0
7316	0
7317	0
7318	0
7319	0
7320	0
7321	0
7322	0
7323	0
7324	0
7325	0
7326	0
7327	0
7328	1
7329	0
7330	0
7331	0
7332	0
7333	0
7334	0
7335	0
7336	0
7337	0
7338	0
7339	0
7340	0
7341	0
7342	0
7343	0
7344	0
7345	0
7346	0
7347	0
7348	0
7349	0
7350	0
7351	0
7352	0
7353	0
7354	0
7355	0
7356	0
7357	0
7358	0
7359	1
7360	0
7361	0
7362	0
7363	0
7364	0
7365	0
7366	1
7367	1
7368	0
7369	0
7370	0
7371	0
7372	0
7373	0
7374	0
7375	0
7376	0
7377	0
7378	0
7379	0
7380	0
7381	0
7382	0
7383	0
7384	0
7385	0
7386	0
7387	0
7388	0
7389	0
7390	0
7391	0
7392	0
7393	0
7394	0
7395	0
7396	1
7397	1
7398	0
7399	1
7400	0
7401	1
7402	0
7403	0
7404	0
7405	0
7406	0
7407	1
7408	0
7409	1
7410	0
7411	0
7412	1
7413	0
7414	0
7415	0
7416	0
7417	0
7418	0
7419	0
7420	0
7421	0
7422	0
7423	0
7424	0
7425	1
7426	0
7427	0
7428	0
7429	0
7430	0
7431	0
7432	1
7433	0
7434	0
7435	0
7436	0
7437	0
7438	0
7439	0
7440	0
7441	0
7442	0
7443	0
7444	0
7445	0
7446	0
7447	0
7448	0
7449	0
7450	0
7451	0
7452	0
7453	1
7454	0
7455	0
7456	0
7457	0
7458	0
7459	0
7460	1
7461	1
7462	0
7463	0
7464	0
7465	0
7466	0
7467	0
7468	0
7469	0
7470	0
7471	0
7472	0
7473	0
7474	0
7475	2
7476	0
7477	0
7478	0
7479	0
7480	0
7481	0
7482	0
7483	0
7484	0
7485	0
7486	0
7487	0
7488	0
7489	0
7490	0
7491	0
7492	0
7493	0
7494	0
7495	0
7496	0
7497	0
7498	2
7499	0
7500	0
7501	1
7502	0
7503	0
7504	0
7505	0
7506	0
7507	0
7508	0
7509	1
7510	0
7511	0
7512	0
7513	0
7514	0
7515	0
7516	0
7517	0
7518	0
7519	0
7520	0
7521	0
7522	0
7523	0
7524	0
7525	0
7526	0
7527	0
7528	0
7529	0
7530	1
7531	0
7532	0
7533	0
7534	0
7535	0
7536	0
7537	0
7538	0
7539	0
7540	0
7541	0
7542	0
7543	1
7544	0
7545	0
7546	0
7547	0
7548	0
7549	0
7550	0
7551	0
7552	0
7553	0
7554	0
7555	0
7556	0
7557	0
7558	0
7559	0
7560	0
7561	0
7562	0
7563	0
7564	0
7565	0
7566	0
7567	0
7568	0
7569	0
7570	0
7571	0
7572	0
7573	0
7574	0
7575	0
7576	0
7577	0
7578	0
7579	0
7580	0
7581	0
7582	0
7583	0
7584	1
7585	0
7586	0
7587	1
7588	0
7589	0
7590	0
7591	0
7592	1
7593	0
7594	0
7595	0
7596	0
7597	0
7598	0
7599	0
7600	0
7601	0
7602	0
7603	0
7604	0
7605	0
7606	0
7607	0
7608	0
7609	0
7610	0
7611	0
7612	0
7613	0
7614	0
7615	0
7616	0
7617	0
7618	0
7619	1
7620	0
7621	0
7622	0
7623	0
7624	0
7625	0
7626	0
7627	0
7628	0
7629	0
7630	0
7631	0
7632	0
7633	0
7634	0
7635	0
7636	1
7637	0
7638	0
7639	0
7640	0
7641	0
7642	0
7643	0
7644	0
7645	0
7646	1
7647	0
7648	0
7649	0
7650	0
7651	0
7652	0
7653	0
7654	0
7655	0
7656	0
7657	0
7658	0
7659	0
7660	1
7661	0
7662	1
7663	0
7664	0
7665	0
7666	0
7667	0
7668	0
7669	0
7670	0
7671	0
7672	0
7673	0
7674	0
7675	0
7676	0
7677	0
7678	0
7679	0
7680	0
7681	0
7682	0
7683	0
7684	0
7685	0
7686	0
7687	0
7688	0
7689	0
7690	0
7691	0
7692	0
7693	0
7694	0
7695	0
7696	0
7697	0
7698	0
7699	1
7700	0
7701	1
7702	0
7703	0
7704	1
7705	0
7706	0
7707	0
7708	0
7709	0
7710	1
7711	0
7712	0
7713	0
7714	0
7715	0
7716	0
7717	0
7718	0
7719	0
7720	0
7721	0
7722	0
7723	0
7724	0
7725	0
7726	0
7727	0
7728	0
7729	0
7730	0
7731	0
7732	0
7733	0
7734	0
7735	0
7736	0
7737	0
7738	1
7739	0
7740	0
7741	0
7742	0
7743	0
7744	0
7745	0
7746	0
7747	0
7748	0
7749	0
7750	0
7751	0
7752	0
7753	0
7754	0
7755	0
7756	0
7757	0
7758	0
7759	0
7760	0
7761	0
7762	0
7763	0
7764	0
7765	0
7766	0
7767	0
7768	0
7769	0
7770	0
7771	0
7772	1
7773	0
7774	0
7775	0
7776	0
7777	0
7778	3
7779	0
7780	0
7781	0
7782	0
7783	0
7784	0
7785	0
7786	0
7787	0
7788	0
7789	0
7790	0
7791	1
7792	0
7793	0
7794	2
7795	0
7796	0
7797	0
7798	0
7799	0
7800	0
7801	0
7802	0
7803	0
7804	0
7805	0
7806	0
7807	0
7808	1
7809	2
7810	0
7811	0
7812	0
7813	0
7814	0
7815	0
7816	0
7817	0
7818	0
7819	0
7820	0
7821	0
7822	0
7823	1
7824	0
7825	0
7826	0
7827	0
7828	0
7829	1
7830	0
7831	0
7832	0
7833	0
7834	1
7835	0
7836	0
7837	0
7838	0
7839	0
7840	1
7841	0
7842	0
7843	0
7844	0
7845	0
7846	0
7847	0
7848	0
7849	0
7850	0
7851	0
7852	1
7853	0
7854	0
7855	0
7856	0
7857	0
7858	0
7859	0
7860	0
7861	1
7862	0
7863	0
7864	1
7865	0
7866	0
7867	0
7868	0
7869	0
7870	0
7871	0
7872	0
7873	0
7874	0
7875	0
7876	0
7877	0
7878	0
7879	0
7880	0
7881	1
7882	0
7883	0
7884	1
7885	0
7886	0
7887	0
7888	0
7889	0
7890	0
7891	0
7892	0
7893	0
7894	0
7895	0
7896	1
7897	0
7898	0
7899	0
7900	0
7901	1
7902	0
7903	0
7904	0
7905	1
7906	1
7907	0
7908	0
7909	0
7910	0
7911	0
7912	0
7913	0
7914	0
7915	0
7916	0
7917	1
7918	0
7919	0
7920	1
7921	0
7922	0
7923	0
7924	0
7925	0
7926	0
7927	0
7928	0
7929	0
7930	0
7931	1
7932	0
7933	1
7934	1
7935	0
7936	0
7937	1
7938	1
7939	1
7940	0
7941	0
7942	0
7943	0
7944	1
7945	1
7946	0
7947	0
7948	0
7949	0
7950	0
7951	0
7952	0
7953	1
7954	0
7955	0
7956	0
7957	0
7958	0
7959	0
7960	0
7961	0
7962	1
7963	0
7964	0
7965	0
7966	1
7967	0
7968	0
7969	1
7970	1
7971	0
7972	0
7973	0
7974	0
7975	0
7976	1
7977	0
7978	0
7979	0
7980	1
7981	0
7982	1
7983	0
7984	1
7985	0
7986	0
7987	0
7988	0
7989	0
7990	0
7991	0
7992	1
7993	0
7994	0
7995	0
7996	1
7997	0
7998	0
7999	1
8000	1
8001	0
8002	1
8003	1
8004	1
8005	0
8006	1
8007	1
8008	0
8009	0
8010	1
8011	1
8012	0
8013	1
8014	0
8015	0
8016	0
8017	0
8018	0
8019	0
8020	0
8021	0
8022	0
8023	0
8024	0
8025	0
8026	0
8027	0
8028	0
8029	0
8030	0
8031	0
8032	0
8033	0
8034	0
8035	0
8036	0
8037	0
8038	0
8039	0
8040	0
8041	0
8042	0
8043	0
8044	0
8045	0
8046	0
8047	0
8048	0
8049	0
8050	0
8051	0
8052	0
8053	0
8054	0
8055	0
8056	0
8057	0
8058	0
8059	0
8060	0
8061	0
8062	0
8063	0
8064	0
8065	0
8066	0
8067	0
8068	0
8069	0
8070	0
8071	0
8072	0
8073	0
8074	0
8075	0
8076	0
8077	0
8078	0
8079	0
8080	0
8081	0
8082	0
8083	0
8084	0
8085	0
8086	0
8087	0
8088	0
8089	0
8090	0
8091	0
8092	0
8093	0
8094	0
8095	0
8096	0
8097	0
8098	0
8099	0
8100	0
8101	0
8102	0
8103	0
8104	0
8105	0
8106	0
8107	0
8108	0
8109	0
8110	0
8111	0
8112	0
8113	0
8114	0
8115	0
8116	0
8117	0
8118	0
8119	0
8120	0
8121	0
8122	0
8123	0
8124	0
8125	0
8126	0
8127	0
8128	0
8129	0
8130	0
8131	0
8132	0
8133	0
8134	0
8135	0
8136	0
8137	0
8138	0
8139	0
8140	0
8141	0
8142	0
8143	0
8144	0
8145	0
8146	0
8147	0
8148	0
8149	0
8150	0
8151	0
8152	0
8153	0
8154	0
8155	0
8156	0
8157	0
8158	0
8159	0
8160	0
8161	0
8162	0
8163	0
8164	0
8165	0
8166	0
8167	0
8168	0
8169	0
8170	0
8171	0
8172	0
8173	0
8174	0
8175	0
8176	0
8177	0
8178	0
8179	0
8180	0
8181	0
8182	0
8183	0
8184	0
8185	0
8186	0
8187	0
8188	0
8189	0
8190	0
8191	0
