0	0
1	0
2	0
3	0
4	0
5	0
6	0
7	0
8	0
9	0
10	0
11	0
12	0
13	0
14	0
15	0
16	0
17	0
18	0
19	0
20	0
21	0
22	0
23	0
24	0
25	0
26	0
27	0
28	0
29	1
30	0
31	0
32	0
33	1
34	2
35	0
36	1
37	0
38	3
39	1
40	3
41	1
42	0
43	15
44	88
45	217
46	295
47	327
48	316
49	314
50	356
51	263
52	240
53	210
54	203
55	177
56	175
57	197
58	153
59	185
60	167
61	186
62	201
63	191
64	145
65	175
66	163
67	176
68	167
69	176
70	151
71	163
72	135
73	153
74	147
75	182
76	169
77	173
78	181
79	182
80	195
81	171
82	161
83	168
84	142
85	159
86	148
87	161
88	157
89	147
90	139
91	150
92	140
93	157
94	151
95	151
96	139
97	159
98	159
99	140
100	176
101	159
102	161
103	148
104	147
105	139
106	160
107	165
108	185
109	163
110	146
111	168
112	161
113	151
114	159
115	169
116	164
117	159
118	164
119	183
120	164
121	149
122	139
123	164
124	167
125	159
126	178
127	159
128	160
129	196
130	169
131	166
132	169
133	178
134	146
135	163
136	189
137	188
138	188
139	191
140	161
141	173
142	170
143	198
144	170
145	174
146	176
147	192
148	199
149	182
150	171
151	209
152	178
153	196
154	173
155	203
156	179
157	211
158	193
159	190
160	196
161	196
162	192
163	180
164	176
165	196
166	196
167	209
168	205
169	209
170	205
171	216
172	186
173	204
174	194
175	203
176	200
177	196
178	209
179	206
180	213
181	234
182	194
183	248
184	230
185	219
186	235
187	218
188	207
189	228
190	227
191	242
192	223
193	245
194	256
195	216
196	243
197	220
198	234
199	260
200	212
201	230
202	260
203	233
204	246
205	252
206	242
207	256
208	243
209	249
210	279
211	259
212	255
213	252
214	245
215	238
216	261
217	259
218	281
219	259
220	247
221	297
222	307
223	241
224	275
225	264
226	279
227	276
228	254
229	295
230	283
231	284
232	278
233	294
234	310
235	306
236	279
237	305
238	289
239	313
240	320
241	312
242	272
243	330
244	305
245	308
246	314
247	321
248	341
249	337
250	324
251	323
252	323
253	358
254	324
255	305
256	356
257	349
258	331
259	359
260	312
261	325
262	313
263	322
264	316
265	305
266	309
267	313
268	307
269	298
270	338
271	315
272	305
273	318
274	315
275	297
276	302
277	337
278	284
279	301
280	320
281	289
282	274
283	344
284	291
285	336
286	314
287	325
288	309
289	339
290	286
291	286
292	347
293	294
294	297
295	294
296	296
297	319
298	320
299	301
300	297
301	305
302	281
303	314
304	319
305	317
306	293
307	343
308	304
309	293
310	338
311	285
312	298
313	318
314	305
315	323
316	291
317	303
318	297
319	282
320	304
321	298
322	284
323	293
324	312
325	306
326	265
327	279
328	322
329	305
330	309
331	284
332	300
333	314
334	257
335	285
336	313
337	294
338	294
339	319
340	279
341	323
342	324
343	307
344	293
345	295
346	293
347	258
348	314
349	293
350	303
351	308
352	279
353	268
354	316
355	289
356	303
357	312
358	315
359	272
360	281
361	317
362	287
363	304
364	263
365	277
366	299
367	299
368	287
369	303
370	270
371	298
372	271
373	308
374	312
375	311
376	298
377	307
378	286
379	280
380	265
381	285
382	288
383	296
384	291
385	290
386	275
387	273
388	294
389	270
390	306
391	299
392	293
393	285
394	286
395	285
396	285
397	252
398	311
399	266
400	305
401	288
402	278
403	310
404	288
405	299
406	270
407	293
408	291
409	282
410	300
411	243
412	269
413	279
414	266
415	291
416	287
417	258
418	292
419	292
420	275
421	265
422	269
423	248
424	286
425	278
426	274
427	301
428	316
429	291
430	270
431	291
432	303
433	290
434	279
435	272
436	264
437	318
438	257
439	315
440	297
441	269
442	257
443	278
444	266
445	238
446	275
447	275
448	277
449	280
450	273
451	269
452	272
453	298
454	294
455	282
456	296
457	311
458	244
459	267
460	265
461	240
462	285
463	266
464	246
465	268
466	254
467	249
468	300
469	278
470	271
471	266
472	256
473	261
474	249
475	277
476	263
477	269
478	279
479	253
480	228
481	254
482	250
483	266
484	273
485	290
486	280
487	258
488	271
489	269
490	292
491	234
492	266
493	231
494	262
495	277
496	253
497	276
498	251
499	249
500	241
501	270
502	253
503	248
504	251
505	303
506	231
507	228
508	264
509	266
510	246
511	245
512	248
513	254
514	256
515	268
516	298
517	281
518	266
519	257
520	241
521	270
522	272
523	259
524	269
525	260
526	216
527	266
528	260
529	236
530	269
531	273
532	273
533	265
534	276
535	270
536	265
537	267
538	273
539	281
540	260
541	238
542	284
543	272
544	247
545	246
546	252
547	258
548	270
549	312
550	248
551	285
552	251
553	269
554	287
555	281
556	268
557	292
558	256
559	284
560	264
561	253
562	295
563	281
564	284
565	271
566	256
567	294
568	296
569	289
570	254
571	299
572	281
573	282
574	282
575	292
576	228
577	276
578	246
579	284
580	243
581	288
582	272
583	303
584	300
585	299
586	253
587	289
588	278
589	291
590	270
591	300
592	272
593	257
594	263
595	291
596	305
597	284
598	273
599	276
600	255
601	282
602	271
603	290
604	265
605	266
606	273
607	282
608	286
609	296
610	300
611	291
612	293
613	280
614	290
615	273
616	251
617	268
618	268
619	280
620	242
621	277
622	234
623	279
624	267
625	282
626	251
627	280
628	275
629	256
630	272
631	224
632	239
633	258
634	275
635	278
636	237
637	280
638	244
639	212
640	273
641	238
642	260
643	253
644	243
645	258
646	252
647	258
648	254
649	249
650	246
651	248
652	265
653	253
654	243
655	244
656	226
657	247
658	243
659	255
660	251
661	223
662	257
663	236
664	235
665	246
666	240
667	219
668	253
669	254
670	248
671	253
672	265
673	235
674	248
675	272
676	282
677	224
678	239
679	253
680	251
681	237
682	245
683	236
684	238
685	240
686	231
687	214
688	226
689	236
690	232
691	262
692	239
693	226
694	230
695	249
696	236
697	239
698	210
699	245
700	243
701	227
702	242
703	212
704	266
705	233
706	215
707	233
708	242
709	242
710	251
711	215
712	245
713	234
714	241
715	224
716	233
717	209
718	235
719	243
720	259
721	227
722	233
723	240
724	237
725	240
726	241
727	229
728	251
729	258
730	228
731	243
732	257
733	240
734	216
735	215
736	237
737	235
738	255
739	236
740	241
741	222
742	250
743	212
744	250
745	266
746	227
747	253
748	218
749	238
750	233
751	241
752	218
753	238
754	233
755	249
756	198
757	237
758	245
759	228
760	211
761	222
762	244
763	260
764	226
765	214
766	237
767	232
768	232
769	224
770	246
771	226
772	227
773	228
774	225
775	216
776	212
777	237
778	238
779	229
780	231
781	221
782	233
783	207
784	248
785	200
786	212
787	215
788	205
789	220
790	223
791	212
792	211
793	245
794	214
795	187
796	195
797	202
798	224
799	210
800	215
801	189
802	202
803	222
804	192
805	208
806	220
807	215
808	235
809	202
810	232
811	231
812	217
813	210
814	218
815	211
816	202
817	203
818	236
819	209
820	221
821	203
822	208
823	220
824	185
825	204
826	192
827	230
828	190
829	200
830	191
831	186
832	197
833	194
834	210
835	208
836	192
837	204
838	190
839	202
840	223
841	208
842	209
843	209
844	184
845	214
846	197
847	244
848	202
849	178
850	244
851	223
852	202
853	225
854	214
855	189
856	194
857	200
858	189
859	215
860	229
861	183
862	190
863	208
864	198
865	233
866	197
867	211
868	198
869	208
870	216
871	193
872	205
873	212
874	200
875	194
876	202
877	207
878	199
879	182
880	206
881	201
882	210
883	195
884	193
885	215
886	218
887	190
888	230
889	206
890	180
891	189
892	197
893	191
894	192
895	225
896	201
897	196
898	188
899	179
900	216
901	220
902	194
903	184
904	190
905	217
906	185
907	204
908	194
909	202
910	193
911	206
912	170
913	198
914	188
915	197
916	194
917	198
918	175
919	208
920	220
921	220
922	226
923	200
924	193
925	178
926	200
927	194
928	237
929	195
930	207
931	209
932	223
933	212
934	202
935	209
936	200
937	205
938	202
939	206
940	200
941	207
942	193
943	192
944	212
945	199
946	214
947	193
948	221
949	195
950	210
951	191
952	209
953	237
954	210
955	178
956	205
957	203
958	203
959	210
960	211
961	210
962	210
963	181
964	204
965	225
966	193
967	206
968	219
969	218
970	215
971	192
972	231
973	173
974	203
975	180
976	209
977	212
978	201
979	199
980	213
981	209
982	218
983	207
984	210
985	242
986	193
987	203
988	202
989	183
990	200
991	214
992	220
993	192
994	213
995	183
996	218
997	210
998	199
999	186
1000	192
1001	203
1002	180
1003	217
1004	194
1005	206
1006	195
1007	174
1008	221
1009	203
1010	187
1011	194
1012	196
1013	201
1014	208
1015	180
1016	206
1017	201
1018	189
1019	202
1020	178
1021	187
1022	195
1023	190
1024	190
1025	195
1026	177
1027	173
1028	189
1029	168
1030	168
1031	196
1032	198
1033	173
1034	161
1035	195
1036	164
1037	160
1038	185
1039	168
1040	178
1041	186
1042	175
1043	184
1044	180
1045	172
1046	165
1047	177
1048	206
1049	175
1050	157
1051	165
1052	170
1053	183
1054	175
1055	181
1056	160
1057	163
1058	176
1059	163
1060	154
1061	153
1062	160
1063	176
1064	187
1065	155
1066	164
1067	191
1068	162
1069	153
1070	156
1071	154
1072	162
1073	169
1074	133
1075	140
1076	152
1077	125
1078	126
1079	137
1080	162
1081	152
1082	141
1083	154
1084	143
1085	157
1086	146
1087	145
1088	171
1089	142
1090	142
1091	115
1092	133
1093	150
1094	138
1095	121
1096	138
1097	144
1098	120
1099	128
1100	135
1101	136
1102	152
1103	148
1104	112
1105	166
1106	133
1107	141
1108	128
1109	117
1110	127
1111	136
1112	124
1113	114
1114	127
1115	124
1116	150
1117	130
1118	150
1119	141
1120	123
1121	121
1122	128
1123	108
1124	124
1125	116
1126	108
1127	124
1128	127
1129	112
1130	126
1131	107
1132	112
1133	128
1134	97
1135	98
1136	108
1137	123
1138	116
1139	114
1140	125
1141	139
1142	118
1143	136
1144	109
1145	112
1146	120
1147	127
1148	131
1149	115
1150	134
1151	114
1152	115
1153	110
1154	110
1155	112
1156	108
1157	107
1158	129
1159	114
1160	132
1161	120
1162	133
1163	108
1164	121
1165	105
1166	120
1167	119
1168	97
1169	109
1170	107
1171	104
1172	114
1173	118
1174	104
1175	103
1176	106
1177	97
1178	121
1179	128
1180	115
1181	105
1182	108
1183	118
1184	114
1185	127
1186	117
1187	118
1188	113
1189	111
1190	104
1191	108
1192	111
1193	112
1194	101
1195	112
1196	110
1197	116
1198	98
1199	126
1200	107
1201	95
1202	105
1203	108
1204	99
1205	88
1206	105
1207	118
1208	111
1209	113
1210	93
1211	107
1212	114
1213	113
1214	117
1215	101
1216	100
1217	125
1218	124
1219	105
1220	96
1221	108
1222	103
1223	89
1224	101
1225	100
1226	118
1227	95
1228	111
1229	104
1230	116
1231	116
1232	135
1233	119
1234	113
1235	97
1236	116
1237	91
1238	105
1239	118
1240	107
1241	129
1242	121
1243	112
1244	104
1245	118
1246	105
1247	103
1248	103
1249	100
1250	110
1251	93
1252	116
1253	105
1254	105
1255	105
1256	107
1257	89
1258	97
1259	126
1260	120
1261	104
1262	97
1263	111
1264	110
1265	96
1266	93
1267	101
1268	102
1269	104
1270	102
1271	104
1272	127
1273	103
1274	96
1275	99
1276	90
1277	104
1278	117
1279	107
1280	94
1281	118
1282	96
1283	103
1284	107
1285	105
1286	98
1287	101
1288	104
1289	133
1290	116
1291	113
1292	94
1293	135
1294	115
1295	114
1296	98
1297	98
1298	119
1299	114
1300	99
1301	104
1302	93
1303	96
1304	127
1305	112
1306	115
1307	103
1308	115
1309	101
1310	99
1311	107
1312	109
1313	97
1314	116
1315	121
1316	108
1317	115
1318	110
1319	108
1320	111
1321	103
1322	113
1323	81
1324	102
1325	129
1326	135
1327	114
1328	124
1329	95
1330	117
1331	108
1332	114
1333	118
1334	106
1335	119
1336	109
1337	113
1338	123
1339	112
1340	117
1341	97
1342	112
1343	122
1344	118
1345	109
1346	111
1347	113
1348	106
1349	116
1350	107
1351	117
1352	99
1353	101
1354	118
1355	113
1356	115
1357	110
1358	121
1359	111
1360	108
1361	125
1362	105
1363	105
1364	108
1365	127
1366	119
1367	125
1368	109
1369	118
1370	122
1371	115
1372	104
1373	116
1374	108
1375	116
1376	110
1377	124
1378	114
1379	136
1380	90
1381	107
1382	117
1383	132
1384	121
1385	98
1386	116
1387	96
1388	131
1389	121
1390	119
1391	115
1392	102
1393	129
1394	123
1395	112
1396	116
1397	118
1398	97
1399	112
1400	109
1401	98
1402	122
1403	110
1404	125
1405	127
1406	127
1407	132
1408	113
1409	120
1410	120
1411	113
1412	119
1413	102
1414	117
1415	116
1416	116
1417	117
1418	112
1419	120
1420	117
1421	124
1422	115
1423	102
1424	120
1425	102
1426	119
1427	123
1428	119
1429	131
1430	113
1431	99
1432	114
1433	103
1434	117
1435	123
1436	113
1437	126
1438	133
1439	115
1440	124
1441	112
1442	126
1443	108
1444	111
1445	104
1446	117
1447	125
1448	127
1449	115
1450	118
1451	110
1452	96
1453	115
1454	136
1455	102
1456	105
1457	131
1458	121
1459	127
1460	120
1461	127
1462	118
1463	123
1464	125
1465	128
1466	119
1467	134
1468	115
1469	128
1470	135
1471	119
1472	141
1473	119
1474	150
1475	133
1476	146
1477	127
1478	124
1479	135
1480	147
1481	137
1482	152
1483	126
1484	144
1485	127
1486	160
1487	149
1488	157
1489	160
1490	152
1491	145
1492	160
1493	162
1494	145
1495	166
1496	147
1497	176
1498	173
1499	176
1500	198
1501	176
1502	199
1503	203
1504	193
1505	198
1506	205
1507	243
1508	184
1509	215
1510	218
1511	227
1512	191
1513	231
1514	247
1515	224
1516	226
1517	237
1518	252
1519	257
1520	276
1521	225
1522	306
1523	274
1524	293
1525	287
1526	308
1527	309
1528	303
1529	322
1530	331
1531	322
1532	316
1533	324
1534	331
1535	347
1536	349
1537	386
1538	390
1539	382
1540	409
1541	393
1542	438
1543	475
1544	415
1545	450
1546	450
1547	448
1548	489
1549	438
1550	457
1551	532
1552	499
1553	555
1554	522
1555	536
1556	568
1557	577
1558	563
1559	554
1560	602
1561	605
1562	627
1563	601
1564	666
1565	657
1566	667
1567	643
1568	680
1569	681
1570	726
1571	718
1572	741
1573	751
1574	783
1575	744
1576	777
1577	760
1578	816
1579	833
1580	830
1581	878
1582	870
1583	840
1584	806
1585	887
1586	943
1587	901
1588	901
1589	950
1590	1010
1591	977
1592	1002
1593	1021
1594	982
1595	1003
1596	1041
1597	1032
1598	1028
1599	1041
1600	1057
1601	1075
1602	1114
1603	1093
1604	1094
1605	1182
1606	1188
1607	1121
1608	1165
1609	1227
1610	1212
1611	1172
1612	1227
1613	1219
1614	1199
1615	1224
1616	1205
1617	1265
1618	1224
1619	1257
1620	1195
1621	1344
1622	1273
1623	1253
1624	1269
1625	1317
1626	1244
1627	1320
1628	1341
1629	1261
1630	1368
1631	1366
1632	1319
1633	1328
1634	1293
1635	1340
1636	1275
1637	1281
1638	1289
1639	1305
1640	1331
1641	1308
1642	1316
1643	1317
1644	1314
1645	1249
1646	1271
1647	1313
1648	1302
1649	1272
1650	1284
1651	1367
1652	1341
1653	1252
1654	1305
1655	1298
1656	1272
1657	1251
1658	1263
1659	1292
1660	1222
1661	1234
1662	1199
1663	1206
1664	1216
1665	1209
1666	1202
1667	1176
1668	1168
1669	1187
1670	1121
1671	1156
1672	1089
1673	1098
1674	1092
1675	1068
1676	1028
1677	1044
1678	1079
1679	1003
1680	1019
1681	976
1682	955
1683	971
1684	984
1685	947
1686	964
1687	896
1688	847
1689	899
1690	976
1691	809
1692	813
1693	807
1694	804
1695	812
1696	785
1697	756
1698	806
1699	786
1700	764
1701	761
1702	754
1703	710
1704	676
1705	641
1706	672
1707	679
1708	633
1709	646
1710	577
1711	606
1712	577
1713	555
1714	582
1715	503
1716	551
1717	540
1718	487
1719	485
1720	493
1721	464
1722	457
1723	432
1724	456
1725	404
1726	389
1727	376
1728	389
1729	365
1730	368
1731	356
1732	351
1733	315
1734	354
1735	303
1736	312
1737	292
1738	268
1739	286
1740	282
1741	280
1742	290
1743	270
1744	244
1745	241
1746	224
1747	256
1748	225
1749	215
1750	207
1751	183
1752	177
1753	203
1754	170
1755	202
1756	178
1757	180
1758	170
1759	163
1760	174
1761	132
1762	129
1763	146
1764	134
1765	138
1766	154
1767	140
1768	133
1769	135
1770	123
1771	129
1772	117
1773	123
1774	114
1775	101
1776	104
1777	104
1778	102
1779	94
1780	97
1781	99
1782	76
1783	93
1784	81
1785	75
1786	91
1787	75
1788	81
1789	72
1790	80
1791	56
1792	78
1793	78
1794	75
1795	76
1796	73
1797	63
1798	78
1799	66
1800	69
1801	70
1802	66
1803	77
1804	53
1805	61
1806	66
1807	62
1808	65
1809	66
1810	74
1811	61
1812	54
1813	77
1814	59
1815	62
1816	50
1817	64
1818	52
1819	70
1820	63
1821	59
1822	65
1823	44
1824	33
1825	48
1826	53
1827	62
1828	50
1829	71
1830	51
1831	43
1832	66
1833	52
1834	50
1835	59
1836	47
1837	45
1838	60
1839	52
1840	68
1841	74
1842	47
1843	48
1844	58
1845	55
1846	49
1847	52
1848	50
1849	54
1850	68
1851	52
1852	51
1853	47
1854	72
1855	49
1856	60
1857	53
1858	37
1859	51
1860	59
1861	55
1862	57
1863	54
1864	38
1865	51
1866	48
1867	46
1868	67
1869	76
1870	56
1871	48
1872	49
1873	51
1874	51
1875	60
1876	49
1877	50
1878	51
1879	54
1880	53
1881	68
1882	68
1883	64
1884	42
1885	47
1886	47
1887	52
1888	52
1889	37
1890	50
1891	56
1892	58
1893	44
1894	49
1895	60
1896	61
1897	53
1898	52
1899	59
1900	48
1901	48
1902	54
1903	49
1904	42
1905	55
1906	66
1907	53
1908	53
1909	67
1910	36
1911	53
1912	67
1913	46
1914	45
1915	60
1916	49
1917	44
1918	43
1919	43
1920	57
1921	48
1922	49
1923	42
1924	52
1925	49
1926	42
1927	46
1928	51
1929	54
1930	55
1931	57
1932	47
1933	58
1934	41
1935	60
1936	42
1937	44
1938	45
1939	40
1940	40
1941	49
1942	52
1943	57
1944	52
1945	53
1946	58
1947	55
1948	43
1949	48
1950	53
1951	49
1952	50
1953	62
1954	51
1955	47
1956	45
1957	53
1958	50
1959	41
1960	53
1961	50
1962	61
1963	36
1964	51
1965	52
1966	44
1967	56
1968	42
1969	56
1970	65
1971	49
1972	56
1973	62
1974	55
1975	51
1976	55
1977	46
1978	59
1979	52
1980	39
1981	51
1982	57
1983	58
1984	48
1985	54
1986	44
1987	48
1988	68
1989	54
1990	46
1991	55
1992	54
1993	43
1994	51
1995	54
1996	52
1997	42
1998	43
1999	61
2000	48
2001	47
2002	48
2003	58
2004	58
2005	53
2006	39
2007	45
2008	54
2009	51
2010	51
2011	62
2012	44
2013	47
2014	50
2015	47
2016	57
2017	53
2018	47
2019	43
2020	45
2021	40
2022	58
2023	60
2024	44
2025	49
2026	39
2027	50
2028	44
2029	42
2030	42
2031	63
2032	41
2033	39
2034	44
2035	44
2036	48
2037	36
2038	45
2039	55
2040	52
2041	65
2042	54
2043	52
2044	61
2045	50
2046	44
2047	60
2048	44
2049	51
2050	51
2051	45
2052	58
2053	57
2054	49
2055	47
2056	48
2057	57
2058	51
2059	56
2060	40
2061	49
2062	47
2063	49
2064	60
2065	39
2066	55
2067	40
2068	41
2069	45
2070	60
2071	33
2072	59
2073	52
2074	49
2075	47
2076	61
2077	66
2078	51
2079	62
2080	55
2081	50
2082	39
2083	45
2084	46
2085	47
2086	51
2087	47
2088	45
2089	50
2090	55
2091	49
2092	60
2093	57
2094	43
2095	53
2096	54
2097	47
2098	44
2099	42
2100	55
2101	61
2102	44
2103	47
2104	41
2105	64
2106	60
2107	53
2108	44
2109	42
2110	50
2111	41
2112	47
2113	52
2114	53
2115	49
2116	52
2117	45
2118	58
2119	43
2120	41
2121	51
2122	34
2123	48
2124	48
2125	54
2126	34
2127	47
2128	44
2129	50
2130	65
2131	49
2132	51
2133	56
2134	54
2135	45
2136	58
2137	41
2138	47
2139	44
2140	55
2141	56
2142	40
2143	50
2144	55
2145	42
2146	54
2147	45
2148	45
2149	53
2150	39
2151	43
2152	47
2153	53
2154	50
2155	48
2156	36
2157	49
2158	45
2159	45
2160	50
2161	57
2162	40
2163	48
2164	50
2165	48
2166	40
2167	52
2168	50
2169	48
2170	42
2171	48
2172	44
2173	67
2174	50
2175	53
2176	64
2177	59
2178	56
2179	40
2180	55
2181	60
2182	56
2183	46
2184	55
2185	42
2186	53
2187	55
2188	59
2189	50
2190	51
2191	48
2192	43
2193	55
2194	47
2195	50
2196	51
2197	53
2198	52
2199	48
2200	43
2201	52
2202	45
2203	48
2204	42
2205	48
2206	51
2207	39
2208	50
2209	45
2210	51
2211	48
2212	44
2213	40
2214	40
2215	47
2216	43
2217	34
2218	39
2219	70
2220	45
2221	41
2222	63
2223	66
2224	43
2225	50
2226	48
2227	42
2228	52
2229	41
2230	42
2231	33
2232	46
2233	56
2234	58
2235	53
2236	49
2237	49
2238	40
2239	44
2240	44
2241	40
2242	34
2243	49
2244	47
2245	41
2246	35
2247	60
2248	37
2249	63
2250	36
2251	37
2252	47
2253	46
2254	45
2255	42
2256	59
2257	54
2258	58
2259	48
2260	53
2261	43
2262	70
2263	42
2264	58
2265	47
2266	53
2267	61
2268	43
2269	47
2270	45
2271	46
2272	54
2273	49
2274	51
2275	41
2276	44
2277	51
2278	44
2279	48
2280	28
2281	52
2282	55
2283	58
2284	53
2285	49
2286	42
2287	43
2288	48
2289	50
2290	42
2291	49
2292	43
2293	52
2294	53
2295	49
2296	43
2297	49
2298	50
2299	41
2300	44
2301	46
2302	43
2303	48
2304	28
2305	44
2306	42
2307	55
2308	48
2309	48
2310	37
2311	37
2312	45
2313	50
2314	48
2315	50
2316	45
2317	49
2318	54
2319	41
2320	44
2321	46
2322	53
2323	41
2324	39
2325	43
2326	44
2327	39
2328	48
2329	48
2330	51
2331	29
2332	47
2333	50
2334	45
2335	62
2336	55
2337	37
2338	38
2339	39
2340	46
2341	44
2342	58
2343	62
2344	48
2345	42
2346	49
2347	47
2348	58
2349	48
2350	44
2351	45
2352	45
2353	45
2354	49
2355	49
2356	49
2357	47
2358	38
2359	50
2360	42
2361	42
2362	49
2363	50
2364	49
2365	56
2366	42
2367	47
2368	47
2369	46
2370	44
2371	68
2372	48
2373	55
2374	54
2375	54
2376	44
2377	46
2378	35
2379	50
2380	35
2381	52
2382	37
2383	40
2384	47
2385	43
2386	54
2387	38
2388	46
2389	45
2390	47
2391	41
2392	66
2393	52
2394	37
2395	45
2396	53
2397	47
2398	45
2399	44
2400	52
2401	51
2402	55
2403	32
2404	57
2405	56
2406	59
2407	54
2408	50
2409	51
2410	38
2411	43
2412	43
2413	37
2414	48
2415	39
2416	48
2417	55
2418	46
2419	51
2420	48
2421	42
2422	65
2423	52
2424	59
2425	60
2426	41
2427	45
2428	34
2429	44
2430	48
2431	61
2432	51
2433	41
2434	52
2435	41
2436	56
2437	45
2438	49
2439	51
2440	47
2441	58
2442	56
2443	52
2444	52
2445	51
2446	59
2447	57
2448	51
2449	45
2450	40
2451	47
2452	49
2453	54
2454	43
2455	75
2456	55
2457	49
2458	52
2459	65
2460	45
2461	40
2462	43
2463	46
2464	46
2465	45
2466	66
2467	44
2468	48
2469	58
2470	41
2471	37
2472	31
2473	43
2474	52
2475	55
2476	48
2477	54
2478	47
2479	50
2480	51
2481	51
2482	46
2483	43
2484	34
2485	45
2486	61
2487	51
2488	41
2489	40
2490	42
2491	38
2492	31
2493	47
2494	41
2495	65
2496	37
2497	37
2498	62
2499	52
2500	40
2501	54
2502	45
2503	38
2504	50
2505	32
2506	42
2507	46
2508	46
2509	46
2510	47
2511	46
2512	43
2513	39
2514	51
2515	46
2516	57
2517	38
2518	41
2519	54
2520	33
2521	52
2522	56
2523	29
2524	46
2525	46
2526	47
2527	47
2528	63
2529	35
2530	53
2531	51
2532	48
2533	43
2534	43
2535	38
2536	50
2537	58
2538	53
2539	46
2540	60
2541	51
2542	62
2543	52
2544	37
2545	59
2546	31
2547	51
2548	54
2549	55
2550	44
2551	45
2552	45
2553	44
2554	44
2555	47
2556	53
2557	45
2558	45
2559	38
2560	50
2561	56
2562	41
2563	47
2564	41
2565	54
2566	36
2567	58
2568	51
2569	51
2570	48
2571	48
2572	48
2573	42
2574	55
2575	41
2576	51
2577	50
2578	50
2579	37
2580	47
2581	60
2582	57
2583	59
2584	42
2585	43
2586	41
2587	48
2588	54
2589	39
2590	56
2591	47
2592	57
2593	54
2594	53
2595	48
2596	41
2597	60
2598	50
2599	52
2600	42
2601	40
2602	45
2603	55
2604	40
2605	44
2606	46
2607	47
2608	37
2609	62
2610	35
2611	55
2612	38
2613	56
2614	54
2615	48
2616	51
2617	54
2618	38
2619	41
2620	53
2621	47
2622	38
2623	48
2624	37
2625	51
2626	49
2627	50
2628	48
2629	45
2630	48
2631	34
2632	41
2633	51
2634	45
2635	48
2636	53
2637	48
2638	40
2639	44
2640	50
2641	52
2642	54
2643	50
2644	55
2645	44
2646	50
2647	49
2648	45
2649	56
2650	42
2651	43
2652	55
2653	50
2654	33
2655	38
2656	39
2657	55
2658	44
2659	42
2660	46
2661	47
2662	44
2663	38
2664	50
2665	58
2666	50
2667	52
2668	45
2669	39
2670	53
2671	43
2672	42
2673	46
2674	56
2675	35
2676	44
2677	48
2678	59
2679	37
2680	51
2681	39
2682	45
2683	40
2684	53
2685	49
2686	38
2687	43
2688	49
2689	46
2690	39
2691	47
2692	53
2693	58
2694	52
2695	36
2696	49
2697	45
2698	38
2699	41
2700	40
2701	52
2702	53
2703	44
2704	43
2705	49
2706	42
2707	46
2708	41
2709	55
2710	43
2711	46
2712	53
2713	48
2714	49
2715	44
2716	56
2717	53
2718	52
2719	47
2720	49
2721	52
2722	42
2723	50
2724	44
2725	49
2726	38
2727	54
2728	53
2729	38
2730	53
2731	49
2732	43
2733	54
2734	45
2735	53
2736	56
2737	41
2738	34
2739	33
2740	53
2741	45
2742	51
2743	57
2744	36
2745	45
2746	45
2747	46
2748	39
2749	56
2750	46
2751	46
2752	42
2753	56
2754	36
2755	38
2756	55
2757	49
2758	58
2759	55
2760	56
2761	56
2762	44
2763	53
2764	53
2765	43
2766	64
2767	54
2768	52
2769	62
2770	53
2771	58
2772	42
2773	50
2774	42
2775	54
2776	55
2777	45
2778	56
2779	42
2780	41
2781	43
2782	54
2783	46
2784	45
2785	41
2786	48
2787	65
2788	56
2789	61
2790	51
2791	49
2792	49
2793	47
2794	46
2795	50
2796	39
2797	40
2798	41
2799	45
2800	59
2801	42
2802	41
2803	45
2804	47
2805	59
2806	57
2807	49
2808	38
2809	52
2810	43
2811	39
2812	56
2813	31
2814	50
2815	51
2816	57
2817	55
2818	36
2819	41
2820	47
2821	54
2822	44
2823	40
2824	49
2825	56
2826	58
2827	51
2828	46
2829	46
2830	47
2831	54
2832	35
2833	54
2834	34
2835	56
2836	43
2837	56
2838	51
2839	42
2840	45
2841	50
2842	48
2843	34
2844	51
2845	44
2846	50
2847	51
2848	49
2849	48
2850	39
2851	50
2852	43
2853	45
2854	56
2855	49
2856	59
2857	58
2858	63
2859	42
2860	54
2861	73
2862	48
2863	52
2864	53
2865	59
2866	52
2867	62
2868	44
2869	58
2870	46
2871	44
2872	46
2873	46
2874	55
2875	62
2876	57
2877	46
2878	50
2879	50
2880	62
2881	52
2882	46
2883	55
2884	43
2885	40
2886	59
2887	38
2888	49
2889	48
2890	43
2891	38
2892	41
2893	45
2894	51
2895	47
2896	40
2897	52
2898	45
2899	51
2900	57
2901	47
2902	45
2903	43
2904	42
2905	69
2906	41
2907	50
2908	50
2909	44
2910	43
2911	45
2912	48
2913	47
2914	45
2915	57
2916	51
2917	52
2918	53
2919	44
2920	51
2921	46
2922	49
2923	54
2924	42
2925	56
2926	47
2927	39
2928	56
2929	54
2930	48
2931	59
2932	52
2933	41
2934	48
2935	48
2936	49
2937	42
2938	54
2939	43
2940	49
2941	44
2942	56
2943	48
2944	44
2945	51
2946	52
2947	48
2948	50
2949	59
2950	49
2951	40
2952	44
2953	52
2954	42
2955	38
2956	32
2957	55
2958	31
2959	54
2960	43
2961	42
2962	45
2963	52
2964	48
2965	47
2966	50
2967	48
2968	52
2969	50
2970	53
2971	60
2972	57
2973	54
2974	56
2975	56
2976	62
2977	53
2978	44
2979	59
2980	55
2981	56
2982	47
2983	38
2984	57
2985	45
2986	49
2987	48
2988	46
2989	56
2990	54
2991	49
2992	64
2993	53
2994	48
2995	46
2996	52
2997	52
2998	56
2999	42
3000	51
3001	53
3002	52
3003	59
3004	55
3005	54
3006	54
3007	62
3008	45
3009	65
3010	50
3011	41
3012	54
3013	54
3014	62
3015	44
3016	60
3017	51
3018	62
3019	46
3020	60
3021	43
3022	60
3023	58
3024	47
3025	47
3026	40
3027	48
3028	58
3029	49
3030	64
3031	53
3032	48
3033	48
3034	59
3035	52
3036	48
3037	54
3038	57
3039	55
3040	54
3041	53
3042	52
3043	57
3044	53
3045	55
3046	52
3047	55
3048	58
3049	51
3050	45
3051	54
3052	53
3053	44
3054	50
3055	53
3056	51
3057	61
3058	46
3059	48
3060	57
3061	38
3062	51
3063	65
3064	49
3065	51
3066	51
3067	52
3068	57
3069	64
3070	50
3071	54
3072	48
3073	67
3074	50
3075	59
3076	50
3077	49
3078	45
3079	48
3080	52
3081	43
3082	53
3083	61
3084	59
3085	55
3086	50
3087	37
3088	44
3089	61
3090	59
3091	50
3092	61
3093	55
3094	57
3095	46
3096	48
3097	53
3098	46
3099	48
3100	49
3101	52
3102	49
3103	37
3104	51
3105	63
3106	48
3107	55
3108	48
3109	52
3110	54
3111	58
3112	55
3113	50
3114	58
3115	61
3116	54
3117	64
3118	45
3119	57
3120	38
3121	53
3122	40
3123	59
3124	54
3125	45
3126	44
3127	55
3128	48
3129	50
3130	33
3131	48
3132	52
3133	33
3134	47
3135	56
3136	48
3137	54
3138	47
3139	44
3140	50
3141	43
3142	65
3143	60
3144	42
3145	55
3146	36
3147	41
3148	52
3149	41
3150	52
3151	43
3152	58
3153	53
3154	49
3155	49
3156	57
3157	40
3158	49
3159	29
3160	41
3161	46
3162	55
3163	48
3164	54
3165	41
3166	46
3167	46
3168	45
3169	57
3170	58
3171	47
3172	38
3173	57
3174	40
3175	58
3176	58
3177	49
3178	45
3179	40
3180	50
3181	46
3182	48
3183	47
3184	37
3185	40
3186	41
3187	50
3188	40
3189	42
3190	43
3191	37
3192	54
3193	43
3194	42
3195	37
3196	45
3197	39
3198	41
3199	40
3200	42
3201	32
3202	48
3203	45
3204	43
3205	40
3206	44
3207	46
3208	55
3209	44
3210	35
3211	45
3212	44
3213	50
3214	42
3215	34
3216	52
3217	49
3218	33
3219	39
3220	32
3221	34
3222	46
3223	43
3224	36
3225	34
3226	44
3227	35
3228	43
3229	46
3230	47
3231	40
3232	44
3233	48
3234	39
3235	39
3236	31
3237	35
3238	30
3239	37
3240	43
3241	41
3242	36
3243	40
3244	34
3245	35
3246	36
3247	46
3248	40
3249	34
3250	27
3251	27
3252	31
3253	40
3254	32
3255	27
3256	31
3257	43
3258	28
3259	30
3260	37
3261	39
3262	37
3263	29
3264	32
3265	31
3266	40
3267	29
3268	24
3269	39
3270	29
3271	34
3272	45
3273	33
3274	43
3275	25
3276	30
3277	28
3278	36
3279	30
3280	28
3281	36
3282	25
3283	39
3284	34
3285	28
3286	37
3287	24
3288	37
3289	30
3290	39
3291	32
3292	33
3293	37
3294	34
3295	27
3296	26
3297	35
3298	39
3299	35
3300	24
3301	33
3302	37
3303	27
3304	34
3305	20
3306	36
3307	29
3308	33
3309	22
3310	23
3311	24
3312	35
3313	24
3314	26
3315	27
3316	20
3317	29
3318	24
3319	30
3320	25
3321	33
3322	34
3323	29
3324	28
3325	27
3326	18
3327	35
3328	35
3329	16
3330	28
3331	21
3332	19
3333	22
3334	29
3335	25
3336	33
3337	22
3338	30
3339	25
3340	20
3341	22
3342	26
3343	23
3344	21
3345	22
3346	28
3347	26
3348	23
3349	22
3350	28
3351	19
3352	26
3353	27
3354	22
3355	22
3356	25
3357	24
3358	23
3359	23
3360	14
3361	26
3362	33
3363	17
3364	21
3365	18
3366	21
3367	21
3368	20
3369	29
3370	16
3371	22
3372	17
3373	21
3374	20
3375	20
3376	29
3377	19
3378	23
3379	17
3380	21
3381	17
3382	14
3383	20
3384	21
3385	12
3386	21
3387	17
3388	17
3389	23
3390	17
3391	22
3392	21
3393	23
3394	19
3395	23
3396	17
3397	16
3398	19
3399	14
3400	16
3401	20
3402	18
3403	27
3404	17
3405	25
3406	23
3407	22
3408	16
3409	17
3410	23
3411	24
3412	14
3413	17
3414	15
3415	21
3416	18
3417	12
3418	17
3419	21
3420	23
3421	26
3422	18
3423	11
3424	17
3425	22
3426	16
3427	10
3428	21
3429	14
3430	17
3431	7
3432	14
3433	21
3434	16
3435	26
3436	15
3437	13
3438	17
3439	16
3440	15
3441	7
3442	10
3443	15
3444	21
3445	14
3446	18
3447	21
3448	18
3449	13
3450	13
3451	12
3452	7
3453	11
3454	19
3455	17
3456	11
3457	14
3458	17
3459	9
3460	12
3461	15
3462	13
3463	13
3464	13
3465	18
3466	14
3467	20
3468	12
3469	16
3470	14
3471	11
3472	24
3473	15
3474	19
3475	9
3476	13
3477	21
3478	13
3479	12
3480	11
3481	12
3482	13
3483	14
3484	13
3485	16
3486	12
3487	19
3488	13
3489	14
3490	14
3491	12
3492	12
3493	12
3494	15
3495	8
3496	12
3497	13
3498	15
3499	11
3500	8
3501	14
3502	8
3503	13
3504	9
3505	12
3506	13
3507	12
3508	8
3509	11
3510	13
3511	12
3512	11
3513	15
3514	14
3515	8
3516	9
3517	10
3518	8
3519	10
3520	11
3521	10
3522	14
3523	18
3524	15
3525	20
3526	19
3527	8
3528	5
3529	11
3530	13
3531	12
3532	12
3533	18
3534	16
3535	15
3536	16
3537	9
3538	9
3539	11
3540	6
3541	5
3542	8
3543	7
3544	11
3545	13
3546	18
3547	10
3548	12
3549	13
3550	11
3551	10
3552	8
3553	10
3554	16
3555	14
3556	9
3557	9
3558	10
3559	7
3560	8
3561	8
3562	15
3563	11
3564	11
3565	8
3566	8
3567	9
3568	11
3569	10
3570	8
3571	5
3572	9
3573	16
3574	13
3575	14
3576	5
3577	12
3578	7
3579	6
3580	5
3581	11
3582	13
3583	11
3584	12
3585	12
3586	13
3587	15
3588	10
3589	12
3590	9
3591	10
3592	5
3593	11
3594	7
3595	15
3596	13
3597	6
3598	14
3599	17
3600	5
3601	13
3602	7
3603	14
3604	7
3605	17
3606	8
3607	9
3608	6
3609	7
3610	4
3611	6
3612	8
3613	11
3614	12
3615	6
3616	7
3617	13
3618	11
3619	11
3620	10
3621	12
3622	12
3623	7
3624	14
3625	8
3626	12
3627	4
3628	18
3629	5
3630	5
3631	7
3632	9
3633	10
3634	13
3635	8
3636	14
3637	6
3638	8
3639	7
3640	8
3641	6
3642	12
3643	10
3644	9
3645	6
3646	9
3647	8
3648	9
3649	10
3650	8
3651	13
3652	7
3653	12
3654	16
3655	4
3656	14
3657	6
3658	17
3659	8
3660	12
3661	6
3662	11
3663	9
3664	12
3665	13
3666	12
3667	10
3668	7
3669	8
3670	14
3671	10
3672	14
3673	12
3674	10
3675	8
3676	10
3677	10
3678	14
3679	10
3680	15
3681	7
3682	12
3683	12
3684	12
3685	10
3686	16
3687	17
3688	15
3689	10
3690	13
3691	11
3692	9
3693	20
3694	12
3695	12
3696	12
3697	16
3698	8
3699	11
3700	9
3701	14
3702	18
3703	5
3704	13
3705	12
3706	15
3707	13
3708	13
3709	14
3710	10
3711	14
3712	18
3713	19
3714	10
3715	18
3716	14
3717	11
3718	21
3719	16
3720	18
3721	21
3722	13
3723	13
3724	23
3725	9
3726	10
3727	18
3728	10
3729	23
3730	18
3731	18
3732	12
3733	9
3734	24
3735	20
3736	27
3737	12
3738	18
3739	18
3740	23
3741	19
3742	20
3743	17
3744	11
3745	21
3746	26
3747	23
3748	20
3749	26
3750	22
3751	26
3752	17
3753	32
3754	21
3755	24
3756	29
3757	29
3758	22
3759	30
3760	33
3761	28
3762	25
3763	35
3764	33
3765	32
3766	26
3767	21
3768	28
3769	28
3770	36
3771	29
3772	40
3773	28
3774	38
3775	30
3776	26
3777	31
3778	34
3779	37
3780	31
3781	33
3782	44
3783	48
3784	31
3785	30
3786	47
3787	45
3788	39
3789	46
3790	44
3791	35
3792	54
3793	53
3794	45
3795	40
3796	46
3797	52
3798	55
3799	31
3800	48
3801	39
3802	55
3803	64
3804	50
3805	49
3806	52
3807	53
3808	57
3809	49
3810	48
3811	49
3812	49
3813	48
3814	55
3815	65
3816	71
3817	61
3818	64
3819	57
3820	64
3821	59
3822	76
3823	71
3824	69
3825	77
3826	85
3827	63
3828	72
3829	56
3830	62
3831	79
3832	61
3833	82
3834	92
3835	82
3836	97
3837	74
3838	86
3839	84
3840	102
3841	83
3842	64
3843	101
3844	86
3845	86
3846	89
3847	100
3848	104
3849	98
3850	82
3851	87
3852	96
3853	83
3854	99
3855	122
3856	111
3857	110
3858	98
3859	121
3860	99
3861	116
3862	109
3863	107
3864	119
3865	100
3866	116
3867	129
3868	118
3869	124
3870	134
3871	123
3872	124
3873	124
3874	125
3875	134
3876	120
3877	131
3878	120
3879	117
3880	157
3881	154
3882	141
3883	144
3884	122
3885	119
3886	144
3887	141
3888	137
3889	128
3890	149
3891	145
3892	135
3893	144
3894	167
3895	173
3896	139
3897	145
3898	168
3899	136
3900	151
3901	173
3902	143
3903	142
3904	164
3905	151
3906	162
3907	166
3908	172
3909	148
3910	174
3911	153
3912	190
3913	161
3914	185
3915	187
3916	183
3917	186
3918	186
3919	181
3920	191
3921	199
3922	177
3923	158
3924	202
3925	170
3926	206
3927	179
3928	196
3929	208
3930	216
3931	191
3932	207
3933	193
3934	175
3935	204
3936	205
3937	168
3938	204
3939	179
3940	193
3941	187
3942	180
3943	214
3944	199
3945	165
3946	192
3947	202
3948	201
3949	204
3950	203
3951	189
3952	200
3953	215
3954	225
3955	218
3956	224
3957	226
3958	226
3959	222
3960	231
3961	223
3962	259
3963	200
3964	204
3965	199
3966	212
3967	222
3968	227
3969	202
3970	220
3971	197
3972	209
3973	210
3974	238
3975	212
3976	235
3977	232
3978	179
3979	214
3980	222
3981	204
3982	201
3983	195
3984	213
3985	191
3986	229
3987	215
3988	228
3989	200
3990	219
3991	216
3992	202
3993	229
3994	199
3995	233
3996	182
3997	221
3998	201
3999	206
4000	230
4001	192
4002	239
4003	190
4004	210
4005	227
4006	229
4007	208
4008	209
4009	219
4010	246
4011	179
4012	193
4013	206
4014	214
4015	193
4016	206
4017	187
4018	206
4019	214
4020	196
4021	224
4022	189
4023	212
4024	207
4025	202
4026	208
4027	193
4028	218
4029	179
4030	204
4031	197
4032	195
4033	222
4034	169
4035	209
4036	192
4037	186
4038	190
4039	192
4040	199
4041	188
4042	192
4043	158
4044	181
4045	172
4046	179
4047	182
4048	182
4049	174
4050	180
4051	156
4052	182
4053	170
4054	171
4055	164
4056	175
4057	160
4058	189
4059	161
4060	157
4061	182
4062	153
4063	152
4064	135
4065	152
4066	163
4067	134
4068	142
4069	157
4070	144
4071	146
4072	146
4073	151
4074	153
4075	145
4076	139
4077	155
4078	132
4079	134
4080	132
4081	144
4082	128
4083	150
4084	108
4085	116
4086	132
4087	106
4088	103
4089	132
4090	116
4091	104
4092	106
4093	115
4094	108
4095	125
4096	94
4097	117
4098	112
4099	93
4100	123
4101	104
4102	101
4103	102
4104	111
4105	92
4106	96
4107	94
4108	112
4109	75
4110	96
4111	98
4112	89
4113	82
4114	85
4115	83
4116	84
4117	88
4118	79
4119	85
4120	90
4121	64
4122	78
4123	87
4124	89
4125	63
4126	77
4127	67
4128	84
4129	87
4130	87
4131	73
4132	72
4133	54
4134	77
4135	62
4136	52
4137	53
4138	75
4139	57
4140	62
4141	58
4142	61
4143	71
4144	64
4145	60
4146	57
4147	63
4148	63
4149	69
4150	67
4151	52
4152	59
4153	54
4154	48
4155	56
4156	57
4157	50
4158	48
4159	47
4160	41
4161	51
4162	54
4163	44
4164	47
4165	40
4166	42
4167	41
4168	33
4169	30
4170	35
4171	45
4172	30
4173	39
4174	38
4175	35
4176	34
4177	33
4178	38
4179	36
4180	27
4181	31
4182	22
4183	30
4184	36
4185	35
4186	33
4187	32
4188	32
4189	27
4190	28
4191	25
4192	30
4193	23
4194	20
4195	27
4196	30
4197	25
4198	18
4199	20
4200	18
4201	24
4202	17
4203	24
4204	20
4205	18
4206	18
4207	22
4208	24
4209	22
4210	19
4211	19
4212	20
4213	17
4214	14
4215	14
4216	15
4217	18
4218	14
4219	16
4220	15
4221	10
4222	16
4223	23
4224	11
4225	18
4226	18
4227	19
4228	12
4229	17
4230	13
4231	12
4232	13
4233	19
4234	10
4235	20
4236	12
4237	13
4238	10
4239	8
4240	8
4241	11
4242	12
4243	7
4244	10
4245	13
4246	12
4247	8
4248	7
4249	4
4250	10
4251	10
4252	11
4253	6
4254	6
4255	4
4256	9
4257	9
4258	8
4259	7
4260	8
4261	10
4262	3
4263	8
4264	5
4265	4
4266	7
4267	12
4268	9
4269	6
4270	9
4271	9
4272	2
4273	5
4274	4
4275	6
4276	8
4277	4
4278	10
4279	5
4280	9
4281	8
4282	5
4283	8
4284	6
4285	6
4286	2
4287	7
4288	6
4289	4
4290	3
4291	10
4292	5
4293	5
4294	9
4295	2
4296	3
4297	3
4298	6
4299	4
4300	9
4301	6
4302	5
4303	6
4304	8
4305	2
4306	6
4307	4
4308	3
4309	2
4310	5
4311	7
4312	6
4313	3
4314	2
4315	4
4316	4
4317	8
4318	3
4319	4
4320	2
4321	2
4322	2
4323	6
4324	2
4325	3
4326	1
4327	3
4328	3
4329	4
4330	2
4331	1
4332	2
4333	3
4334	2
4335	1
4336	5
4337	5
4338	3
4339	4
4340	1
4341	1
4342	1
4343	2
4344	3
4345	4
4346	2
4347	5
4348	0
4349	7
4350	4
4351	3
4352	2
4353	7
4354	4
4355	4
4356	4
4357	2
4358	4
4359	2
4360	3
4361	4
4362	6
4363	3
4364	2
4365	3
4366	3
4367	10
4368	2
4369	3
4370	0
4371	5
4372	0
4373	7
4374	1
4375	2
4376	0
4377	3
4378	2
4379	2
4380	5
4381	2
4382	4
4383	1
4384	1
4385	7
4386	7
4387	6
4388	5
4389	3
4390	2
4391	9
4392	5
4393	5
4394	2
4395	3
4396	8
4397	2
4398	3
4399	2
4400	3
4401	1
4402	5
4403	1
4404	4
4405	2
4406	1
4407	8
4408	5
4409	2
4410	0
4411	4
4412	2
4413	3
4414	3
4415	7
4416	3
4417	2
4418	7
4419	3
4420	3
4421	6
4422	3
4423	3
4424	2
4425	4
4426	2
4427	2
4428	6
4429	2
4430	7
4431	4
4432	7
4433	2
4434	4
4435	3
4436	2
4437	5
4438	7
4439	3
4440	2
4441	7
4442	4
4443	4
4444	3
4445	3
4446	3
4447	7
4448	8
4449	8
4450	2
4451	3
4452	2
4453	3
4454	5
4455	2
4456	5
4457	2
4458	2
4459	3
4460	1
4461	2
4462	6
4463	6
4464	3
4465	4
4466	1
4467	7
4468	8
4469	3
4470	5
4471	8
4472	5
4473	6
4474	7
4475	4
4476	3
4477	6
4478	4
4479	2
4480	2
4481	5
4482	6
4483	7
4484	7
4485	5
4486	6
4487	3
4488	4
4489	6
4490	4
4491	5
4492	9
4493	4
4494	8
4495	3
4496	9
4497	1
4498	5
4499	0
4500	4
4501	5
4502	9
4503	3
4504	8
4505	4
4506	12
4507	4
4508	3
4509	9
4510	3
4511	3
4512	7
4513	3
4514	4
4515	14
4516	6
4517	3
4518	4
4519	6
4520	3
4521	2
4522	10
4523	4
4524	5
4525	8
4526	1
4527	3
4528	3
4529	4
4530	8
4531	3
4532	3
4533	4
4534	5
4535	5
4536	5
4537	4
4538	7
4539	9
4540	4
4541	4
4542	7
4543	6
4544	8
4545	5
4546	7
4547	4
4548	4
4549	3
4550	6
4551	4
4552	5
4553	4
4554	5
4555	6
4556	7
4557	5
4558	4
4559	11
4560	3
4561	6
4562	4
4563	7
4564	6
4565	7
4566	6
4567	5
4568	8
4569	4
4570	5
4571	3
4572	6
4573	4
4574	3
4575	7
4576	5
4577	6
4578	5
4579	4
4580	4
4581	2
4582	1
4583	4
4584	6
4585	5
4586	1
4587	3
4588	8
4589	5
4590	3
4591	6
4592	4
4593	3
4594	0
4595	5
4596	4
4597	7
4598	3
4599	2
4600	5
4601	10
4602	4
4603	4
4604	0
4605	2
4606	4
4607	5
4608	3
4609	6
4610	3
4611	3
4612	6
4613	2
4614	4
4615	6
4616	3
4617	8
4618	3
4619	4
4620	7
4621	2
4622	1
4623	3
4624	4
4625	0
4626	6
4627	2
4628	4
4629	1
4630	3
4631	5
4632	9
4633	2
4634	2
4635	3
4636	2
4637	3
4638	10
4639	3
4640	1
4641	5
4642	4
4643	5
4644	1
4645	3
4646	6
4647	3
4648	5
4649	3
4650	4
4651	5
4652	4
4653	4
4654	4
4655	6
4656	8
4657	0
4658	4
4659	5
4660	1
4661	2
4662	4
4663	4
4664	3
4665	4
4666	5
4667	5
4668	3
4669	1
4670	4
4671	1
4672	2
4673	1
4674	2
4675	3
4676	1
4677	6
4678	2
4679	3
4680	5
4681	1
4682	3
4683	4
4684	4
4685	2
4686	2
4687	3
4688	3
4689	4
4690	2
4691	2
4692	2
4693	0
4694	3
4695	4
4696	3
4697	0
4698	3
4699	5
4700	3
4701	3
4702	5
4703	1
4704	2
4705	1
4706	1
4707	2
4708	3
4709	1
4710	1
4711	2
4712	5
4713	3
4714	0
4715	3
4716	1
4717	0
4718	1
4719	2
4720	2
4721	0
4722	0
4723	2
4724	5
4725	0
4726	5
4727	4
4728	1
4729	4
4730	2
4731	3
4732	4
4733	4
4734	3
4735	4
4736	3
4737	3
4738	3
4739	5
4740	3
4741	2
4742	1
4743	5
4744	0
4745	1
4746	1
4747	2
4748	1
4749	4
4750	1
4751	0
4752	3
4753	1
4754	3
4755	1
4756	1
4757	1
4758	4
4759	2
4760	0
4761	0
4762	3
4763	1
4764	2
4765	2
4766	2
4767	2
4768	0
4769	3
4770	3
4771	3
4772	2
4773	0
4774	1
4775	3
4776	4
4777	2
4778	1
4779	0
4780	1
4781	5
4782	2
4783	4
4784	2
4785	0
4786	4
4787	2
4788	3
4789	1
4790	0
4791	4
4792	1
4793	1
4794	6
4795	2
4796	0
4797	1
4798	2
4799	1
4800	3
4801	2
4802	2
4803	2
4804	2
4805	2
4806	1
4807	0
4808	3
4809	1
4810	4
4811	2
4812	3
4813	0
4814	0
4815	2
4816	2
4817	3
4818	2
4819	1
4820	0
4821	2
4822	0
4823	1
4824	1
4825	2
4826	1
4827	2
4828	2
4829	1
4830	3
4831	1
4832	1
4833	3
4834	1
4835	0
4836	2
4837	2
4838	0
4839	1
4840	1
4841	1
4842	0
4843	1
4844	0
4845	0
4846	1
4847	1
4848	0
4849	0
4850	1
4851	0
4852	1
4853	1
4854	2
4855	2
4856	1
4857	2
4858	1
4859	1
4860	0
4861	0
4862	2
4863	1
4864	0
4865	0
4866	0
4867	1
4868	1
4869	0
4870	0
4871	3
4872	0
4873	2
4874	0
4875	1
4876	4
4877	0
4878	1
4879	2
4880	2
4881	1
4882	3
4883	1
4884	0
4885	2
4886	3
4887	2
4888	4
4889	2
4890	1
4891	2
4892	1
4893	2
4894	1
4895	0
4896	1
4897	2
4898	1
4899	1
4900	2
4901	0
4902	1
4903	0
4904	1
4905	0
4906	1
4907	3
4908	0
4909	1
4910	1
4911	0
4912	0
4913	1
4914	2
4915	1
4916	2
4917	3
4918	0
4919	0
4920	4
4921	3
4922	2
4923	1
4924	0
4925	3
4926	0
4927	1
4928	0
4929	0
4930	3
4931	1
4932	5
4933	3
4934	0
4935	0
4936	0
4937	0
4938	0
4939	1
4940	1
4941	1
4942	1
4943	0
4944	0
4945	0
4946	4
4947	1
4948	3
4949	1
4950	1
4951	2
4952	1
4953	2
4954	1
4955	0
4956	1
4957	0
4958	0
4959	2
4960	0
4961	2
4962	1
4963	3
4964	1
4965	0
4966	1
4967	5
4968	3
4969	1
4970	3
4971	1
4972	0
4973	0
4974	1
4975	0
4976	4
4977	4
4978	1
4979	0
4980	2
4981	2
4982	1
4983	2
4984	3
4985	1
4986	2
4987	0
4988	1
4989	1
4990	0
4991	2
4992	6
4993	0
4994	1
4995	1
4996	2
4997	1
4998	0
4999	2
5000	0
5001	1
5002	3
5003	0
5004	0
5005	1
5006	1
5007	0
5008	2
5009	0
5010	0
5011	1
5012	0
5013	3
5014	1
5015	0
5016	2
5017	3
5018	1
5019	1
5020	1
5021	1
5022	4
5023	2
5024	2
5025	0
5026	0
5027	2
5028	1
5029	0
5030	2
5031	0
5032	0
5033	2
5034	0
5035	0
5036	0
5037	1
5038	2
5039	4
5040	0
5041	1
5042	2
5043	0
5044	2
5045	0
5046	2
5047	1
5048	1
5049	0
5050	0
5051	4
5052	0
5053	0
5054	0
5055	2
5056	1
5057	2
5058	0
5059	1
5060	0
5061	1
5062	1
5063	1
5064	2
5065	0
5066	0
5067	3
5068	1
5069	0
5070	0
5071	2
5072	1
5073	1
5074	2
5075	2
5076	1
5077	0
5078	2
5079	2
5080	0
5081	0
5082	1
5083	1
5084	1
5085	2
5086	0
5087	0
5088	1
5089	0
5090	2
5091	0
5092	0
5093	1
5094	2
5095	0
5096	0
5097	0
5098	1
5099	4
5100	1
5101	0
5102	1
5103	1
5104	2
5105	1
5106	2
5107	0
5108	0
5109	1
5110	0
5111	0
5112	1
5113	1
5114	2
5115	0
5116	1
5117	1
5118	2
5119	0
5120	3
5121	0
5122	1
5123	2
5124	1
5125	0
5126	0
5127	0
5128	0
5129	0
5130	1
5131	2
5132	1
5133	1
5134	0
5135	0
5136	1
5137	1
5138	0
5139	0
5140	1
5141	1
5142	2
5143	1
5144	1
5145	2
5146	1
5147	0
5148	1
5149	0
5150	2
5151	2
5152	1
5153	0
5154	1
5155	3
5156	0
5157	0
5158	1
5159	0
5160	2
5161	0
5162	1
5163	1
5164	1
5165	0
5166	0
5167	0
5168	1
5169	1
5170	1
5171	2
5172	1
5173	2
5174	1
5175	0
5176	0
5177	1
5178	1
5179	4
5180	1
5181	0
5182	1
5183	1
5184	0
5185	1
5186	1
5187	1
5188	1
5189	0
5190	0
5191	1
5192	3
5193	0
5194	0
5195	0
5196	1
5197	0
5198	0
5199	1
5200	0
5201	3
5202	1
5203	1
5204	0
5205	3
5206	0
5207	0
5208	3
5209	0
5210	0
5211	2
5212	0
5213	2
5214	0
5215	0
5216	1
5217	1
5218	0
5219	0
5220	0
5221	0
5222	1
5223	1
5224	1
5225	3
5226	2
5227	2
5228	0
5229	2
5230	0
5231	2
5232	1
5233	1
5234	0
5235	0
5236	0
5237	0
5238	2
5239	0
5240	1
5241	1
5242	0
5243	0
5244	2
5245	0
5246	2
5247	2
5248	2
5249	0
5250	1
5251	1
5252	1
5253	1
5254	0
5255	1
5256	1
5257	0
5258	2
5259	0
5260	0
5261	1
5262	0
5263	0
5264	2
5265	1
5266	3
5267	0
5268	0
5269	1
5270	0
5271	0
5272	1
5273	1
5274	2
5275	1
5276	1
5277	1
5278	0
5279	1
5280	2
5281	1
5282	2
5283	0
5284	1
5285	2
5286	0
5287	0
5288	0
5289	0
5290	1
5291	0
5292	0
5293	3
5294	1
5295	0
5296	0
5297	0
5298	1
5299	0
5300	2
5301	1
5302	1
5303	0
5304	0
5305	1
5306	0
5307	0
5308	4
5309	1
5310	1
5311	0
5312	0
5313	0
5314	3
5315	2
5316	1
5317	0
5318	2
5319	1
5320	1
5321	1
5322	1
5323	0
5324	1
5325	1
5326	2
5327	0
5328	2
5329	1
5330	0
5331	0
5332	0
5333	0
5334	0
5335	1
5336	1
5337	2
5338	1
5339	0
5340	0
5341	2
5342	1
5343	1
5344	0
5345	0
5346	2
5347	2
5348	0
5349	2
5350	1
5351	2
5352	1
5353	2
5354	0
5355	0
5356	1
5357	1
5358	4
5359	0
5360	0
5361	1
5362	2
5363	0
5364	3
5365	2
5366	1
5367	1
5368	0
5369	1
5370	1
5371	0
5372	1
5373	2
5374	0
5375	2
5376	0
5377	0
5378	1
5379	0
5380	1
5381	1
5382	2
5383	2
5384	2
5385	0
5386	3
5387	0
5388	0
5389	0
5390	1
5391	1
5392	2
5393	0
5394	2
5395	0
5396	0
5397	0
5398	2
5399	0
5400	1
5401	0
5402	2
5403	3
5404	2
5405	1
5406	0
5407	3
5408	0
5409	2
5410	1
5411	0
5412	1
5413	0
5414	3
5415	0
5416	0
5417	4
5418	1
5419	0
5420	0
5421	2
5422	3
5423	1
5424	1
5425	0
5426	0
5427	2
5428	0
5429	0
5430	0
5431	1
5432	1
5433	1
5434	2
5435	1
5436	0
5437	1
5438	0
5439	3
5440	3
5441	0
5442	0
5443	1
5444	3
5445	1
5446	0
5447	2
5448	3
5449	0
5450	1
5451	2
5452	1
5453	2
5454	2
5455	0
5456	0
5457	2
5458	2
5459	1
5460	2
5461	1
5462	1
5463	0
5464	1
5465	1
5466	2
5467	1
5468	1
5469	1
5470	0
5471	5
5472	4
5473	1
5474	2
5475	1
5476	0
5477	4
5478	0
5479	3
5480	0
5481	1
5482	2
5483	2
5484	1
5485	0
5486	1
5487	3
5488	1
5489	2
5490	1
5491	4
5492	1
5493	0
5494	3
5495	2
5496	0
5497	1
5498	0
5499	0
5500	4
5501	2
5502	2
5503	2
5504	3
5505	3
5506	2
5507	0
5508	2
5509	3
5510	1
5511	0
5512	2
5513	0
5514	3
5515	1
5516	2
5517	1
5518	0
5519	2
5520	2
5521	1
5522	4
5523	2
5524	1
5525	4
5526	0
5527	1
5528	2
5529	1
5530	0
5531	3
5532	2
5533	3
5534	1
5535	0
5536	3
5537	2
5538	2
5539	3
5540	1
5541	1
5542	2
5543	2
5544	1
5545	1
5546	1
5547	2
5548	1
5549	0
5550	2
5551	1
5552	1
5553	3
5554	2
5555	0
5556	1
5557	0
5558	0
5559	1
5560	1
5561	2
5562	2
5563	3
5564	3
5565	1
5566	1
5567	0
5568	3
5569	0
5570	2
5571	0
5572	1
5573	2
5574	1
5575	2
5576	2
5577	2
5578	4
5579	2
5580	3
5581	2
5582	4
5583	1
5584	2
5585	1
5586	1
5587	1
5588	3
5589	4
5590	3
5591	1
5592	2
5593	2
5594	2
5595	1
5596	2
5597	2
5598	1
5599	5
5600	1
5601	1
5602	4
5603	4
5604	2
5605	0
5606	1
5607	1
5608	1
5609	3
5610	4
5611	1
5612	3
5613	1
5614	4
5615	0
5616	0
5617	5
5618	4
5619	3
5620	2
5621	3
5622	0
5623	0
5624	2
5625	2
5626	3
5627	2
5628	2
5629	3
5630	5
5631	2
5632	1
5633	2
5634	0
5635	3
5636	5
5637	2
5638	2
5639	2
5640	2
5641	0
5642	1
5643	0
5644	0
5645	3
5646	3
5647	0
5648	0
5649	2
5650	2
5651	0
5652	3
5653	1
5654	2
5655	2
5656	2
5657	1
5658	0
5659	1
5660	3
5661	2
5662	5
5663	2
5664	2
5665	2
5666	1
5667	5
5668	2
5669	0
5670	2
5671	1
5672	3
5673	3
5674	2
5675	1
5676	4
5677	3
5678	3
5679	2
5680	0
5681	2
5682	1
5683	3
5684	2
5685	3
5686	1
5687	2
5688	2
5689	4
5690	2
5691	4
5692	1
5693	2
5694	4
5695	1
5696	2
5697	2
5698	1
5699	1
5700	1
5701	4
5702	1
5703	4
5704	2
5705	2
5706	4
5707	1
5708	0
5709	0
5710	1
5711	0
5712	2
5713	1
5714	0
5715	1
5716	2
5717	1
5718	1
5719	3
5720	2
5721	2
5722	1
5723	2
5724	1
5725	0
5726	2
5727	4
5728	0
5729	0
5730	1
5731	1
5732	1
5733	2
5734	0
5735	1
5736	0
5737	3
5738	1
5739	1
5740	1
5741	0
5742	1
5743	3
5744	3
5745	1
5746	2
5747	2
5748	2
5749	0
5750	4
5751	2
5752	1
5753	0
5754	0
5755	0
5756	4
5757	3
5758	0
5759	0
5760	1
5761	3
5762	1
5763	2
5764	2
5765	0
5766	0
5767	1
5768	0
5769	2
5770	0
5771	2
5772	2
5773	0
5774	0
5775	1
5776	6
5777	2
5778	1
5779	3
5780	1
5781	1
5782	1
5783	0
5784	3
5785	1
5786	2
5787	0
5788	0
5789	1
5790	1
5791	2
5792	1
5793	2
5794	2
5795	0
5796	1
5797	1
5798	0
5799	1
5800	2
5801	4
5802	0
5803	0
5804	0
5805	1
5806	0
5807	1
5808	2
5809	2
5810	0
5811	1
5812	0
5813	0
5814	1
5815	1
5816	0
5817	1
5818	4
5819	3
5820	1
5821	0
5822	1
5823	0
5824	1
5825	1
5826	1
5827	1
5828	2
5829	1
5830	0
5831	1
5832	0
5833	0
5834	0
5835	1
5836	0
5837	1
5838	1
5839	2
5840	1
5841	1
5842	1
5843	2
5844	1
5845	0
5846	1
5847	1
5848	0
5849	2
5850	1
5851	2
5852	0
5853	1
5854	2
5855	1
5856	0
5857	1
5858	1
5859	1
5860	1
5861	0
5862	1
5863	1
5864	1
5865	3
5866	0
5867	0
5868	0
5869	0
5870	0
5871	2
5872	2
5873	0
5874	0
5875	1
5876	0
5877	0
5878	0
5879	1
5880	1
5881	0
5882	1
5883	2
5884	0
5885	0
5886	0
5887	0
5888	0
5889	0
5890	1
5891	0
5892	0
5893	0
5894	0
5895	1
5896	0
5897	1
5898	1
5899	0
5900	1
5901	1
5902	1
5903	0
5904	0
5905	1
5906	1
5907	0
5908	0
5909	0
5910	0
5911	1
5912	0
5913	0
5914	0
5915	0
5916	0
5917	0
5918	0
5919	0
5920	0
5921	1
5922	0
5923	0
5924	0
5925	0
5926	1
5927	1
5928	0
5929	1
5930	0
5931	0
5932	1
5933	1
5934	0
5935	0
5936	0
5937	0
5938	0
5939	0
5940	0
5941	1
5942	0
5943	1
5944	1
5945	1
5946	0
5947	1
5948	0
5949	0
5950	0
5951	1
5952	1
5953	0
5954	0
5955	0
5956	1
5957	0
5958	1
5959	0
5960	0
5961	0
5962	0
5963	0
5964	0
5965	0
5966	1
5967	0
5968	0
5969	0
5970	0
5971	0
5972	0
5973	1
5974	0
5975	0
5976	0
5977	1
5978	0
5979	0
5980	0
5981	1
5982	0
5983	0
5984	0
5985	0
5986	0
5987	0
5988	0
5989	2
5990	1
5991	0
5992	1
5993	2
5994	1
5995	0
5996	1
5997	1
5998	1
5999	0
6000	0
6001	1
6002	0
6003	0
6004	0
6005	1
6006	0
6007	0
6008	1
6009	1
6010	0
6011	0
6012	1
6013	1
6014	0
6015	0
6016	0
6017	0
6018	0
6019	0
6020	0
6021	0
6022	0
6023	0
6024	0
6025	2
6026	0
6027	0
6028	0
6029	0
6030	1
6031	2
6032	0
6033	0
6034	0
6035	1
6036	0
6037	0
6038	0
6039	0
6040	0
6041	1
6042	0
6043	0
6044	0
6045	0
6046	1
6047	1
6048	1
6049	0
6050	0
6051	0
6052	1
6053	1
6054	0
6055	0
6056	0
6057	0
6058	0
6059	0
6060	0
6061	0
6062	0
6063	0
6064	0
6065	1
6066	1
6067	0
6068	0
6069	0
6070	0
6071	0
6072	1
6073	0
6074	0
6075	0
6076	0
6077	0
6078	1
6079	0
6080	1
6081	1
6082	1
6083	1
6084	1
6085	0
6086	0
6087	0
6088	0
6089	1
6090	0
6091	2
6092	0
6093	2
6094	0
6095	1
6096	0
6097	0
6098	0
6099	0
6100	0
6101	0
6102	1
6103	0
6104	0
6105	0
6106	0
6107	1
6108	0
6109	1
6110	1
6111	1
6112	0
6113	2
6114	0
6115	0
6116	0
6117	1
6118	0
6119	1
6120	0
6121	0
6122	0
6123	0
6124	0
6125	0
6126	0
6127	0
6128	0
6129	1
6130	0
6131	0
6132	1
6133	1
6134	1
6135	0
6136	1
6137	0
6138	0
6139	1
6140	0
6141	0
6142	0
6143	1
6144	0
6145	0
6146	0
6147	0
6148	0
6149	1
6150	0
6151	0
6152	1
6153	2
6154	0
6155	0
6156	0
6157	0
6158	1
6159	0
6160	1
6161	0
6162	0
6163	1
6164	0
6165	2
6166	0
6167	1
6168	1
6169	0
6170	1
6171	0
6172	0
6173	0
6174	0
6175	0
6176	0
6177	0
6178	0
6179	0
6180	1
6181	0
6182	0
6183	0
6184	1
6185	0
6186	0
6187	1
6188	0
6189	0
6190	0
6191	0
6192	0
6193	1
6194	0
6195	0
6196	0
6197	0
6198	0
6199	0
6200	1
6201	0
6202	0
6203	0
6204	0
6205	0
6206	2
6207	0
6208	1
6209	0
6210	0
6211	0
6212	1
6213	0
6214	0
6215	0
6216	1
6217	1
6218	0
6219	0
6220	0
6221	0
6222	0
6223	0
6224	0
6225	0
6226	1
6227	0
6228	0
6229	0
6230	1
6231	0
6232	1
6233	0
6234	1
6235	0
6236	1
6237	0
6238	0
6239	0
6240	0
6241	0
6242	0
6243	0
6244	0
6245	0
6246	1
6247	0
6248	0
6249	0
6250	0
6251	0
6252	0
6253	1
6254	0
6255	0
6256	0
6257	1
6258	2
6259	0
6260	0
6261	0
6262	0
6263	0
6264	1
6265	1
6266	0
6267	0
6268	1
6269	0
6270	0
6271	0
6272	0
6273	1
6274	0
6275	0
6276	1
6277	0
6278	0
6279	0
6280	0
6281	0
6282	1
6283	0
6284	0
6285	1
6286	0
6287	0
6288	0
6289	0
6290	1
6291	1
6292	1
6293	1
6294	0
6295	1
6296	0
6297	0
6298	0
6299	0
6300	0
6301	0
6302	0
6303	0
6304	0
6305	1
6306	1
6307	0
6308	1
6309	1
6310	0
6311	0
6312	0
6313	0
6314	0
6315	0
6316	1
6317	0
6318	1
6319	0
6320	0
6321	0
6322	0
6323	0
6324	0
6325	1
6326	1
6327	0
6328	2
6329	0
6330	0
6331	0
6332	2
6333	0
6334	1
6335	0
6336	1
6337	0
6338	1
6339	0
6340	0
6341	0
6342	1
6343	0
6344	0
6345	0
6346	1
6347	0
6348	1
6349	1
6350	0
6351	0
6352	0
6353	1
6354	0
6355	0
6356	0
6357	0
6358	1
6359	0
6360	0
6361	0
6362	0
6363	2
6364	0
6365	1
6366	1
6367	1
6368	0
6369	1
6370	0
6371	0
6372	2
6373	0
6374	2
6375	0
6376	1
6377	0
6378	0
6379	0
6380	0
6381	0
6382	0
6383	0
6384	0
6385	0
6386	1
6387	2
6388	1
6389	0
6390	0
6391	1
6392	0
6393	1
6394	0
6395	0
6396	1
6397	0
6398	2
6399	0
6400	1
6401	1
6402	0
6403	0
6404	1
6405	0
6406	0
6407	0
6408	0
6409	2
6410	0
6411	0
6412	0
6413	0
6414	0
6415	0
6416	0
6417	2
6418	0
6419	0
6420	0
6421	0
6422	0
6423	0
6424	0
6425	0
6426	0
6427	0
6428	0
6429	0
6430	0
6431	0
6432	0
6433	1
6434	0
6435	0
6436	0
6437	0
6438	0
6439	0
6440	0
6441	0
6442	0
6443	1
6444	0
6445	0
6446	0
6447	0
6448	0
6449	2
6450	0
6451	0
6452	2
6453	0
6454	1
6455	0
6456	0
6457	1
6458	0
6459	0
6460	0
6461	0
6462	0
6463	0
6464	1
6465	1
6466	1
6467	1
6468	0
6469	0
6470	0
6471	1
6472	1
6473	1
6474	0
6475	0
6476	0
6477	0
6478	1
6479	1
6480	1
6481	0
6482	0
6483	0
6484	0
6485	0
6486	0
6487	0
6488	0
6489	1
6490	0
6491	0
6492	0
6493	0
6494	0
6495	0
6496	1
6497	0
6498	2
6499	2
6500	0
6501	0
6502	0
6503	1
6504	0
6505	0
6506	0
6507	2
6508	0
6509	0
6510	1
6511	0
6512	2
6513	0
6514	0
6515	1
6516	0
6517	0
6518	0
6519	1
6520	0
6521	0
6522	0
6523	0
6524	0
6525	0
6526	0
6527	0
6528	0
6529	1
6530	0
6531	0
6532	0
6533	0
6534	2
6535	1
6536	1
6537	0
6538	0
6539	0
6540	1
6541	0
6542	1
6543	1
6544	1
6545	2
6546	1
6547	0
6548	0
6549	1
6550	0
6551	0
6552	0
6553	1
6554	0
6555	0
6556	0
6557	0
6558	0
6559	0
6560	0
6561	0
6562	0
6563	0
6564	0
6565	0
6566	1
6567	1
6568	0
6569	1
6570	0
6571	0
6572	1
6573	0
6574	1
6575	0
6576	0
6577	0
6578	1
6579	0
6580	0
6581	2
6582	0
6583	0
6584	0
6585	1
6586	0
6587	1
6588	0
6589	0
6590	3
6591	0
6592	0
6593	0
6594	0
6595	0
6596	1
6597	3
6598	1
6599	1
6600	1
6601	0
6602	1
6603	0
6604	0
6605	0
6606	1
6607	0
6608	0
6609	0
6610	1
6611	0
6612	0
6613	0
6614	0
6615	0
6616	0
6617	0
6618	0
6619	0
6620	0
6621	0
6622	0
6623	0
6624	1
6625	0
6626	0
6627	0
6628	1
6629	1
6630	0
6631	2
6632	0
6633	1
6634	1
6635	0
6636	0
6637	0
6638	0
6639	0
6640	0
6641	0
6642	0
6643	0
6644	0
6645	0
6646	0
6647	0
6648	0
6649	0
6650	0
6651	1
6652	0
6653	1
6654	1
6655	0
6656	0
6657	1
6658	2
6659	0
6660	0
6661	2
6662	0
6663	0
6664	0
6665	0
6666	1
6667	0
6668	0
6669	0
6670	0
6671	0
6672	1
6673	1
6674	0
6675	1
6676	0
6677	1
6678	0
6679	0
6680	1
6681	0
6682	0
6683	0
6684	0
6685	0
6686	0
6687	0
6688	0
6689	0
6690	2
6691	0
6692	0
6693	0
6694	2
6695	1
6696	0
6697	1
6698	1
6699	0
6700	1
6701	0
6702	0
6703	1
6704	0
6705	0
6706	0
6707	1
6708	0
6709	0
6710	0
6711	0
6712	0
6713	1
6714	0
6715	1
6716	0
6717	0
6718	1
6719	1
6720	0
6721	0
6722	1
6723	1
6724	1
6725	0
6726	1
6727	1
6728	0
6729	0
6730	0
6731	0
6732	0
6733	0
6734	0
6735	0
6736	0
6737	0
6738	1
6739	1
6740	1
6741	0
6742	1
6743	1
6744	1
6745	1
6746	0
6747	1
6748	0
6749	0
6750	0
6751	1
6752	0
6753	1
6754	0
6755	0
6756	0
6757	1
6758	1
6759	0
6760	1
6761	0
6762	0
6763	0
6764	0
6765	0
6766	0
6767	0
6768	1
6769	1
6770	1
6771	0
6772	0
6773	0
6774	1
6775	0
6776	0
6777	1
6778	0
6779	0
6780	0
6781	0
6782	2
6783	0
6784	0
6785	0
6786	1
6787	0
6788	1
6789	0
6790	0
6791	0
6792	0
6793	0
6794	0
6795	1
6796	1
6797	1
6798	0
6799	2
6800	1
6801	0
6802	2
6803	0
6804	0
6805	0
6806	0
6807	0
6808	0
6809	0
6810	1
6811	0
6812	0
6813	0
6814	0
6815	0
6816	2
6817	0
6818	0
6819	1
6820	0
6821	0
6822	1
6823	1
6824	1
6825	0
6826	1
6827	1
6828	3
6829	0
6830	0
6831	1
6832	0
6833	1
6834	0
6835	0
6836	0
6837	0
6838	0
6839	0
6840	0
6841	0
6842	0
6843	0
6844	1
6845	1
6846	0
6847	0
6848	0
6849	1
6850	0
6851	0
6852	0
6853	2
6854	3
6855	0
6856	1
6857	0
6858	0
6859	0
6860	1
6861	0
6862	0
6863	1
6864	1
6865	0
6866	1
6867	0
6868	1
6869	1
6870	0
6871	1
6872	0
6873	0
6874	0
6875	1
6876	2
6877	1
6878	1
6879	1
6880	0
6881	0
6882	1
6883	0
6884	2
6885	0
6886	0
6887	0
6888	0
6889	0
6890	3
6891	0
6892	1
6893	0
6894	0
6895	0
6896	0
6897	2
6898	0
6899	0
6900	0
6901	0
6902	0
6903	0
6904	0
6905	1
6906	1
6907	0
6908	0
6909	0
6910	0
6911	1
6912	1
6913	0
6914	0
6915	0
6916	1
6917	0
6918	0
6919	0
6920	0
6921	0
6922	1
6923	0
6924	0
6925	0
6926	0
6927	0
6928	0
6929	0
6930	0
6931	0
6932	0
6933	0
6934	0
6935	0
6936	1
6937	0
6938	0
6939	1
6940	1
6941	0
6942	1
6943	3
6944	0
6945	0
6946	0
6947	0
6948	0
6949	0
6950	0
6951	1
6952	0
6953	0
6954	0
6955	1
6956	0
6957	0
6958	0
6959	0
6960	1
6961	0
6962	1
6963	0
6964	0
6965	0
6966	0
6967	1
6968	1
6969	0
6970	0
6971	0
6972	0
6973	2
6974	2
6975	0
6976	0
6977	0
6978	0
6979	0
6980	1
6981	0
6982	0
6983	0
6984	2
6985	0
6986	0
6987	0
6988	0
6989	1
6990	0
6991	2
6992	0
6993	1
6994	0
6995	0
6996	0
6997	0
6998	0
6999	1
7000	0
7001	0
7002	0
7003	0
7004	0
7005	0
7006	0
7007	0
7008	2
7009	0
7010	0
7011	0
7012	0
7013	0
7014	1
7015	0
7016	1
7017	0
7018	0
7019	1
7020	1
7021	0
7022	0
7023	1
7024	0
7025	0
7026	0
7027	0
7028	1
7029	0
7030	1
7031	0
7032	0
7033	0
7034	1
7035	0
7036	0
7037	0
7038	0
7039	1
7040	0
7041	0
7042	0
7043	0
7044	0
7045	0
7046	0
7047	0
7048	0
7049	0
7050	0
7051	0
7052	0
7053	0
7054	0
7055	0
7056	0
7057	0
7058	1
7059	1
7060	0
7061	1
7062	0
7063	1
7064	0
7065	0
7066	0
7067	0
7068	0
7069	0
7070	1
7071	1
7072	1
7073	2
7074	0
7075	0
7076	0
7077	0
7078	0
7079	0
7080	2
7081	0
7082	0
7083	0
7084	1
7085	0
7086	1
7087	0
7088	0
7089	0
7090	0
7091	0
7092	0
7093	0
7094	0
7095	0
7096	1
7097	0
7098	0
7099	1
7100	0
7101	0
7102	0
7103	0
7104	0
7105	0
7106	0
7107	1
7108	0
7109	0
7110	0
7111	0
7112	1
7113	0
7114	0
7115	0
7116	1
7117	1
7118	1
7119	0
7120	0
7121	1
7122	1
7123	2
7124	0
7125	0
7126	0
7127	1
7128	0
7129	1
7130	0
7131	0
7132	0
7133	0
7134	0
7135	0
7136	0
7137	1
7138	0
7139	0
7140	0
7141	0
7142	0
7143	0
7144	1
7145	1
7146	0
7147	0
7148	1
7149	0
7150	0
7151	0
7152	0
7153	0
7154	0
7155	0
7156	0
7157	0
7158	1
7159	1
7160	0
7161	0
7162	0
7163	0
7164	0
7165	1
7166	1
7167	0
7168	0
7169	0
7170	0
7171	0
7172	0
7173	0
7174	0
7175	0
7176	0
7177	0
7178	0
7179	0
7180	0
7181	0
7182	0
7183	0
7184	0
7185	0
7186	0
7187	0
7188	0
7189	0
7190	0
7191	1
7192	1
7193	0
7194	0
7195	0
7196	1
7197	0
7198	0
7199	0
7200	1
7201	1
7202	0
7203	0
7204	0
7205	0
7206	0
7207	0
7208	0
7209	0
7210	0
7211	0
7212	0
7213	0
7214	0
7215	1
7216	0
7217	0
7218	0
7219	0
7220	0
7221	0
7222	0
7223	0
7224	1
7225	0
7226	1
7227	1
7228	0
7229	1
7230	0
7231	0
7232	0
7233	0
7234	0
7235	0
7236	0
7237	1
7238	1
7239	1
7240	0
7241	0
7242	0
7243	0
7244	0
7245	0
7246	0
7247	0
7248	0
7249	0
7250	0
7251	0
7252	0
7253	0
7254	0
7255	0
7256	0
7257	0
7258	1
7259	0
7260	0
7261	1
7262	0
7263	1
7264	0
7265	0
7266	1
7267	1
7268	0
7269	1
7270	2
7271	1
7272	0
7273	0
7274	1
7275	1
7276	0
7277	0
7278	0
7279	0
7280	0
7281	0
7282	0
7283	0
7284	0
7285	0
7286	1
7287	0
7288	1
7289	0
7290	1
7291	0
7292	0
7293	0
7294	0
7295	0
7296	0
7297	0
7298	0
7299	0
7300	0
7301	0
7302	0
7303	1
7304	1
7305	0
7306	0
7307	0
7308	0
7309	0
7310	0
7311	0
7312	0
7313	0
7314	0
7315	0
7316	0
7317	0
7318	0
7319	1
7320	0
7321	2
7322	0
7323	0
7324	1
7325	0
7326	0
7327	1
7328	0
7329	0
7330	0
7331	0
7332	0
7333	0
7334	0
7335	0
7336	0
7337	0
7338	0
7339	0
7340	1
7341	0
7342	0
7343	0
7344	0
7345	1
7346	0
7347	0
7348	0
7349	0
7350	0
7351	0
7352	0
7353	0
7354	0
7355	0
7356	0
7357	0
7358	0
7359	0
7360	1
7361	0
7362	0
7363	0
7364	1
7365	0
7366	0
7367	0
7368	0
7369	0
7370	0
7371	0
7372	1
7373	0
7374	0
7375	0
7376	1
7377	0
7378	0
7379	0
7380	0
7381	0
7382	0
7383	0
7384	0
7385	1
7386	1
7387	0
7388	0
7389	1
7390	1
7391	0
7392	0
7393	0
7394	0
7395	1
7396	0
7397	0
7398	0
7399	0
7400	0
7401	0
7402	0
7403	0
7404	0
7405	0
7406	0
7407	0
7408	0
7409	0
7410	1
7411	1
7412	0
7413	0
7414	1
7415	1
7416	0
7417	0
7418	0
7419	0
7420	0
7421	0
7422	2
7423	0
7424	1
7425	0
7426	0
7427	0
7428	0
7429	0
7430	0
7431	0
7432	0
7433	0
7434	1
7435	0
7436	0
7437	0
7438	0
7439	0
7440	0
7441	0
7442	0
7443	0
7444	1
7445	0
7446	1
7447	0
7448	0
7449	0
7450	0
7451	0
7452	0
7453	0
7454	0
7455	0
7456	0
7457	1
7458	0
7459	0
7460	0
7461	0
7462	0
7463	0
7464	1
7465	0
7466	0
7467	1
7468	0
7469	0
7470	0
7471	0
7472	0
7473	1
7474	0
7475	1
7476	0
7477	0
7478	0
7479	0
7480	0
7481	0
7482	0
7483	0
7484	0
7485	0
7486	0
7487	0
7488	0
7489	0
7490	1
7491	1
7492	0
7493	0
7494	0
7495	0
7496	0
7497	0
7498	0
7499	0
7500	1
7501	0
7502	0
7503	0
7504	0
7505	0
7506	0
7507	0
7508	0
7509	0
7510	0
7511	0
7512	1
7513	0
7514	1
7515	0
7516	0
7517	0
7518	0
7519	1
7520	0
7521	0
7522	1
7523	0
7524	0
7525	0
7526	0
7527	0
7528	0
7529	0
7530	0
7531	0
7532	0
7533	0
7534	0
7535	0
7536	1
7537	0
7538	0
7539	0
7540	0
7541	0
7542	0
7543	0
7544	0
7545	0
7546	0
7547	1
7548	0
7549	0
7550	0
7551	0
7552	0
7553	0
7554	0
7555	1
7556	0
7557	0
7558	1
7559	1
7560	1
7561	0
7562	0
7563	0
7564	0
7565	0
7566	0
7567	0
7568	0
7569	0
7570	0
7571	0
7572	0
7573	0
7574	0
7575	1
7576	0
7577	1
7578	2
7579	0
7580	0
7581	0
7582	0
7583	0
7584	0
7585	0
7586	1
7587	0
7588	0
7589	0
7590	0
7591	0
7592	0
7593	0
7594	0
7595	0
7596	0
7597	0
7598	0
7599	0
7600	0
7601	0
7602	0
7603	0
7604	0
7605	0
7606	0
7607	0
7608	0
7609	0
7610	0
7611	0
7612	0
7613	1
7614	0
7615	1
7616	0
7617	0
7618	0
7619	0
7620	0
7621	0
7622	1
7623	0
7624	0
7625	0
7626	0
7627	0
7628	1
7629	0
7630	0
7631	0
7632	0
7633	0
7634	0
7635	1
7636	0
7637	0
7638	0
7639	0
7640	0
7641	1
7642	0
7643	0
7644	0
7645	0
7646	0
7647	0
7648	0
7649	0
7650	1
7651	0
7652	0
7653	0
7654	0
7655	0
7656	0
7657	1
7658	0
7659	2
7660	0
7661	0
7662	0
7663	0
7664	0
7665	0
7666	0
7667	0
7668	0
7669	0
7670	0
7671	0
7672	0
7673	0
7674	0
7675	1
7676	0
7677	0
7678	0
7679	0
7680	0
7681	1
7682	0
7683	1
7684	1
7685	1
7686	0
7687	0
7688	0
7689	0
7690	0
7691	1
7692	0
7693	0
7694	0
7695	0
7696	0
7697	0
7698	0
7699	0
7700	0
7701	0
7702	0
7703	0
7704	1
7705	0
7706	1
7707	0
7708	0
7709	0
7710	1
7711	0
7712	0
7713	1
7714	0
7715	0
7716	1
7717	0
7718	0
7719	0
7720	0
7721	0
7722	1
7723	0
7724	0
7725	0
7726	1
7727	0
7728	0
7729	0
7730	0
7731	0
7732	1
7733	0
7734	0
7735	0
7736	0
7737	0
7738	0
7739	0
7740	0
7741	0
7742	0
7743	0
7744	0
7745	0
7746	0
7747	0
7748	0
7749	0
7750	1
7751	0
7752	0
7753	0
7754	0
7755	0
7756	0
7757	0
7758	0
7759	1
7760	0
7761	0
7762	0
7763	1
7764	0
7765	1
7766	0
7767	0
7768	1
7769	0
7770	0
7771	0
7772	0
7773	0
7774	0
7775	0
7776	0
7777	0
7778	0
7779	0
7780	0
7781	0
7782	0
7783	1
7784	0
7785	0
7786	0
7787	0
7788	0
7789	0
7790	0
7791	0
7792	0
7793	0
7794	0
7795	0
7796	0
7797	0
7798	1
7799	0
7800	0
7801	0
7802	0
7803	0
7804	0
7805	0
7806	0
7807	2
7808	0
7809	0
7810	0
7811	2
7812	0
7813	1
7814	1
7815	0
7816	0
7817	1
7818	0
7819	0
7820	0
7821	0
7822	0
7823	2
7824	1
7825	0
7826	0
7827	0
7828	1
7829	0
7830	1
7831	0
7832	1
7833	0
7834	0
7835	0
7836	0
7837	0
7838	0
7839	0
7840	0
7841	0
7842	2
7843	0
7844	0
7845	1
7846	0
7847	0
7848	0
7849	0
7850	0
7851	0
7852	0
7853	1
7854	0
7855	1
7856	1
7857	0
7858	0
7859	0
7860	0
7861	0
7862	0
7863	1
7864	0
7865	0
7866	0
7867	0
7868	0
7869	0
7870	0
7871	0
7872	0
7873	0
7874	1
7875	0
7876	0
7877	0
7878	0
7879	1
7880	0
7881	1
7882	0
7883	0
7884	0
7885	0
7886	0
7887	2
7888	1
7889	0
7890	0
7891	0
7892	0
7893	0
7894	1
7895	2
7896	0
7897	1
7898	0
7899	0
7900	0
7901	0
7902	1
7903	0
7904	1
7905	0
7906	2
7907	0
7908	0
7909	0
7910	0
7911	0
7912	0
7913	0
7914	0
7915	0
7916	0
7917	1
7918	1
7919	0
7920	0
7921	0
7922	0
7923	1
7924	2
7925	0
7926	0
7927	0
7928	2
7929	0
7930	0
7931	0
7932	1
7933	2
7934	0
7935	0
7936	0
7937	1
7938	1
7939	0
7940	1
7941	0
7942	0
7943	0
7944	0
7945	2
7946	0
7947	1
7948	1
7949	0
7950	0
7951	1
7952	2
7953	0
7954	1
7955	0
7956	0
7957	1
7958	0
7959	1
7960	0
7961	1
7962	1
7963	0
7964	0
7965	0
7966	1
7967	0
7968	0
7969	1
7970	1
7971	0
7972	2
7973	1
7974	2
7975	1
7976	1
7977	1
7978	0
7979	0
7980	0
7981	0
7982	1
7983	2
7984	0
7985	0
7986	0
7987	2
7988	0
7989	0
7990	0
7991	0
7992	1
7993	0
7994	0
7995	0
7996	2
7997	0
7998	0
7999	1
8000	0
8001	1
8002	2
8003	0
8004	1
8005	1
8006	2
8007	0
8008	0
8009	1
8010	1
8011	1
8012	0
8013	1
8014	0
8015	0
8016	0
8017	0
8018	0
8019	0
8020	0
8021	0
8022	0
8023	0
8024	0
8025	0
8026	0
8027	0
8028	0
8029	0
8030	0
8031	0
8032	0
8033	0
8034	0
8035	0
8036	0
8037	0
8038	0
8039	0
8040	0
8041	0
8042	0
8043	0
8044	0
8045	0
8046	0
8047	0
8048	0
8049	0
8050	0
8051	0
8052	0
8053	0
8054	0
8055	0
8056	0
8057	0
8058	0
8059	0
8060	0
8061	0
8062	0
8063	0
8064	0
8065	0
8066	0
8067	0
8068	0
8069	0
8070	0
8071	0
8072	0
8073	0
8074	0
8075	0
8076	0
8077	0
8078	0
8079	0
8080	0
8081	0
8082	0
8083	0
8084	0
8085	0
8086	0
8087	0
8088	0
8089	0
8090	0
8091	0
8092	0
8093	0
8094	0
8095	0
8096	0
8097	0
8098	0
8099	0
8100	0
8101	0
8102	0
8103	0
8104	0
8105	0
8106	0
8107	0
8108	0
8109	0
8110	0
8111	0
8112	0
8113	0
8114	0
8115	0
8116	0
8117	0
8118	0
8119	0
8120	0
8121	0
8122	0
8123	0
8124	0
8125	0
8126	0
8127	0
8128	0
8129	0
8130	0
8131	0
8132	0
8133	0
8134	0
8135	0
8136	0
8137	0
8138	0
8139	0
8140	0
8141	0
8142	0
8143	0
8144	0
8145	0
8146	0
8147	0
8148	0
8149	0
8150	0
8151	0
8152	0
8153	0
8154	0
8155	0
8156	0
8157	0
8158	0
8159	0
8160	0
8161	0
8162	0
8163	0
8164	0
8165	0
8166	0
8167	0
8168	0
8169	0
8170	0
8171	0
8172	0
8173	0
8174	0
8175	0
8176	0
8177	0
8178	0
8179	0
8180	0
8181	0
8182	0
8183	0
8184	0
8185	0
8186	0
8187	0
8188	0
8189	0
8190	0
8191	0
