0	0
1	0
2	0
3	0
4	0
5	0
6	0
7	0
8	0
9	0
10	0
11	0
12	0
13	0
14	0
15	0
16	0
17	0
18	0
19	0
20	0
21	0
22	0
23	1
24	0
25	1
26	0
27	0
28	0
29	0
30	0
31	0
32	0
33	0
34	1
35	0
36	1
37	1
38	1
39	0
40	4
41	1
42	0
43	7
44	52
45	150
46	209
47	243
48	246
49	229
50	229
51	197
52	178
53	128
54	132
55	136
56	143
57	156
58	126
59	123
60	151
61	140
62	116
63	128
64	126
65	125
66	115
67	120
68	132
69	115
70	127
71	106
72	125
73	132
74	123
75	126
76	126
77	142
78	140
79	122
80	132
81	137
82	126
83	97
84	115
85	118
86	124
87	141
88	110
89	113
90	107
91	103
92	127
93	109
94	132
95	120
96	101
97	100
98	109
99	100
100	110
101	109
102	115
103	123
104	115
105	136
106	112
107	124
108	103
109	109
110	124
111	116
112	129
113	113
114	106
115	101
116	114
117	142
118	112
119	130
120	111
121	110
122	126
123	109
124	116
125	110
126	122
127	118
128	110
129	144
130	121
131	124
132	103
133	132
134	115
135	114
136	125
137	135
138	121
139	123
140	136
141	128
142	130
143	108
144	131
145	137
146	135
147	122
148	128
149	118
150	136
151	130
152	146
153	159
154	131
155	146
156	129
157	145
158	141
159	135
160	150
161	131
162	143
163	141
164	150
165	131
166	163
167	142
168	128
169	153
170	133
171	136
172	135
173	150
174	150
175	163
176	156
177	144
178	139
179	138
180	135
181	147
182	148
183	148
184	160
185	162
186	154
187	139
188	165
189	173
190	159
191	156
192	147
193	181
194	157
195	172
196	176
197	163
198	158
199	178
200	184
201	175
202	147
203	184
204	161
205	191
206	164
207	154
208	163
209	156
210	172
211	187
212	155
213	181
214	190
215	184
216	224
217	181
218	186
219	176
220	180
221	174
222	167
223	204
224	210
225	207
226	194
227	181
228	193
229	184
230	196
231	210
232	219
233	212
234	217
235	197
236	253
237	215
238	227
239	216
240	241
241	235
242	211
243	245
244	203
245	243
246	247
247	244
248	228
249	235
250	241
251	254
252	255
253	239
254	263
255	225
256	266
257	275
258	250
259	221
260	231
261	265
262	256
263	211
264	219
265	248
266	226
267	230
268	223
269	227
270	218
271	208
272	228
273	235
274	214
275	234
276	211
277	220
278	232
279	228
280	218
281	243
282	239
283	219
284	241
285	227
286	200
287	249
288	234
289	223
290	244
291	230
292	252
293	231
294	230
295	230
296	214
297	221
298	213
299	234
300	222
301	192
302	219
303	212
304	227
305	246
306	225
307	223
308	215
309	214
310	188
311	213
312	233
313	188
314	234
315	221
316	189
317	218
318	205
319	207
320	211
321	216
322	219
323	197
324	214
325	209
326	220
327	203
328	210
329	192
330	174
331	182
332	211
333	202
334	198
335	222
336	207
337	198
338	209
339	196
340	214
341	211
342	226
343	216
344	212
345	219
346	206
347	184
348	206
349	213
350	209
351	204
352	205
353	222
354	211
355	209
356	227
357	210
358	187
359	185
360	213
361	215
362	218
363	220
364	189
365	203
366	217
367	220
368	197
369	197
370	175
371	218
372	208
373	234
374	216
375	206
376	181
377	222
378	199
379	205
380	194
381	218
382	212
383	183
384	188
385	175
386	202
387	204
388	173
389	210
390	211
391	208
392	196
393	210
394	193
395	194
396	178
397	213
398	196
399	199
400	222
401	209
402	217
403	214
404	197
405	217
406	204
407	186
408	216
409	196
410	221
411	183
412	192
413	215
414	223
415	231
416	215
417	217
418	210
419	208
420	190
421	200
422	188
423	190
424	235
425	198
426	199
427	193
428	199
429	178
430	214
431	205
432	209
433	181
434	191
435	210
436	188
437	207
438	188
439	196
440	194
441	194
442	200
443	198
444	191
445	205
446	184
447	204
448	179
449	213
450	203
451	176
452	201
453	202
454	169
455	219
456	189
457	189
458	181
459	199
460	201
461	176
462	203
463	192
464	202
465	177
466	208
467	195
468	183
469	192
470	210
471	182
472	174
473	211
474	180
475	207
476	210
477	184
478	209
479	198
480	190
481	216
482	216
483	196
484	170
485	189
486	203
487	185
488	180
489	193
490	169
491	178
492	178
493	209
494	192
495	198
496	202
497	189
498	200
499	204
500	195
501	213
502	188
503	214
504	207
505	192
506	172
507	170
508	173
509	192
510	178
511	198
512	178
513	174
514	183
515	181
516	170
517	202
518	201
519	183
520	197
521	179
522	169
523	196
524	182
525	189
526	202
527	176
528	211
529	209
530	197
531	163
532	194
533	219
534	194
535	187
536	213
537	191
538	185
539	227
540	196
541	179
542	200
543	190
544	203
545	187
546	195
547	195
548	213
549	195
550	188
551	189
552	188
553	218
554	187
555	225
556	226
557	204
558	176
559	221
560	218
561	206
562	234
563	212
564	204
565	187
566	214
567	213
568	191
569	187
570	187
571	207
572	212
573	223
574	217
575	184
576	200
577	241
578	209
579	207
580	211
581	210
582	214
583	233
584	206
585	214
586	238
587	179
588	232
589	229
590	215
591	218
592	179
593	190
594	196
595	201
596	188
597	199
598	206
599	207
600	194
601	193
602	179
603	224
604	248
605	215
606	192
607	182
608	207
609	177
610	229
611	199
612	192
613	208
614	204
615	211
616	206
617	190
618	217
619	206
620	193
621	154
622	191
623	190
624	182
625	187
626	199
627	167
628	219
629	181
630	184
631	218
632	205
633	192
634	203
635	201
636	197
637	198
638	196
639	213
640	207
641	167
642	185
643	180
644	183
645	198
646	187
647	188
648	186
649	156
650	166
651	202
652	192
653	217
654	192
655	175
656	175
657	198
658	187
659	204
660	213
661	201
662	182
663	169
664	185
665	193
666	167
667	197
668	176
669	200
670	190
671	174
672	193
673	170
674	162
675	193
676	181
677	190
678	170
679	203
680	187
681	171
682	149
683	170
684	186
685	163
686	196
687	150
688	182
689	177
690	179
691	173
692	189
693	171
694	185
695	191
696	177
697	183
698	156
699	170
700	167
701	184
702	195
703	181
704	160
705	196
706	170
707	199
708	168
709	146
710	188
711	177
712	181
713	197
714	167
715	173
716	187
717	186
718	174
719	162
720	184
721	164
722	184
723	173
724	171
725	180
726	180
727	167
728	172
729	168
730	181
731	172
732	167
733	153
734	199
735	174
736	168
737	180
738	158
739	158
740	173
741	161
742	165
743	166
744	173
745	158
746	154
747	156
748	164
749	191
750	158
751	167
752	197
753	175
754	168
755	165
756	163
757	151
758	165
759	180
760	136
761	177
762	174
763	182
764	166
765	144
766	169
767	182
768	172
769	138
770	162
771	147
772	162
773	153
774	170
775	154
776	168
777	157
778	165
779	141
780	160
781	166
782	147
783	167
784	168
785	162
786	149
787	137
788	152
789	164
790	160
791	164
792	149
793	157
794	157
795	124
796	145
797	160
798	161
799	181
800	158
801	145
802	183
803	148
804	152
805	163
806	155
807	174
808	170
809	156
810	156
811	153
812	150
813	155
814	153
815	158
816	152
817	153
818	170
819	163
820	169
821	157
822	144
823	146
824	134
825	158
826	152
827	173
828	135
829	152
830	146
831	137
832	165
833	171
834	147
835	152
836	152
837	144
838	171
839	167
840	143
841	169
842	148
843	149
844	178
845	158
846	152
847	132
848	153
849	137
850	122
851	167
852	137
853	172
854	149
855	147
856	155
857	176
858	166
859	145
860	150
861	153
862	138
863	144
864	142
865	136
866	174
867	133
868	142
869	139
870	141
871	169
872	148
873	157
874	144
875	144
876	138
877	143
878	146
879	150
880	135
881	147
882	159
883	158
884	147
885	160
886	131
887	157
888	141
889	147
890	122
891	138
892	142
893	137
894	152
895	181
896	157
897	168
898	147
899	151
900	162
901	137
902	174
903	147
904	172
905	156
906	157
907	161
908	140
909	139
910	123
911	140
912	151
913	140
914	129
915	162
916	142
917	141
918	129
919	143
920	165
921	116
922	133
923	157
924	129
925	150
926	144
927	148
928	143
929	143
930	139
931	124
932	138
933	163
934	158
935	129
936	161
937	140
938	153
939	134
940	151
941	169
942	157
943	142
944	146
945	143
946	148
947	148
948	121
949	151
950	139
951	167
952	142
953	143
954	154
955	175
956	153
957	146
958	130
959	166
960	137
961	163
962	159
963	146
964	148
965	158
966	167
967	172
968	160
969	137
970	155
971	137
972	147
973	160
974	143
975	133
976	150
977	164
978	158
979	156
980	154
981	147
982	138
983	165
984	155
985	123
986	180
987	159
988	142
989	134
990	145
991	157
992	140
993	139
994	150
995	154
996	141
997	155
998	159
999	137
1000	111
1001	150
1002	155
1003	153
1004	168
1005	146
1006	137
1007	124
1008	147
1009	145
1010	135
1011	133
1012	154
1013	145
1014	118
1015	132
1016	142
1017	147
1018	133
1019	158
1020	139
1021	145
1022	144
1023	139
1024	127
1025	156
1026	108
1027	152
1028	157
1029	123
1030	152
1031	115
1032	141
1033	145
1034	141
1035	135
1036	132
1037	147
1038	120
1039	148
1040	137
1041	137
1042	150
1043	119
1044	113
1045	129
1046	113
1047	139
1048	130
1049	122
1050	124
1051	115
1052	125
1053	128
1054	119
1055	136
1056	125
1057	140
1058	133
1059	113
1060	125
1061	112
1062	139
1063	118
1064	125
1065	113
1066	133
1067	123
1068	138
1069	126
1070	122
1071	116
1072	134
1073	118
1074	92
1075	88
1076	107
1077	95
1078	109
1079	110
1080	112
1081	92
1082	108
1083	115
1084	112
1085	112
1086	114
1087	105
1088	99
1089	96
1090	106
1091	100
1092	87
1093	106
1094	97
1095	99
1096	101
1097	108
1098	100
1099	89
1100	117
1101	84
1102	101
1103	94
1104	96
1105	96
1106	119
1107	87
1108	88
1109	95
1110	108
1111	84
1112	93
1113	87
1114	84
1115	87
1116	102
1117	86
1118	83
1119	88
1120	94
1121	95
1122	85
1123	121
1124	110
1125	70
1126	91
1127	86
1128	93
1129	113
1130	102
1131	94
1132	82
1133	81
1134	99
1135	74
1136	83
1137	78
1138	89
1139	86
1140	100
1141	94
1142	73
1143	77
1144	79
1145	78
1146	97
1147	85
1148	79
1149	88
1150	78
1151	97
1152	57
1153	88
1154	62
1155	81
1156	73
1157	75
1158	94
1159	76
1160	86
1161	64
1162	68
1163	72
1164	85
1165	96
1166	81
1167	88
1168	94
1169	85
1170	92
1171	81
1172	88
1173	67
1174	81
1175	78
1176	91
1177	93
1178	71
1179	86
1180	77
1181	68
1182	72
1183	79
1184	101
1185	73
1186	70
1187	88
1188	96
1189	91
1190	84
1191	71
1192	63
1193	79
1194	85
1195	77
1196	72
1197	72
1198	88
1199	81
1200	85
1201	67
1202	94
1203	82
1204	80
1205	63
1206	97
1207	80
1208	80
1209	75
1210	82
1211	73
1212	84
1213	81
1214	76
1215	84
1216	95
1217	70
1218	62
1219	67
1220	95
1221	90
1222	92
1223	70
1224	77
1225	66
1226	85
1227	73
1228	64
1229	71
1230	68
1231	93
1232	73
1233	84
1234	68
1235	75
1236	69
1237	75
1238	70
1239	64
1240	65
1241	85
1242	83
1243	64
1244	82
1245	62
1246	102
1247	88
1248	72
1249	75
1250	74
1251	65
1252	78
1253	77
1254	64
1255	68
1256	92
1257	58
1258	74
1259	76
1260	79
1261	85
1262	89
1263	72
1264	79
1265	82
1266	63
1267	82
1268	79
1269	80
1270	65
1271	81
1272	66
1273	60
1274	87
1275	70
1276	61
1277	69
1278	92
1279	95
1280	92
1281	83
1282	73
1283	90
1284	69
1285	75
1286	85
1287	95
1288	86
1289	86
1290	84
1291	63
1292	64
1293	83
1294	86
1295	73
1296	59
1297	83
1298	90
1299	68
1300	74
1301	82
1302	85
1303	67
1304	79
1305	60
1306	76
1307	65
1308	72
1309	75
1310	94
1311	77
1312	80
1313	62
1314	71
1315	70
1316	73
1317	85
1318	81
1319	80
1320	81
1321	78
1322	73
1323	74
1324	65
1325	80
1326	84
1327	84
1328	79
1329	79
1330	81
1331	89
1332	77
1333	73
1334	59
1335	84
1336	69
1337	85
1338	94
1339	88
1340	87
1341	60
1342	72
1343	76
1344	81
1345	84
1346	73
1347	85
1348	79
1349	82
1350	97
1351	92
1352	98
1353	86
1354	71
1355	77
1356	96
1357	65
1358	93
1359	59
1360	71
1361	69
1362	77
1363	97
1364	96
1365	91
1366	83
1367	74
1368	93
1369	78
1370	74
1371	98
1372	84
1373	80
1374	99
1375	79
1376	86
1377	73
1378	90
1379	102
1380	81
1381	79
1382	94
1383	68
1384	83
1385	84
1386	91
1387	79
1388	84
1389	86
1390	55
1391	83
1392	104
1393	73
1394	72
1395	96
1396	90
1397	72
1398	81
1399	83
1400	82
1401	70
1402	80
1403	93
1404	95
1405	86
1406	82
1407	86
1408	79
1409	76
1410	84
1411	90
1412	75
1413	92
1414	78
1415	86
1416	91
1417	85
1418	77
1419	78
1420	68
1421	84
1422	90
1423	86
1424	79
1425	84
1426	72
1427	83
1428	82
1429	93
1430	75
1431	78
1432	92
1433	90
1434	87
1435	78
1436	74
1437	88
1438	66
1439	94
1440	85
1441	75
1442	72
1443	100
1444	66
1445	97
1446	86
1447	77
1448	79
1449	87
1450	81
1451	97
1452	89
1453	96
1454	91
1455	97
1456	89
1457	95
1458	77
1459	98
1460	93
1461	78
1462	80
1463	97
1464	83
1465	83
1466	89
1467	82
1468	90
1469	89
1470	79
1471	102
1472	81
1473	93
1474	102
1475	98
1476	75
1477	99
1478	101
1479	99
1480	92
1481	96
1482	103
1483	121
1484	104
1485	119
1486	98
1487	84
1488	99
1489	109
1490	102
1491	119
1492	88
1493	117
1494	107
1495	124
1496	112
1497	134
1498	133
1499	123
1500	129
1501	122
1502	123
1503	138
1504	158
1505	136
1506	151
1507	147
1508	139
1509	152
1510	161
1511	157
1512	178
1513	162
1514	160
1515	171
1516	167
1517	189
1518	184
1519	175
1520	161
1521	211
1522	187
1523	201
1524	224
1525	212
1526	236
1527	197
1528	253
1529	237
1530	234
1531	240
1532	225
1533	263
1534	279
1535	232
1536	270
1537	249
1538	268
1539	278
1540	284
1541	307
1542	350
1543	317
1544	325
1545	336
1546	332
1547	342
1548	346
1549	357
1550	339
1551	373
1552	390
1553	375
1554	396
1555	397
1556	414
1557	398
1558	438
1559	407
1560	479
1561	449
1562	496
1563	496
1564	487
1565	505
1566	505
1567	496
1568	544
1569	522
1570	550
1571	547
1572	550
1573	560
1574	574
1575	586
1576	569
1577	612
1578	610
1579	583
1580	642
1581	678
1582	666
1583	674
1584	692
1585	634
1586	716
1587	653
1588	789
1589	677
1590	750
1591	720
1592	730
1593	739
1594	775
1595	776
1596	810
1597	782
1598	811
1599	824
1600	841
1601	765
1602	854
1603	834
1604	801
1605	861
1606	877
1607	828
1608	852
1609	894
1610	869
1611	892
1612	876
1613	896
1614	812
1615	922
1616	919
1617	927
1618	904
1619	959
1620	970
1621	940
1622	923
1623	1007
1624	962
1625	1003
1626	926
1627	970
1628	1067
1629	1015
1630	991
1631	1040
1632	1001
1633	959
1634	1049
1635	1045
1636	972
1637	1011
1638	1031
1639	1049
1640	1024
1641	1002
1642	1049
1643	995
1644	981
1645	966
1646	1041
1647	954
1648	976
1649	999
1650	909
1651	989
1652	953
1653	941
1654	1007
1655	978
1656	957
1657	949
1658	905
1659	891
1660	896
1661	920
1662	947
1663	874
1664	864
1665	896
1666	907
1667	892
1668	887
1669	844
1670	892
1671	871
1672	791
1673	904
1674	816
1675	823
1676	827
1677	817
1678	799
1679	774
1680	780
1681	784
1682	719
1683	744
1684	663
1685	725
1686	701
1687	727
1688	686
1689	638
1690	673
1691	693
1692	602
1693	608
1694	642
1695	620
1696	573
1697	621
1698	632
1699	563
1700	554
1701	525
1702	548
1703	496
1704	514
1705	481
1706	486
1707	452
1708	481
1709	433
1710	451
1711	457
1712	413
1713	420
1714	413
1715	380
1716	391
1717	395
1718	365
1719	340
1720	340
1721	340
1722	334
1723	325
1724	340
1725	329
1726	305
1727	297
1728	298
1729	275
1730	301
1731	277
1732	239
1733	241
1734	231
1735	225
1736	211
1737	208
1738	203
1739	207
1740	186
1741	189
1742	215
1743	203
1744	189
1745	199
1746	192
1747	168
1748	162
1749	159
1750	168
1751	139
1752	143
1753	135
1754	141
1755	133
1756	132
1757	123
1758	124
1759	129
1760	105
1761	112
1762	107
1763	109
1764	91
1765	89
1766	89
1767	89
1768	90
1769	86
1770	91
1771	73
1772	77
1773	77
1774	64
1775	76
1776	82
1777	66
1778	75
1779	56
1780	79
1781	74
1782	64
1783	75
1784	57
1785	69
1786	55
1787	60
1788	52
1789	55
1790	63
1791	48
1792	53
1793	56
1794	51
1795	44
1796	53
1797	40
1798	55
1799	42
1800	48
1801	48
1802	43
1803	38
1804	48
1805	40
1806	52
1807	37
1808	40
1809	51
1810	49
1811	30
1812	47
1813	42
1814	46
1815	41
1816	38
1817	33
1818	48
1819	44
1820	33
1821	37
1822	29
1823	39
1824	41
1825	47
1826	44
1827	40
1828	36
1829	36
1830	37
1831	37
1832	39
1833	45
1834	37
1835	30
1836	33
1837	29
1838	34
1839	36
1840	40
1841	34
1842	37
1843	20
1844	28
1845	39
1846	36
1847	39
1848	26
1849	31
1850	31
1851	36
1852	39
1853	37
1854	34
1855	25
1856	38
1857	38
1858	37
1859	36
1860	41
1861	33
1862	38
1863	41
1864	39
1865	29
1866	43
1867	31
1868	30
1869	36
1870	31
1871	38
1872	33
1873	41
1874	34
1875	32
1876	33
1877	29
1878	32
1879	36
1880	32
1881	35
1882	30
1883	40
1884	36
1885	44
1886	22
1887	30
1888	35
1889	42
1890	40
1891	45
1892	42
1893	22
1894	34
1895	35
1896	40
1897	23
1898	28
1899	40
1900	32
1901	30
1902	35
1903	31
1904	45
1905	34
1906	26
1907	29
1908	35
1909	27
1910	34
1911	22
1912	31
1913	36
1914	41
1915	39
1916	39
1917	33
1918	32
1919	34
1920	31
1921	38
1922	37
1923	36
1924	35
1925	26
1926	34
1927	33
1928	41
1929	43
1930	26
1931	38
1932	34
1933	34
1934	27
1935	34
1936	32
1937	21
1938	38
1939	19
1940	37
1941	41
1942	38
1943	40
1944	27
1945	39
1946	45
1947	31
1948	37
1949	28
1950	36
1951	36
1952	34
1953	26
1954	22
1955	45
1956	30
1957	39
1958	25
1959	28
1960	40
1961	29
1962	23
1963	28
1964	33
1965	27
1966	28
1967	32
1968	24
1969	27
1970	34
1971	33
1972	26
1973	26
1974	30
1975	39
1976	34
1977	28
1978	37
1979	32
1980	35
1981	37
1982	25
1983	46
1984	34
1985	43
1986	37
1987	33
1988	30
1989	23
1990	35
1991	30
1992	24
1993	27
1994	27
1995	35
1996	35
1997	45
1998	35
1999	24
2000	37
2001	34
2002	45
2003	32
2004	20
2005	34
2006	36
2007	26
2008	29
2009	34
2010	32
2011	29
2012	28
2013	27
2014	30
2015	29
2016	29
2017	30
2018	27
2019	35
2020	41
2021	25
2022	26
2023	32
2024	35
2025	39
2026	37
2027	37
2028	44
2029	28
2030	36
2031	30
2032	24
2033	33
2034	40
2035	44
2036	40
2037	18
2038	33
2039	28
2040	26
2041	33
2042	32
2043	35
2044	29
2045	36
2046	27
2047	30
2048	37
2049	32
2050	50
2051	31
2052	31
2053	34
2054	40
2055	31
2056	37
2057	32
2058	27
2059	43
2060	37
2061	29
2062	32
2063	29
2064	34
2065	37
2066	27
2067	33
2068	16
2069	41
2070	41
2071	31
2072	38
2073	30
2074	33
2075	39
2076	21
2077	41
2078	27
2079	48
2080	39
2081	39
2082	31
2083	26
2084	28
2085	36
2086	37
2087	39
2088	29
2089	33
2090	28
2091	39
2092	39
2093	40
2094	37
2095	43
2096	31
2097	34
2098	38
2099	29
2100	38
2101	33
2102	41
2103	37
2104	28
2105	31
2106	34
2107	37
2108	35
2109	38
2110	35
2111	34
2112	36
2113	26
2114	33
2115	35
2116	23
2117	36
2118	39
2119	33
2120	29
2121	40
2122	27
2123	39
2124	38
2125	36
2126	34
2127	37
2128	32
2129	18
2130	19
2131	32
2132	33
2133	36
2134	26
2135	31
2136	27
2137	26
2138	32
2139	24
2140	31
2141	38
2142	33
2143	37
2144	34
2145	36
2146	25
2147	30
2148	28
2149	34
2150	35
2151	31
2152	39
2153	34
2154	36
2155	32
2156	31
2157	39
2158	31
2159	34
2160	32
2161	32
2162	43
2163	40
2164	31
2165	36
2166	31
2167	33
2168	31
2169	29
2170	39
2171	31
2172	19
2173	25
2174	37
2175	31
2176	34
2177	38
2178	38
2179	43
2180	27
2181	51
2182	32
2183	31
2184	26
2185	31
2186	33
2187	36
2188	35
2189	36
2190	36
2191	41
2192	37
2193	28
2194	27
2195	26
2196	33
2197	32
2198	49
2199	30
2200	29
2201	35
2202	32
2203	39
2204	37
2205	26
2206	40
2207	28
2208	37
2209	47
2210	29
2211	26
2212	33
2213	40
2214	28
2215	23
2216	37
2217	27
2218	43
2219	31
2220	34
2221	36
2222	22
2223	35
2224	35
2225	37
2226	34
2227	26
2228	30
2229	41
2230	39
2231	31
2232	28
2233	33
2234	26
2235	29
2236	31
2237	21
2238	21
2239	17
2240	33
2241	43
2242	27
2243	37
2244	25
2245	31
2246	42
2247	29
2248	30
2249	43
2250	28
2251	30
2252	30
2253	32
2254	28
2255	39
2256	33
2257	29
2258	39
2259	25
2260	33
2261	36
2262	35
2263	31
2264	43
2265	33
2266	32
2267	33
2268	20
2269	31
2270	33
2271	37
2272	28
2273	28
2274	39
2275	36
2276	31
2277	30
2278	27
2279	37
2280	27
2281	27
2282	25
2283	40
2284	31
2285	30
2286	26
2287	50
2288	25
2289	29
2290	25
2291	34
2292	34
2293	30
2294	42
2295	39
2296	38
2297	24
2298	20
2299	31
2300	27
2301	32
2302	29
2303	30
2304	32
2305	32
2306	28
2307	32
2308	38
2309	32
2310	32
2311	32
2312	34
2313	25
2314	21
2315	43
2316	37
2317	28
2318	21
2319	38
2320	35
2321	33
2322	37
2323	33
2324	38
2325	35
2326	27
2327	37
2328	28
2329	30
2330	22
2331	30
2332	30
2333	31
2334	29
2335	26
2336	46
2337	32
2338	30
2339	26
2340	30
2341	27
2342	28
2343	33
2344	22
2345	22
2346	34
2347	34
2348	38
2349	31
2350	25
2351	42
2352	27
2353	22
2354	24
2355	31
2356	29
2357	35
2358	29
2359	24
2360	29
2361	32
2362	23
2363	35
2364	24
2365	46
2366	27
2367	33
2368	36
2369	36
2370	25
2371	34
2372	40
2373	29
2374	24
2375	37
2376	30
2377	33
2378	26
2379	36
2380	39
2381	28
2382	33
2383	24
2384	29
2385	45
2386	36
2387	29
2388	39
2389	35
2390	35
2391	37
2392	32
2393	22
2394	35
2395	35
2396	30
2397	44
2398	36
2399	24
2400	22
2401	33
2402	28
2403	39
2404	34
2405	16
2406	27
2407	30
2408	33
2409	37
2410	31
2411	28
2412	38
2413	42
2414	36
2415	35
2416	38
2417	22
2418	33
2419	25
2420	29
2421	29
2422	30
2423	20
2424	39
2425	36
2426	30
2427	29
2428	32
2429	30
2430	33
2431	27
2432	33
2433	42
2434	31
2435	44
2436	36
2437	46
2438	33
2439	35
2440	39
2441	29
2442	25
2443	30
2444	26
2445	24
2446	39
2447	41
2448	34
2449	30
2450	30
2451	22
2452	31
2453	40
2454	31
2455	36
2456	21
2457	31
2458	35
2459	32
2460	33
2461	37
2462	31
2463	34
2464	21
2465	26
2466	35
2467	42
2468	22
2469	33
2470	26
2471	22
2472	41
2473	26
2474	42
2475	40
2476	35
2477	43
2478	22
2479	35
2480	36
2481	38
2482	24
2483	36
2484	34
2485	28
2486	32
2487	34
2488	35
2489	30
2490	32
2491	26
2492	32
2493	23
2494	33
2495	23
2496	28
2497	32
2498	46
2499	29
2500	27
2501	30
2502	24
2503	28
2504	32
2505	31
2506	31
2507	41
2508	38
2509	35
2510	30
2511	26
2512	28
2513	30
2514	36
2515	43
2516	34
2517	28
2518	34
2519	30
2520	42
2521	32
2522	19
2523	30
2524	30
2525	26
2526	34
2527	31
2528	39
2529	28
2530	31
2531	24
2532	33
2533	27
2534	30
2535	29
2536	28
2537	33
2538	28
2539	24
2540	29
2541	40
2542	37
2543	32
2544	27
2545	31
2546	34
2547	43
2548	32
2549	26
2550	20
2551	35
2552	38
2553	34
2554	43
2555	37
2556	33
2557	27
2558	27
2559	48
2560	27
2561	39
2562	31
2563	27
2564	28
2565	32
2566	31
2567	39
2568	34
2569	25
2570	30
2571	27
2572	34
2573	24
2574	23
2575	30
2576	33
2577	29
2578	34
2579	33
2580	34
2581	26
2582	41
2583	33
2584	25
2585	21
2586	34
2587	23
2588	32
2589	35
2590	28
2591	29
2592	26
2593	28
2594	35
2595	31
2596	33
2597	33
2598	36
2599	33
2600	41
2601	32
2602	26
2603	32
2604	26
2605	34
2606	27
2607	23
2608	24
2609	29
2610	31
2611	35
2612	30
2613	31
2614	31
2615	30
2616	32
2617	28
2618	31
2619	34
2620	25
2621	46
2622	36
2623	35
2624	37
2625	33
2626	35
2627	36
2628	44
2629	38
2630	30
2631	30
2632	36
2633	25
2634	32
2635	37
2636	32
2637	31
2638	31
2639	36
2640	32
2641	28
2642	23
2643	29
2644	23
2645	37
2646	30
2647	33
2648	25
2649	34
2650	27
2651	33
2652	26
2653	37
2654	30
2655	30
2656	32
2657	30
2658	22
2659	36
2660	27
2661	40
2662	27
2663	39
2664	31
2665	31
2666	29
2667	38
2668	19
2669	31
2670	27
2671	31
2672	28
2673	40
2674	31
2675	34
2676	34
2677	30
2678	29
2679	32
2680	36
2681	31
2682	36
2683	32
2684	27
2685	28
2686	24
2687	30
2688	32
2689	37
2690	36
2691	28
2692	26
2693	33
2694	33
2695	31
2696	23
2697	25
2698	27
2699	32
2700	18
2701	26
2702	39
2703	26
2704	37
2705	27
2706	25
2707	17
2708	27
2709	34
2710	38
2711	24
2712	30
2713	26
2714	30
2715	47
2716	36
2717	33
2718	32
2719	36
2720	20
2721	30
2722	29
2723	43
2724	30
2725	29
2726	31
2727	30
2728	35
2729	26
2730	32
2731	29
2732	49
2733	22
2734	35
2735	27
2736	28
2737	35
2738	28
2739	38
2740	30
2741	30
2742	26
2743	41
2744	30
2745	40
2746	32
2747	36
2748	36
2749	22
2750	26
2751	33
2752	38
2753	32
2754	35
2755	34
2756	31
2757	27
2758	36
2759	34
2760	25
2761	30
2762	36
2763	35
2764	36
2765	39
2766	26
2767	33
2768	24
2769	26
2770	24
2771	29
2772	39
2773	35
2774	38
2775	29
2776	27
2777	26
2778	34
2779	23
2780	26
2781	25
2782	29
2783	22
2784	29
2785	37
2786	30
2787	29
2788	28
2789	33
2790	35
2791	29
2792	30
2793	24
2794	28
2795	39
2796	28
2797	30
2798	30
2799	38
2800	36
2801	37
2802	33
2803	35
2804	32
2805	35
2806	35
2807	37
2808	26
2809	32
2810	33
2811	27
2812	31
2813	25
2814	39
2815	28
2816	32
2817	28
2818	27
2819	30
2820	25
2821	36
2822	38
2823	26
2824	32
2825	35
2826	34
2827	35
2828	33
2829	40
2830	29
2831	43
2832	36
2833	35
2834	29
2835	37
2836	30
2837	28
2838	34
2839	34
2840	38
2841	35
2842	39
2843	32
2844	28
2845	34
2846	27
2847	36
2848	33
2849	31
2850	34
2851	32
2852	28
2853	35
2854	36
2855	36
2856	36
2857	31
2858	31
2859	34
2860	31
2861	30
2862	30
2863	24
2864	25
2865	28
2866	48
2867	41
2868	49
2869	33
2870	31
2871	37
2872	36
2873	34
2874	35
2875	29
2876	38
2877	27
2878	33
2879	26
2880	33
2881	28
2882	29
2883	23
2884	28
2885	38
2886	27
2887	30
2888	32
2889	45
2890	30
2891	34
2892	27
2893	35
2894	31
2895	37
2896	39
2897	38
2898	40
2899	36
2900	24
2901	32
2902	32
2903	36
2904	35
2905	30
2906	35
2907	31
2908	36
2909	25
2910	34
2911	43
2912	34
2913	39
2914	35
2915	33
2916	38
2917	29
2918	32
2919	24
2920	34
2921	31
2922	45
2923	29
2924	36
2925	49
2926	37
2927	29
2928	33
2929	33
2930	40
2931	38
2932	31
2933	31
2934	32
2935	27
2936	27
2937	35
2938	25
2939	37
2940	36
2941	42
2942	31
2943	46
2944	36
2945	44
2946	35
2947	36
2948	28
2949	29
2950	44
2951	32
2952	35
2953	29
2954	39
2955	38
2956	19
2957	35
2958	31
2959	21
2960	45
2961	25
2962	34
2963	27
2964	39
2965	36
2966	35
2967	35
2968	39
2969	31
2970	36
2971	31
2972	42
2973	26
2974	29
2975	35
2976	44
2977	38
2978	45
2979	38
2980	33
2981	27
2982	29
2983	32
2984	34
2985	34
2986	24
2987	45
2988	53
2989	22
2990	42
2991	20
2992	34
2993	25
2994	32
2995	35
2996	37
2997	42
2998	33
2999	38
3000	34
3001	31
3002	32
3003	29
3004	25
3005	31
3006	23
3007	36
3008	36
3009	38
3010	26
3011	31
3012	34
3013	29
3014	31
3015	36
3016	29
3017	30
3018	28
3019	32
3020	32
3021	40
3022	29
3023	34
3024	35
3025	31
3026	39
3027	34
3028	36
3029	36
3030	34
3031	36
3032	24
3033	37
3034	31
3035	34
3036	36
3037	39
3038	44
3039	25
3040	40
3041	34
3042	39
3043	43
3044	35
3045	31
3046	50
3047	24
3048	39
3049	31
3050	45
3051	36
3052	40
3053	31
3054	42
3055	26
3056	41
3057	38
3058	31
3059	31
3060	26
3061	28
3062	43
3063	41
3064	36
3065	52
3066	30
3067	26
3068	36
3069	33
3070	35
3071	37
3072	33
3073	34
3074	34
3075	39
3076	45
3077	35
3078	37
3079	34
3080	38
3081	40
3082	31
3083	28
3084	36
3085	31
3086	39
3087	30
3088	29
3089	46
3090	37
3091	34
3092	32
3093	45
3094	33
3095	24
3096	26
3097	29
3098	42
3099	30
3100	27
3101	27
3102	28
3103	30
3104	39
3105	32
3106	41
3107	41
3108	35
3109	42
3110	39
3111	35
3112	29
3113	25
3114	40
3115	48
3116	42
3117	22
3118	25
3119	25
3120	27
3121	33
3122	34
3123	38
3124	40
3125	33
3126	30
3127	41
3128	32
3129	35
3130	30
3131	34
3132	41
3133	43
3134	25
3135	44
3136	29
3137	35
3138	31
3139	33
3140	30
3141	29
3142	31
3143	34
3144	30
3145	31
3146	36
3147	35
3148	34
3149	24
3150	32
3151	37
3152	26
3153	37
3154	33
3155	35
3156	25
3157	29
3158	23
3159	28
3160	36
3161	34
3162	33
3163	18
3164	36
3165	48
3166	34
3167	35
3168	33
3169	21
3170	28
3171	32
3172	34
3173	27
3174	32
3175	22
3176	37
3177	34
3178	22
3179	23
3180	23
3181	30
3182	31
3183	35
3184	30
3185	22
3186	26
3187	25
3188	21
3189	32
3190	31
3191	21
3192	28
3193	42
3194	30
3195	23
3196	36
3197	38
3198	20
3199	37
3200	31
3201	35
3202	27
3203	26
3204	42
3205	27
3206	25
3207	22
3208	22
3209	32
3210	39
3211	34
3212	32
3213	31
3214	22
3215	32
3216	29
3217	31
3218	21
3219	23
3220	26
3221	31
3222	27
3223	19
3224	14
3225	18
3226	34
3227	30
3228	29
3229	24
3230	22
3231	23
3232	35
3233	28
3234	20
3235	23
3236	16
3237	28
3238	22
3239	19
3240	33
3241	25
3242	24
3243	21
3244	25
3245	26
3246	35
3247	32
3248	28
3249	24
3250	25
3251	23
3252	23
3253	27
3254	20
3255	13
3256	25
3257	21
3258	29
3259	24
3260	20
3261	36
3262	19
3263	31
3264	19
3265	31
3266	25
3267	15
3268	31
3269	23
3270	28
3271	22
3272	29
3273	15
3274	20
3275	22
3276	19
3277	28
3278	18
3279	23
3280	18
3281	22
3282	19
3283	20
3284	16
3285	21
3286	24
3287	19
3288	23
3289	24
3290	17
3291	13
3292	27
3293	14
3294	17
3295	20
3296	19
3297	25
3298	23
3299	26
3300	22
3301	25
3302	35
3303	27
3304	16
3305	19
3306	16
3307	23
3308	18
3309	22
3310	16
3311	15
3312	13
3313	18
3314	21
3315	10
3316	20
3317	13
3318	19
3319	15
3320	19
3321	20
3322	16
3323	16
3324	10
3325	19
3326	10
3327	11
3328	12
3329	16
3330	14
3331	13
3332	16
3333	20
3334	12
3335	13
3336	25
3337	14
3338	9
3339	16
3340	17
3341	16
3342	16
3343	22
3344	24
3345	13
3346	19
3347	24
3348	12
3349	13
3350	16
3351	14
3352	15
3353	14
3354	21
3355	20
3356	19
3357	20
3358	12
3359	13
3360	19
3361	12
3362	13
3363	17
3364	11
3365	13
3366	12
3367	15
3368	7
3369	15
3370	16
3371	11
3372	11
3373	8
3374	13
3375	15
3376	7
3377	14
3378	13
3379	15
3380	15
3381	19
3382	9
3383	16
3384	7
3385	13
3386	12
3387	14
3388	14
3389	13
3390	11
3391	13
3392	11
3393	11
3394	9
3395	9
3396	13
3397	5
3398	4
3399	12
3400	13
3401	9
3402	12
3403	13
3404	16
3405	7
3406	9
3407	10
3408	18
3409	9
3410	16
3411	11
3412	16
3413	14
3414	16
3415	10
3416	14
3417	8
3418	13
3419	12
3420	10
3421	8
3422	17
3423	9
3424	14
3425	7
3426	13
3427	8
3428	13
3429	8
3430	15
3431	5
3432	12
3433	15
3434	16
3435	11
3436	20
3437	10
3438	12
3439	5
3440	5
3441	17
3442	13
3443	9
3444	8
3445	14
3446	16
3447	3
3448	9
3449	5
3450	7
3451	9
3452	6
3453	6
3454	7
3455	9
3456	8
3457	14
3458	8
3459	11
3460	15
3461	11
3462	10
3463	11
3464	11
3465	9
3466	11
3467	12
3468	9
3469	6
3470	7
3471	7
3472	9
3473	9
3474	8
3475	12
3476	6
3477	13
3478	10
3479	11
3480	10
3481	10
3482	9
3483	9
3484	11
3485	10
3486	7
3487	8
3488	5
3489	12
3490	7
3491	13
3492	7
3493	8
3494	9
3495	6
3496	12
3497	11
3498	9
3499	6
3500	10
3501	1
3502	6
3503	14
3504	7
3505	6
3506	6
3507	5
3508	4
3509	4
3510	7
3511	2
3512	11
3513	9
3514	11
3515	8
3516	6
3517	7
3518	8
3519	3
3520	4
3521	5
3522	6
3523	13
3524	6
3525	4
3526	6
3527	9
3528	7
3529	3
3530	11
3531	13
3532	6
3533	6
3534	11
3535	7
3536	8
3537	8
3538	6
3539	8
3540	8
3541	3
3542	1
3543	7
3544	6
3545	10
3546	10
3547	4
3548	6
3549	5
3550	9
3551	7
3552	7
3553	8
3554	12
3555	3
3556	5
3557	3
3558	7
3559	10
3560	6
3561	7
3562	9
3563	3
3564	3
3565	4
3566	8
3567	7
3568	10
3569	6
3570	5
3571	2
3572	7
3573	6
3574	5
3575	6
3576	5
3577	8
3578	10
3579	5
3580	3
3581	8
3582	3
3583	10
3584	10
3585	6
3586	6
3587	4
3588	10
3589	6
3590	3
3591	5
3592	3
3593	5
3594	6
3595	4
3596	8
3597	4
3598	10
3599	7
3600	8
3601	7
3602	9
3603	6
3604	3
3605	9
3606	9
3607	7
3608	3
3609	1
3610	5
3611	11
3612	6
3613	5
3614	4
3615	6
3616	9
3617	6
3618	6
3619	8
3620	6
3621	9
3622	3
3623	6
3624	6
3625	10
3626	6
3627	6
3628	7
3629	2
3630	6
3631	11
3632	4
3633	3
3634	9
3635	6
3636	8
3637	4
3638	8
3639	3
3640	5
3641	8
3642	5
3643	4
3644	5
3645	9
3646	5
3647	10
3648	7
3649	9
3650	3
3651	7
3652	9
3653	12
3654	6
3655	5
3656	6
3657	1
3658	6
3659	6
3660	4
3661	6
3662	6
3663	5
3664	2
3665	11
3666	4
3667	8
3668	2
3669	3
3670	5
3671	3
3672	2
3673	7
3674	7
3675	5
3676	7
3677	4
3678	7
3679	4
3680	8
3681	10
3682	6
3683	5
3684	7
3685	7
3686	10
3687	4
3688	9
3689	7
3690	7
3691	9
3692	5
3693	10
3694	5
3695	6
3696	10
3697	4
3698	10
3699	10
3700	8
3701	9
3702	12
3703	6
3704	12
3705	8
3706	8
3707	11
3708	10
3709	15
3710	9
3711	6
3712	10
3713	6
3714	9
3715	8
3716	11
3717	10
3718	6
3719	9
3720	13
3721	9
3722	6
3723	12
3724	7
3725	11
3726	6
3727	10
3728	6
3729	15
3730	15
3731	12
3732	11
3733	11
3734	9
3735	16
3736	11
3737	12
3738	23
3739	8
3740	15
3741	13
3742	11
3743	19
3744	11
3745	19
3746	13
3747	11
3748	17
3749	14
3750	17
3751	11
3752	17
3753	13
3754	16
3755	12
3756	12
3757	17
3758	19
3759	10
3760	12
3761	23
3762	14
3763	15
3764	18
3765	16
3766	18
3767	15
3768	16
3769	30
3770	27
3771	26
3772	17
3773	24
3774	22
3775	14
3776	21
3777	21
3778	19
3779	27
3780	30
3781	19
3782	24
3783	24
3784	17
3785	25
3786	27
3787	26
3788	16
3789	34
3790	25
3791	31
3792	34
3793	30
3794	29
3795	32
3796	26
3797	40
3798	29
3799	29
3800	51
3801	36
3802	36
3803	33
3804	38
3805	39
3806	28
3807	47
3808	47
3809	38
3810	40
3811	44
3812	42
3813	35
3814	42
3815	39
3816	42
3817	30
3818	51
3819	35
3820	42
3821	38
3822	51
3823	40
3824	45
3825	44
3826	47
3827	54
3828	43
3829	50
3830	50
3831	54
3832	54
3833	45
3834	48
3835	46
3836	53
3837	53
3838	50
3839	62
3840	66
3841	61
3842	69
3843	62
3844	72
3845	59
3846	44
3847	55
3848	70
3849	57
3850	74
3851	60
3852	78
3853	86
3854	57
3855	62
3856	79
3857	64
3858	76
3859	75
3860	67
3861	75
3862	74
3863	66
3864	67
3865	70
3866	86
3867	79
3868	87
3869	78
3870	81
3871	81
3872	73
3873	72
3874	91
3875	87
3876	88
3877	93
3878	91
3879	92
3880	101
3881	88
3882	76
3883	89
3884	77
3885	72
3886	89
3887	88
3888	85
3889	86
3890	117
3891	105
3892	100
3893	101
3894	117
3895	100
3896	94
3897	108
3898	113
3899	107
3900	114
3901	115
3902	135
3903	103
3904	95
3905	94
3906	100
3907	103
3908	118
3909	94
3910	99
3911	122
3912	122
3913	118
3914	111
3915	116
3916	116
3917	126
3918	135
3919	127
3920	127
3921	106
3922	115
3923	123
3924	124
3925	138
3926	139
3927	128
3928	129
3929	119
3930	131
3931	131
3932	135
3933	113
3934	140
3935	145
3936	137
3937	132
3938	122
3939	113
3940	146
3941	129
3942	121
3943	131
3944	119
3945	136
3946	133
3947	138
3948	144
3949	136
3950	129
3951	132
3952	132
3953	135
3954	149
3955	119
3956	156
3957	137
3958	141
3959	134
3960	134
3961	140
3962	153
3963	129
3964	142
3965	135
3966	115
3967	150
3968	120
3969	100
3970	138
3971	127
3972	139
3973	137
3974	151
3975	138
3976	154
3977	154
3978	141
3979	156
3980	163
3981	139
3982	175
3983	162
3984	140
3985	133
3986	133
3987	143
3988	127
3989	136
3990	147
3991	149
3992	134
3993	148
3994	150
3995	146
3996	143
3997	140
3998	134
3999	130
4000	129
4001	142
4002	137
4003	119
4004	148
4005	143
4006	139
4007	159
4008	140
4009	156
4010	160
4011	129
4012	134
4013	133
4014	126
4015	132
4016	135
4017	136
4018	138
4019	120
4020	124
4021	134
4022	138
4023	102
4024	128
4025	142
4026	124
4027	147
4028	124
4029	130
4030	109
4031	130
4032	117
4033	109
4034	114
4035	99
4036	124
4037	135
4038	120
4039	102
4040	126
4041	106
4042	110
4043	113
4044	111
4045	129
4046	112
4047	121
4048	122
4049	101
4050	111
4051	119
4052	102
4053	123
4054	104
4055	109
4056	116
4057	109
4058	101
4059	109
4060	100
4061	106
4062	97
4063	94
4064	122
4065	102
4066	98
4067	108
4068	95
4069	87
4070	97
4071	83
4072	85
4073	95
4074	99
4075	106
4076	86
4077	105
4078	94
4079	95
4080	77
4081	89
4082	98
4083	86
4084	79
4085	76
4086	88
4087	82
4088	81
4089	97
4090	80
4091	80
4092	79
4093	76
4094	83
4095	92
4096	72
4097	71
4098	82
4099	71
4100	85
4101	68
4102	69
4103	81
4104	88
4105	62
4106	60
4107	73
4108	68
4109	62
4110	66
4111	54
4112	70
4113	62
4114	65
4115	57
4116	55
4117	51
4118	66
4119	56
4120	51
4121	68
4122	38
4123	44
4124	57
4125	57
4126	46
4127	54
4128	46
4129	43
4130	51
4131	44
4132	45
4133	44
4134	50
4135	35
4136	40
4137	40
4138	32
4139	45
4140	56
4141	31
4142	40
4143	45
4144	49
4145	38
4146	28
4147	28
4148	48
4149	38
4150	42
4151	37
4152	33
4153	40
4154	29
4155	44
4156	31
4157	34
4158	23
4159	34
4160	34
4161	33
4162	23
4163	34
4164	36
4165	25
4166	22
4167	19
4168	15
4169	22
4170	19
4171	23
4172	27
4173	23
4174	21
4175	25
4176	16
4177	16
4178	34
4179	26
4180	22
4181	20
4182	15
4183	26
4184	15
4185	17
4186	20
4187	13
4188	12
4189	11
4190	12
4191	21
4192	16
4193	23
4194	15
4195	11
4196	18
4197	17
4198	14
4199	16
4200	14
4201	11
4202	10
4203	10
4204	12
4205	24
4206	8
4207	11
4208	11
4209	14
4210	10
4211	7
4212	16
4213	8
4214	14
4215	10
4216	9
4217	18
4218	13
4219	6
4220	13
4221	7
4222	11
4223	11
4224	13
4225	10
4226	11
4227	11
4228	4
4229	11
4230	8
4231	9
4232	6
4233	15
4234	7
4235	13
4236	6
4237	8
4238	4
4239	8
4240	8
4241	11
4242	8
4243	5
4244	9
4245	4
4246	9
4247	3
4248	6
4249	5
4250	7
4251	7
4252	3
4253	5
4254	3
4255	6
4256	5
4257	3
4258	7
4259	11
4260	5
4261	5
4262	3
4263	2
4264	3
4265	7
4266	9
4267	3
4268	5
4269	2
4270	6
4271	3
4272	9
4273	3
4274	4
4275	4
4276	5
4277	2
4278	6
4279	4
4280	6
4281	4
4282	1
4283	5
4284	3
4285	3
4286	2
4287	5
4288	4
4289	3
4290	2
4291	5
4292	2
4293	5
4294	3
4295	4
4296	2
4297	3
4298	1
4299	3
4300	2
4301	3
4302	4
4303	1
4304	3
4305	0
4306	4
4307	4
4308	4
4309	5
4310	2
4311	2
4312	2
4313	0
4314	2
4315	2
4316	3
4317	2
4318	3
4319	3
4320	0
4321	1
4322	4
4323	2
4324	6
4325	1
4326	0
4327	3
4328	1
4329	6
4330	1
4331	1
4332	2
4333	1
4334	1
4335	5
4336	7
4337	2
4338	1
4339	2
4340	2
4341	4
4342	3
4343	2
4344	2
4345	2
4346	4
4347	5
4348	3
4349	1
4350	3
4351	3
4352	2
4353	2
4354	0
4355	1
4356	5
4357	2
4358	3
4359	2
4360	2
4361	4
4362	3
4363	2
4364	5
4365	3
4366	2
4367	3
4368	3
4369	1
4370	1
4371	2
4372	4
4373	2
4374	2
4375	4
4376	1
4377	1
4378	2
4379	2
4380	1
4381	2
4382	1
4383	1
4384	3
4385	1
4386	3
4387	3
4388	2
4389	4
4390	5
4391	2
4392	3
4393	0
4394	2
4395	2
4396	2
4397	5
4398	6
4399	3
4400	2
4401	3
4402	2
4403	3
4404	1
4405	2
4406	2
4407	2
4408	1
4409	0
4410	5
4411	3
4412	3
4413	2
4414	4
4415	1
4416	2
4417	1
4418	2
4419	2
4420	4
4421	2
4422	3
4423	4
4424	5
4425	3
4426	1
4427	6
4428	1
4429	3
4430	3
4431	2
4432	3
4433	3
4434	3
4435	7
4436	1
4437	3
4438	1
4439	1
4440	4
4441	6
4442	1
4443	4
4444	4
4445	1
4446	3
4447	4
4448	1
4449	2
4450	3
4451	5
4452	1
4453	1
4454	2
4455	3
4456	1
4457	0
4458	4
4459	0
4460	2
4461	2
4462	1
4463	2
4464	4
4465	2
4466	3
4467	3
4468	6
4469	5
4470	1
4471	1
4472	3
4473	2
4474	6
4475	3
4476	3
4477	3
4478	2
4479	1
4480	3
4481	3
4482	2
4483	3
4484	3
4485	3
4486	2
4487	3
4488	4
4489	2
4490	5
4491	4
4492	1
4493	1
4494	2
4495	2
4496	3
4497	4
4498	1
4499	2
4500	5
4501	2
4502	2
4503	1
4504	4
4505	7
4506	2
4507	2
4508	3
4509	2
4510	2
4511	6
4512	2
4513	4
4514	1
4515	1
4516	6
4517	3
4518	2
4519	2
4520	3
4521	6
4522	2
4523	1
4524	4
4525	3
4526	4
4527	2
4528	5
4529	1
4530	5
4531	2
4532	4
4533	7
4534	2
4535	1
4536	7
4537	0
4538	0
4539	3
4540	5
4541	6
4542	8
4543	4
4544	5
4545	3
4546	1
4547	0
4548	5
4549	5
4550	4
4551	2
4552	5
4553	4
4554	1
4555	0
4556	1
4557	6
4558	1
4559	1
4560	7
4561	3
4562	4
4563	4
4564	5
4565	1
4566	3
4567	1
4568	5
4569	3
4570	1
4571	5
4572	3
4573	2
4574	3
4575	4
4576	4
4577	1
4578	4
4579	3
4580	5
4581	5
4582	4
4583	1
4584	2
4585	1
4586	3
4587	2
4588	3
4589	5
4590	3
4591	2
4592	1
4593	3
4594	1
4595	3
4596	2
4597	3
4598	0
4599	3
4600	3
4601	2
4602	1
4603	4
4604	1
4605	3
4606	2
4607	3
4608	1
4609	2
4610	2
4611	4
4612	2
4613	5
4614	5
4615	1
4616	0
4617	5
4618	2
4619	3
4620	3
4621	4
4622	5
4623	6
4624	3
4625	1
4626	3
4627	2
4628	5
4629	2
4630	2
4631	2
4632	4
4633	4
4634	3
4635	2
4636	3
4637	2
4638	1
4639	1
4640	3
4641	5
4642	4
4643	4
4644	5
4645	1
4646	1
4647	1
4648	1
4649	8
4650	6
4651	4
4652	4
4653	4
4654	3
4655	3
4656	4
4657	1
4658	1
4659	5
4660	2
4661	4
4662	4
4663	2
4664	1
4665	3
4666	6
4667	3
4668	0
4669	1
4670	3
4671	6
4672	2
4673	1
4674	2
4675	2
4676	0
4677	1
4678	3
4679	5
4680	1
4681	4
4682	1
4683	1
4684	2
4685	2
4686	4
4687	1
4688	3
4689	3
4690	1
4691	5
4692	2
4693	1
4694	4
4695	0
4696	2
4697	0
4698	3
4699	2
4700	3
4701	1
4702	0
4703	2
4704	3
4705	1
4706	0
4707	1
4708	2
4709	1
4710	0
4711	1
4712	3
4713	1
4714	4
4715	0
4716	2
4717	1
4718	0
4719	3
4720	2
4721	3
4722	1
4723	1
4724	3
4725	2
4726	2
4727	1
4728	5
4729	5
4730	2
4731	2
4732	2
4733	1
4734	2
4735	3
4736	2
4737	0
4738	1
4739	2
4740	2
4741	0
4742	0
4743	2
4744	1
4745	0
4746	3
4747	5
4748	1
4749	1
4750	0
4751	1
4752	1
4753	0
4754	0
4755	1
4756	1
4757	1
4758	1
4759	0
4760	1
4761	2
4762	3
4763	2
4764	1
4765	1
4766	1
4767	1
4768	1
4769	1
4770	3
4771	2
4772	2
4773	2
4774	0
4775	0
4776	1
4777	1
4778	0
4779	3
4780	0
4781	1
4782	3
4783	1
4784	0
4785	1
4786	0
4787	2
4788	1
4789	2
4790	0
4791	2
4792	1
4793	1
4794	2
4795	2
4796	1
4797	0
4798	0
4799	2
4800	1
4801	0
4802	2
4803	0
4804	1
4805	1
4806	1
4807	2
4808	2
4809	1
4810	0
4811	1
4812	0
4813	0
4814	1
4815	3
4816	0
4817	1
4818	0
4819	1
4820	2
4821	2
4822	1
4823	0
4824	2
4825	0
4826	3
4827	1
4828	1
4829	0
4830	1
4831	0
4832	2
4833	0
4834	0
4835	0
4836	1
4837	0
4838	0
4839	1
4840	1
4841	1
4842	2
4843	1
4844	2
4845	1
4846	3
4847	1
4848	0
4849	1
4850	1
4851	0
4852	1
4853	4
4854	0
4855	1
4856	3
4857	2
4858	2
4859	0
4860	0
4861	0
4862	2
4863	3
4864	0
4865	2
4866	0
4867	1
4868	1
4869	2
4870	1
4871	0
4872	2
4873	1
4874	2
4875	0
4876	0
4877	0
4878	0
4879	3
4880	1
4881	0
4882	1
4883	0
4884	1
4885	2
4886	1
4887	0
4888	0
4889	1
4890	2
4891	2
4892	0
4893	2
4894	1
4895	2
4896	0
4897	2
4898	2
4899	1
4900	2
4901	2
4902	1
4903	2
4904	2
4905	0
4906	1
4907	0
4908	2
4909	1
4910	1
4911	1
4912	2
4913	0
4914	1
4915	0
4916	0
4917	0
4918	2
4919	0
4920	1
4921	0
4922	0
4923	1
4924	0
4925	3
4926	1
4927	1
4928	0
4929	0
4930	1
4931	1
4932	2
4933	0
4934	0
4935	1
4936	3
4937	0
4938	1
4939	1
4940	1
4941	1
4942	1
4943	0
4944	1
4945	1
4946	0
4947	1
4948	2
4949	3
4950	1
4951	1
4952	0
4953	1
4954	2
4955	0
4956	2
4957	2
4958	1
4959	0
4960	1
4961	0
4962	0
4963	0
4964	1
4965	2
4966	2
4967	2
4968	3
4969	0
4970	1
4971	1
4972	0
4973	0
4974	2
4975	1
4976	1
4977	0
4978	1
4979	0
4980	1
4981	1
4982	1
4983	0
4984	1
4985	0
4986	0
4987	1
4988	1
4989	0
4990	0
4991	1
4992	0
4993	0
4994	0
4995	0
4996	1
4997	1
4998	0
4999	2
5000	0
5001	1
5002	0
5003	0
5004	0
5005	4
5006	0
5007	1
5008	3
5009	0
5010	0
5011	0
5012	0
5013	0
5014	1
5015	1
5016	0
5017	1
5018	1
5019	0
5020	1
5021	1
5022	1
5023	0
5024	1
5025	1
5026	1
5027	0
5028	1
5029	0
5030	1
5031	2
5032	0
5033	0
5034	0
5035	0
5036	1
5037	2
5038	1
5039	0
5040	0
5041	3
5042	1
5043	2
5044	1
5045	1
5046	0
5047	1
5048	1
5049	1
5050	0
5051	1
5052	2
5053	0
5054	2
5055	1
5056	1
5057	1
5058	2
5059	0
5060	1
5061	2
5062	1
5063	1
5064	0
5065	2
5066	1
5067	0
5068	0
5069	0
5070	1
5071	1
5072	0
5073	2
5074	1
5075	2
5076	0
5077	0
5078	0
5079	0
5080	1
5081	0
5082	0
5083	0
5084	0
5085	1
5086	0
5087	2
5088	2
5089	0
5090	1
5091	1
5092	2
5093	2
5094	2
5095	0
5096	0
5097	0
5098	0
5099	2
5100	2
5101	0
5102	0
5103	2
5104	0
5105	3
5106	0
5107	0
5108	2
5109	0
5110	1
5111	0
5112	0
5113	1
5114	1
5115	1
5116	1
5117	1
5118	0
5119	2
5120	0
5121	1
5122	1
5123	0
5124	0
5125	0
5126	0
5127	1
5128	0
5129	0
5130	0
5131	0
5132	0
5133	1
5134	2
5135	1
5136	0
5137	2
5138	1
5139	0
5140	1
5141	1
5142	1
5143	0
5144	1
5145	1
5146	1
5147	0
5148	1
5149	0
5150	1
5151	0
5152	0
5153	3
5154	1
5155	1
5156	0
5157	1
5158	0
5159	0
5160	1
5161	0
5162	1
5163	1
5164	0
5165	0
5166	3
5167	0
5168	0
5169	2
5170	0
5171	1
5172	0
5173	0
5174	0
5175	0
5176	0
5177	1
5178	0
5179	0
5180	1
5181	1
5182	2
5183	0
5184	0
5185	1
5186	1
5187	1
5188	0
5189	1
5190	0
5191	0
5192	2
5193	1
5194	1
5195	0
5196	0
5197	0
5198	1
5199	0
5200	0
5201	0
5202	0
5203	2
5204	1
5205	0
5206	1
5207	5
5208	1
5209	1
5210	1
5211	4
5212	0
5213	0
5214	0
5215	0
5216	1
5217	0
5218	0
5219	0
5220	0
5221	0
5222	1
5223	0
5224	0
5225	1
5226	0
5227	0
5228	1
5229	0
5230	1
5231	0
5232	0
5233	0
5234	1
5235	0
5236	1
5237	0
5238	3
5239	0
5240	0
5241	0
5242	0
5243	1
5244	1
5245	2
5246	2
5247	1
5248	0
5249	0
5250	0
5251	0
5252	0
5253	0
5254	0
5255	1
5256	0
5257	0
5258	2
5259	0
5260	1
5261	0
5262	0
5263	1
5264	0
5265	1
5266	2
5267	1
5268	0
5269	2
5270	1
5271	1
5272	1
5273	2
5274	1
5275	0
5276	2
5277	1
5278	1
5279	0
5280	0
5281	0
5282	0
5283	2
5284	0
5285	1
5286	0
5287	0
5288	0
5289	0
5290	0
5291	0
5292	2
5293	0
5294	0
5295	0
5296	3
5297	0
5298	0
5299	1
5300	2
5301	0
5302	1
5303	0
5304	2
5305	4
5306	2
5307	0
5308	1
5309	1
5310	0
5311	2
5312	0
5313	0
5314	2
5315	1
5316	1
5317	1
5318	1
5319	1
5320	1
5321	0
5322	1
5323	1
5324	1
5325	0
5326	3
5327	1
5328	0
5329	3
5330	1
5331	0
5332	2
5333	0
5334	0
5335	0
5336	2
5337	0
5338	1
5339	0
5340	1
5341	2
5342	3
5343	0
5344	0
5345	1
5346	1
5347	3
5348	1
5349	0
5350	2
5351	4
5352	0
5353	0
5354	1
5355	0
5356	1
5357	4
5358	0
5359	1
5360	1
5361	0
5362	0
5363	0
5364	0
5365	1
5366	1
5367	0
5368	0
5369	0
5370	0
5371	0
5372	0
5373	0
5374	0
5375	1
5376	0
5377	0
5378	0
5379	0
5380	0
5381	0
5382	1
5383	1
5384	1
5385	0
5386	0
5387	2
5388	3
5389	0
5390	2
5391	0
5392	0
5393	0
5394	3
5395	1
5396	1
5397	1
5398	1
5399	0
5400	1
5401	0
5402	0
5403	1
5404	0
5405	1
5406	2
5407	0
5408	1
5409	1
5410	1
5411	0
5412	1
5413	0
5414	1
5415	1
5416	0
5417	1
5418	0
5419	0
5420	1
5421	0
5422	1
5423	2
5424	0
5425	0
5426	2
5427	1
5428	2
5429	2
5430	0
5431	1
5432	1
5433	0
5434	2
5435	1
5436	0
5437	2
5438	2
5439	2
5440	1
5441	0
5442	1
5443	1
5444	2
5445	0
5446	0
5447	2
5448	2
5449	2
5450	0
5451	0
5452	0
5453	0
5454	0
5455	1
5456	0
5457	1
5458	2
5459	1
5460	3
5461	1
5462	1
5463	2
5464	2
5465	1
5466	1
5467	1
5468	1
5469	3
5470	1
5471	0
5472	1
5473	2
5474	0
5475	1
5476	1
5477	0
5478	1
5479	2
5480	0
5481	1
5482	2
5483	1
5484	1
5485	0
5486	1
5487	1
5488	0
5489	2
5490	2
5491	1
5492	0
5493	0
5494	1
5495	1
5496	2
5497	1
5498	1
5499	1
5500	1
5501	2
5502	0
5503	1
5504	2
5505	0
5506	2
5507	1
5508	0
5509	4
5510	1
5511	1
5512	0
5513	4
5514	0
5515	1
5516	1
5517	2
5518	1
5519	0
5520	2
5521	0
5522	1
5523	2
5524	0
5525	2
5526	2
5527	2
5528	3
5529	3
5530	1
5531	3
5532	0
5533	2
5534	1
5535	2
5536	1
5537	3
5538	2
5539	1
5540	0
5541	4
5542	2
5543	3
5544	1
5545	2
5546	0
5547	2
5548	1
5549	1
5550	1
5551	1
5552	2
5553	5
5554	3
5555	3
5556	1
5557	0
5558	1
5559	1
5560	2
5561	2
5562	0
5563	1
5564	3
5565	2
5566	1
5567	1
5568	1
5569	0
5570	1
5571	1
5572	0
5573	6
5574	1
5575	0
5576	0
5577	4
5578	1
5579	0
5580	3
5581	1
5582	0
5583	1
5584	1
5585	0
5586	1
5587	4
5588	3
5589	2
5590	1
5591	1
5592	1
5593	1
5594	2
5595	4
5596	1
5597	3
5598	1
5599	0
5600	0
5601	3
5602	0
5603	0
5604	2
5605	1
5606	0
5607	3
5608	5
5609	1
5610	1
5611	2
5612	0
5613	1
5614	1
5615	3
5616	1
5617	0
5618	2
5619	2
5620	3
5621	2
5622	3
5623	1
5624	0
5625	2
5626	3
5627	1
5628	1
5629	1
5630	1
5631	3
5632	0
5633	1
5634	2
5635	1
5636	2
5637	0
5638	1
5639	1
5640	0
5641	1
5642	2
5643	5
5644	0
5645	2
5646	3
5647	2
5648	1
5649	1
5650	0
5651	0
5652	0
5653	2
5654	2
5655	4
5656	0
5657	1
5658	0
5659	2
5660	1
5661	3
5662	2
5663	2
5664	3
5665	0
5666	0
5667	1
5668	2
5669	2
5670	1
5671	0
5672	0
5673	3
5674	2
5675	2
5676	2
5677	2
5678	0
5679	1
5680	1
5681	1
5682	1
5683	3
5684	0
5685	3
5686	2
5687	1
5688	1
5689	1
5690	0
5691	1
5692	2
5693	0
5694	0
5695	1
5696	5
5697	2
5698	2
5699	0
5700	1
5701	2
5702	0
5703	3
5704	1
5705	2
5706	2
5707	0
5708	1
5709	2
5710	0
5711	3
5712	0
5713	0
5714	2
5715	2
5716	2
5717	0
5718	1
5719	0
5720	1
5721	0
5722	1
5723	0
5724	0
5725	1
5726	0
5727	2
5728	2
5729	0
5730	0
5731	0
5732	2
5733	0
5734	0
5735	0
5736	0
5737	1
5738	0
5739	0
5740	0
5741	3
5742	0
5743	1
5744	0
5745	1
5746	0
5747	1
5748	3
5749	1
5750	2
5751	2
5752	1
5753	0
5754	2
5755	2
5756	1
5757	0
5758	0
5759	2
5760	1
5761	1
5762	1
5763	0
5764	1
5765	0
5766	0
5767	2
5768	0
5769	1
5770	1
5771	1
5772	1
5773	1
5774	0
5775	0
5776	3
5777	0
5778	0
5779	1
5780	1
5781	0
5782	1
5783	0
5784	0
5785	0
5786	0
5787	2
5788	0
5789	2
5790	0
5791	4
5792	0
5793	0
5794	0
5795	0
5796	1
5797	1
5798	0
5799	0
5800	1
5801	0
5802	0
5803	2
5804	0
5805	0
5806	0
5807	1
5808	0
5809	2
5810	1
5811	0
5812	0
5813	0
5814	4
5815	1
5816	2
5817	2
5818	1
5819	1
5820	0
5821	0
5822	1
5823	0
5824	0
5825	0
5826	1
5827	1
5828	0
5829	0
5830	1
5831	0
5832	0
5833	0
5834	0
5835	0
5836	1
5837	1
5838	0
5839	1
5840	0
5841	0
5842	1
5843	0
5844	1
5845	0
5846	1
5847	1
5848	1
5849	0
5850	1
5851	1
5852	1
5853	1
5854	1
5855	0
5856	0
5857	2
5858	0
5859	0
5860	0
5861	1
5862	0
5863	0
5864	0
5865	0
5866	0
5867	0
5868	0
5869	1
5870	0
5871	0
5872	0
5873	0
5874	0
5875	1
5876	0
5877	1
5878	0
5879	0
5880	0
5881	0
5882	0
5883	0
5884	0
5885	0
5886	1
5887	0
5888	1
5889	1
5890	1
5891	0
5892	0
5893	0
5894	0
5895	1
5896	0
5897	0
5898	0
5899	0
5900	0
5901	0
5902	0
5903	0
5904	0
5905	1
5906	0
5907	0
5908	0
5909	0
5910	1
5911	0
5912	0
5913	0
5914	0
5915	0
5916	0
5917	1
5918	1
5919	0
5920	0
5921	0
5922	0
5923	0
5924	2
5925	0
5926	0
5927	0
5928	0
5929	0
5930	1
5931	0
5932	0
5933	0
5934	1
5935	1
5936	0
5937	0
5938	0
5939	1
5940	0
5941	0
5942	0
5943	0
5944	0
5945	0
5946	0
5947	0
5948	1
5949	1
5950	1
5951	0
5952	0
5953	0
5954	0
5955	0
5956	1
5957	0
5958	0
5959	0
5960	0
5961	0
5962	0
5963	0
5964	0
5965	1
5966	0
5967	1
5968	0
5969	0
5970	0
5971	0
5972	0
5973	0
5974	0
5975	0
5976	0
5977	1
5978	0
5979	1
5980	0
5981	0
5982	0
5983	0
5984	0
5985	0
5986	0
5987	2
5988	1
5989	0
5990	0
5991	0
5992	0
5993	0
5994	0
5995	0
5996	0
5997	0
5998	0
5999	0
6000	0
6001	0
6002	0
6003	0
6004	0
6005	0
6006	2
6007	0
6008	0
6009	0
6010	0
6011	0
6012	0
6013	0
6014	1
6015	1
6016	0
6017	0
6018	0
6019	1
6020	0
6021	0
6022	0
6023	0
6024	0
6025	0
6026	0
6027	0
6028	0
6029	1
6030	0
6031	0
6032	0
6033	0
6034	0
6035	0
6036	2
6037	0
6038	0
6039	0
6040	1
6041	0
6042	0
6043	0
6044	0
6045	0
6046	0
6047	0
6048	1
6049	0
6050	0
6051	0
6052	0
6053	0
6054	1
6055	2
6056	0
6057	1
6058	0
6059	0
6060	0
6061	1
6062	2
6063	1
6064	0
6065	0
6066	0
6067	0
6068	0
6069	0
6070	0
6071	0
6072	0
6073	0
6074	2
6075	0
6076	0
6077	0
6078	1
6079	0
6080	0
6081	0
6082	0
6083	0
6084	0
6085	1
6086	0
6087	0
6088	0
6089	0
6090	1
6091	0
6092	1
6093	0
6094	0
6095	0
6096	0
6097	0
6098	0
6099	1
6100	0
6101	0
6102	1
6103	0
6104	0
6105	0
6106	0
6107	0
6108	0
6109	0
6110	0
6111	0
6112	0
6113	0
6114	0
6115	0
6116	0
6117	0
6118	0
6119	0
6120	0
6121	0
6122	0
6123	0
6124	0
6125	0
6126	0
6127	0
6128	0
6129	1
6130	0
6131	1
6132	0
6133	1
6134	1
6135	0
6136	0
6137	0
6138	1
6139	0
6140	1
6141	0
6142	0
6143	0
6144	0
6145	0
6146	0
6147	0
6148	0
6149	0
6150	0
6151	0
6152	0
6153	0
6154	0
6155	1
6156	0
6157	0
6158	0
6159	1
6160	0
6161	0
6162	0
6163	0
6164	0
6165	0
6166	0
6167	1
6168	0
6169	0
6170	0
6171	0
6172	0
6173	0
6174	1
6175	0
6176	0
6177	0
6178	1
6179	0
6180	0
6181	0
6182	0
6183	0
6184	0
6185	1
6186	0
6187	0
6188	1
6189	0
6190	0
6191	0
6192	0
6193	0
6194	0
6195	1
6196	1
6197	0
6198	0
6199	0
6200	0
6201	0
6202	1
6203	1
6204	0
6205	0
6206	0
6207	0
6208	0
6209	0
6210	0
6211	0
6212	0
6213	0
6214	0
6215	1
6216	1
6217	0
6218	0
6219	0
6220	0
6221	0
6222	0
6223	0
6224	0
6225	0
6226	0
6227	0
6228	0
6229	0
6230	0
6231	0
6232	0
6233	0
6234	1
6235	0
6236	0
6237	0
6238	0
6239	0
6240	0
6241	1
6242	1
6243	0
6244	0
6245	0
6246	0
6247	0
6248	0
6249	0
6250	0
6251	0
6252	0
6253	0
6254	0
6255	0
6256	0
6257	0
6258	0
6259	0
6260	0
6261	0
6262	0
6263	0
6264	0
6265	0
6266	0
6267	1
6268	0
6269	1
6270	0
6271	1
6272	0
6273	0
6274	0
6275	0
6276	0
6277	0
6278	1
6279	0
6280	1
6281	0
6282	0
6283	0
6284	0
6285	0
6286	1
6287	1
6288	0
6289	0
6290	0
6291	1
6292	2
6293	0
6294	0
6295	1
6296	0
6297	0
6298	0
6299	0
6300	0
6301	0
6302	0
6303	2
6304	0
6305	0
6306	0
6307	0
6308	0
6309	0
6310	0
6311	0
6312	0
6313	0
6314	0
6315	0
6316	0
6317	0
6318	0
6319	0
6320	0
6321	1
6322	0
6323	0
6324	0
6325	1
6326	1
6327	2
6328	1
6329	0
6330	0
6331	0
6332	0
6333	0
6334	1
6335	0
6336	1
6337	0
6338	0
6339	1
6340	0
6341	0
6342	1
6343	0
6344	0
6345	0
6346	0
6347	0
6348	0
6349	0
6350	0
6351	0
6352	0
6353	1
6354	0
6355	0
6356	2
6357	0
6358	0
6359	0
6360	0
6361	0
6362	1
6363	0
6364	1
6365	0
6366	0
6367	0
6368	0
6369	0
6370	0
6371	1
6372	0
6373	0
6374	0
6375	0
6376	0
6377	0
6378	1
6379	0
6380	0
6381	1
6382	0
6383	0
6384	2
6385	0
6386	0
6387	1
6388	1
6389	0
6390	0
6391	1
6392	0
6393	0
6394	0
6395	0
6396	0
6397	0
6398	0
6399	0
6400	0
6401	0
6402	1
6403	0
6404	0
6405	0
6406	0
6407	1
6408	0
6409	0
6410	0
6411	0
6412	0
6413	1
6414	0
6415	1
6416	0
6417	0
6418	1
6419	0
6420	0
6421	0
6422	0
6423	0
6424	0
6425	0
6426	0
6427	0
6428	0
6429	1
6430	0
6431	0
6432	0
6433	0
6434	0
6435	0
6436	2
6437	0
6438	0
6439	1
6440	0
6441	0
6442	0
6443	0
6444	0
6445	0
6446	0
6447	0
6448	0
6449	0
6450	0
6451	1
6452	0
6453	0
6454	0
6455	0
6456	1
6457	0
6458	1
6459	0
6460	0
6461	0
6462	1
6463	0
6464	1
6465	0
6466	0
6467	0
6468	0
6469	1
6470	0
6471	0
6472	0
6473	0
6474	0
6475	1
6476	0
6477	0
6478	0
6479	0
6480	0
6481	0
6482	0
6483	0
6484	0
6485	0
6486	1
6487	0
6488	0
6489	1
6490	0
6491	0
6492	0
6493	0
6494	0
6495	0
6496	0
6497	0
6498	0
6499	0
6500	0
6501	1
6502	0
6503	0
6504	0
6505	1
6506	0
6507	0
6508	0
6509	0
6510	1
6511	0
6512	0
6513	0
6514	0
6515	1
6516	0
6517	1
6518	0
6519	0
6520	0
6521	0
6522	0
6523	0
6524	0
6525	0
6526	0
6527	1
6528	0
6529	1
6530	0
6531	0
6532	0
6533	0
6534	0
6535	1
6536	1
6537	0
6538	0
6539	0
6540	1
6541	2
6542	0
6543	0
6544	0
6545	0
6546	0
6547	0
6548	0
6549	0
6550	1
6551	0
6552	0
6553	1
6554	0
6555	0
6556	0
6557	0
6558	1
6559	0
6560	0
6561	1
6562	0
6563	0
6564	0
6565	0
6566	1
6567	0
6568	0
6569	0
6570	0
6571	1
6572	1
6573	0
6574	0
6575	1
6576	1
6577	0
6578	0
6579	0
6580	0
6581	0
6582	0
6583	0
6584	0
6585	0
6586	1
6587	0
6588	0
6589	0
6590	0
6591	1
6592	0
6593	0
6594	0
6595	0
6596	0
6597	0
6598	0
6599	0
6600	0
6601	0
6602	0
6603	0
6604	0
6605	1
6606	0
6607	0
6608	0
6609	0
6610	3
6611	0
6612	1
6613	1
6614	2
6615	1
6616	0
6617	0
6618	0
6619	0
6620	0
6621	0
6622	0
6623	0
6624	0
6625	0
6626	0
6627	2
6628	0
6629	0
6630	1
6631	1
6632	0
6633	0
6634	0
6635	0
6636	0
6637	2
6638	0
6639	0
6640	0
6641	0
6642	0
6643	0
6644	0
6645	0
6646	0
6647	0
6648	1
6649	0
6650	1
6651	0
6652	0
6653	0
6654	0
6655	0
6656	0
6657	0
6658	0
6659	0
6660	1
6661	0
6662	0
6663	0
6664	1
6665	1
6666	0
6667	1
6668	1
6669	0
6670	0
6671	0
6672	0
6673	1
6674	0
6675	0
6676	0
6677	1
6678	1
6679	0
6680	0
6681	0
6682	0
6683	1
6684	0
6685	0
6686	0
6687	0
6688	0
6689	0
6690	0
6691	0
6692	1
6693	0
6694	0
6695	1
6696	0
6697	1
6698	1
6699	2
6700	0
6701	0
6702	0
6703	1
6704	0
6705	0
6706	0
6707	1
6708	0
6709	0
6710	0
6711	0
6712	0
6713	0
6714	0
6715	0
6716	0
6717	0
6718	0
6719	0
6720	1
6721	0
6722	0
6723	1
6724	1
6725	0
6726	1
6727	0
6728	0
6729	0
6730	0
6731	1
6732	0
6733	0
6734	0
6735	0
6736	0
6737	1
6738	1
6739	0
6740	0
6741	0
6742	0
6743	1
6744	1
6745	0
6746	1
6747	0
6748	0
6749	0
6750	0
6751	0
6752	0
6753	0
6754	0
6755	0
6756	1
6757	0
6758	1
6759	0
6760	0
6761	0
6762	0
6763	0
6764	0
6765	0
6766	0
6767	0
6768	0
6769	0
6770	0
6771	0
6772	0
6773	1
6774	0
6775	0
6776	1
6777	0
6778	0
6779	1
6780	0
6781	1
6782	1
6783	0
6784	0
6785	0
6786	0
6787	0
6788	0
6789	1
6790	0
6791	0
6792	1
6793	1
6794	1
6795	1
6796	1
6797	1
6798	0
6799	0
6800	0
6801	0
6802	0
6803	1
6804	0
6805	0
6806	0
6807	0
6808	0
6809	0
6810	0
6811	0
6812	0
6813	0
6814	1
6815	2
6816	0
6817	0
6818	1
6819	0
6820	0
6821	0
6822	0
6823	1
6824	0
6825	0
6826	0
6827	0
6828	0
6829	0
6830	0
6831	0
6832	0
6833	0
6834	0
6835	0
6836	0
6837	2
6838	0
6839	1
6840	0
6841	0
6842	0
6843	0
6844	0
6845	0
6846	0
6847	0
6848	0
6849	0
6850	1
6851	0
6852	0
6853	0
6854	0
6855	0
6856	0
6857	0
6858	0
6859	0
6860	0
6861	0
6862	0
6863	2
6864	0
6865	1
6866	0
6867	0
6868	2
6869	0
6870	0
6871	0
6872	1
6873	0
6874	0
6875	0
6876	0
6877	2
6878	2
6879	2
6880	0
6881	0
6882	0
6883	0
6884	0
6885	0
6886	1
6887	0
6888	0
6889	1
6890	1
6891	0
6892	0
6893	0
6894	0
6895	0
6896	0
6897	0
6898	1
6899	0
6900	0
6901	0
6902	0
6903	0
6904	0
6905	0
6906	0
6907	0
6908	0
6909	1
6910	0
6911	0
6912	1
6913	0
6914	0
6915	0
6916	0
6917	0
6918	0
6919	0
6920	0
6921	0
6922	0
6923	0
6924	0
6925	0
6926	0
6927	0
6928	0
6929	0
6930	1
6931	1
6932	0
6933	0
6934	0
6935	0
6936	0
6937	0
6938	0
6939	0
6940	0
6941	0
6942	0
6943	1
6944	0
6945	0
6946	0
6947	0
6948	0
6949	0
6950	0
6951	0
6952	0
6953	1
6954	0
6955	0
6956	0
6957	0
6958	0
6959	0
6960	1
6961	0
6962	0
6963	0
6964	0
6965	0
6966	0
6967	1
6968	0
6969	0
6970	0
6971	0
6972	0
6973	0
6974	0
6975	0
6976	0
6977	0
6978	0
6979	1
6980	1
6981	0
6982	0
6983	0
6984	0
6985	0
6986	0
6987	0
6988	0
6989	0
6990	0
6991	0
6992	0
6993	0
6994	0
6995	0
6996	0
6997	0
6998	0
6999	0
7000	1
7001	0
7002	0
7003	0
7004	0
7005	0
7006	0
7007	0
7008	0
7009	1
7010	2
7011	0
7012	0
7013	1
7014	0
7015	1
7016	0
7017	0
7018	0
7019	0
7020	0
7021	0
7022	0
7023	0
7024	0
7025	1
7026	0
7027	1
7028	0
7029	0
7030	0
7031	0
7032	0
7033	0
7034	0
7035	0
7036	1
7037	0
7038	0
7039	0
7040	0
7041	0
7042	0
7043	0
7044	0
7045	0
7046	0
7047	0
7048	0
7049	0
7050	0
7051	0
7052	0
7053	0
7054	0
7055	0
7056	0
7057	0
7058	0
7059	0
7060	0
7061	0
7062	0
7063	0
7064	0
7065	0
7066	1
7067	0
7068	0
7069	0
7070	0
7071	0
7072	1
7073	0
7074	0
7075	0
7076	0
7077	0
7078	0
7079	0
7080	0
7081	0
7082	0
7083	0
7084	0
7085	0
7086	0
7087	0
7088	0
7089	0
7090	0
7091	1
7092	0
7093	0
7094	0
7095	1
7096	0
7097	0
7098	0
7099	0
7100	0
7101	1
7102	1
7103	0
7104	0
7105	0
7106	0
7107	0
7108	0
7109	0
7110	0
7111	0
7112	1
7113	0
7114	0
7115	0
7116	1
7117	0
7118	1
7119	0
7120	0
7121	0
7122	0
7123	0
7124	0
7125	0
7126	0
7127	1
7128	0
7129	0
7130	0
7131	0
7132	0
7133	0
7134	0
7135	0
7136	0
7137	0
7138	0
7139	0
7140	0
7141	0
7142	0
7143	0
7144	0
7145	0
7146	0
7147	0
7148	0
7149	0
7150	0
7151	0
7152	0
7153	0
7154	0
7155	0
7156	1
7157	0
7158	0
7159	0
7160	0
7161	0
7162	0
7163	0
7164	0
7165	0
7166	0
7167	0
7168	1
7169	0
7170	0
7171	0
7172	2
7173	0
7174	0
7175	0
7176	0
7177	0
7178	0
7179	0
7180	1
7181	0
7182	0
7183	0
7184	0
7185	0
7186	0
7187	0
7188	0
7189	0
7190	0
7191	0
7192	0
7193	0
7194	0
7195	0
7196	0
7197	0
7198	1
7199	0
7200	0
7201	0
7202	0
7203	0
7204	0
7205	0
7206	0
7207	0
7208	0
7209	0
7210	0
7211	0
7212	0
7213	1
7214	0
7215	0
7216	0
7217	0
7218	0
7219	0
7220	0
7221	0
7222	0
7223	0
7224	0
7225	0
7226	0
7227	0
7228	0
7229	0
7230	0
7231	1
7232	0
7233	0
7234	0
7235	0
7236	0
7237	0
7238	0
7239	0
7240	0
7241	0
7242	0
7243	0
7244	1
7245	1
7246	0
7247	0
7248	0
7249	0
7250	0
7251	0
7252	0
7253	0
7254	0
7255	1
7256	1
7257	0
7258	0
7259	0
7260	0
7261	0
7262	0
7263	0
7264	1
7265	0
7266	1
7267	1
7268	1
7269	0
7270	0
7271	0
7272	0
7273	1
7274	0
7275	0
7276	1
7277	0
7278	0
7279	0
7280	0
7281	0
7282	0
7283	0
7284	0
7285	0
7286	0
7287	0
7288	0
7289	1
7290	0
7291	0
7292	0
7293	1
7294	1
7295	0
7296	0
7297	0
7298	0
7299	1
7300	0
7301	0
7302	0
7303	0
7304	0
7305	1
7306	0
7307	0
7308	0
7309	0
7310	0
7311	0
7312	0
7313	1
7314	1
7315	0
7316	0
7317	0
7318	0
7319	0
7320	0
7321	0
7322	1
7323	0
7324	0
7325	0
7326	0
7327	0
7328	0
7329	2
7330	0
7331	0
7332	0
7333	0
7334	0
7335	0
7336	0
7337	0
7338	0
7339	1
7340	0
7341	0
7342	0
7343	0
7344	0
7345	0
7346	0
7347	0
7348	0
7349	0
7350	0
7351	0
7352	2
7353	1
7354	0
7355	0
7356	0
7357	0
7358	0
7359	0
7360	0
7361	1
7362	0
7363	0
7364	0
7365	1
7366	0
7367	0
7368	0
7369	0
7370	1
7371	0
7372	0
7373	0
7374	0
7375	0
7376	1
7377	0
7378	0
7379	0
7380	0
7381	1
7382	0
7383	0
7384	0
7385	0
7386	1
7387	0
7388	0
7389	0
7390	0
7391	0
7392	0
7393	0
7394	1
7395	0
7396	0
7397	0
7398	0
7399	0
7400	0
7401	0
7402	0
7403	0
7404	0
7405	0
7406	0
7407	1
7408	0
7409	0
7410	0
7411	0
7412	0
7413	0
7414	0
7415	0
7416	0
7417	0
7418	0
7419	0
7420	0
7421	0
7422	0
7423	0
7424	0
7425	0
7426	0
7427	1
7428	0
7429	0
7430	0
7431	0
7432	1
7433	0
7434	0
7435	0
7436	0
7437	0
7438	0
7439	0
7440	0
7441	0
7442	0
7443	0
7444	0
7445	0
7446	0
7447	0
7448	0
7449	0
7450	1
7451	0
7452	0
7453	0
7454	0
7455	0
7456	0
7457	0
7458	0
7459	0
7460	0
7461	1
7462	0
7463	0
7464	0
7465	0
7466	0
7467	0
7468	0
7469	0
7470	0
7471	0
7472	1
7473	0
7474	0
7475	0
7476	1
7477	0
7478	0
7479	0
7480	0
7481	0
7482	0
7483	0
7484	0
7485	0
7486	0
7487	0
7488	0
7489	1
7490	0
7491	0
7492	0
7493	0
7494	0
7495	0
7496	0
7497	0
7498	0
7499	0
7500	0
7501	0
7502	0
7503	0
7504	0
7505	0
7506	0
7507	1
7508	1
7509	0
7510	0
7511	0
7512	0
7513	0
7514	1
7515	0
7516	0
7517	0
7518	0
7519	0
7520	0
7521	0
7522	1
7523	0
7524	0
7525	0
7526	0
7527	0
7528	0
7529	0
7530	0
7531	0
7532	0
7533	0
7534	0
7535	0
7536	0
7537	0
7538	0
7539	0
7540	0
7541	0
7542	0
7543	0
7544	0
7545	0
7546	0
7547	0
7548	0
7549	0
7550	0
7551	0
7552	0
7553	0
7554	0
7555	0
7556	0
7557	0
7558	0
7559	0
7560	0
7561	0
7562	0
7563	0
7564	0
7565	0
7566	0
7567	0
7568	0
7569	1
7570	0
7571	0
7572	0
7573	0
7574	0
7575	0
7576	0
7577	0
7578	0
7579	0
7580	0
7581	0
7582	0
7583	1
7584	0
7585	0
7586	0
7587	0
7588	0
7589	0
7590	0
7591	0
7592	0
7593	0
7594	0
7595	0
7596	0
7597	0
7598	0
7599	0
7600	0
7601	0
7602	1
7603	0
7604	0
7605	0
7606	0
7607	0
7608	0
7609	0
7610	0
7611	0
7612	0
7613	0
7614	0
7615	0
7616	0
7617	0
7618	0
7619	0
7620	0
7621	0
7622	0
7623	0
7624	0
7625	0
7626	0
7627	0
7628	0
7629	0
7630	0
7631	0
7632	1
7633	0
7634	0
7635	0
7636	0
7637	1
7638	0
7639	0
7640	0
7641	0
7642	0
7643	0
7644	0
7645	0
7646	0
7647	0
7648	0
7649	0
7650	0
7651	0
7652	0
7653	0
7654	0
7655	0
7656	0
7657	0
7658	0
7659	0
7660	0
7661	0
7662	0
7663	0
7664	0
7665	0
7666	0
7667	2
7668	2
7669	0
7670	0
7671	0
7672	0
7673	0
7674	0
7675	0
7676	0
7677	0
7678	0
7679	0
7680	0
7681	0
7682	0
7683	0
7684	0
7685	0
7686	1
7687	0
7688	1
7689	1
7690	1
7691	0
7692	0
7693	0
7694	1
7695	0
7696	0
7697	0
7698	0
7699	1
7700	0
7701	0
7702	0
7703	0
7704	0
7705	0
7706	1
7707	0
7708	0
7709	0
7710	0
7711	0
7712	0
7713	0
7714	0
7715	0
7716	0
7717	0
7718	0
7719	0
7720	1
7721	0
7722	0
7723	0
7724	0
7725	0
7726	0
7727	0
7728	0
7729	0
7730	0
7731	0
7732	0
7733	0
7734	0
7735	0
7736	0
7737	0
7738	0
7739	0
7740	0
7741	1
7742	0
7743	1
7744	0
7745	0
7746	0
7747	0
7748	0
7749	0
7750	0
7751	0
7752	2
7753	0
7754	1
7755	0
7756	0
7757	0
7758	0
7759	0
7760	1
7761	0
7762	0
7763	0
7764	0
7765	0
7766	0
7767	0
7768	0
7769	0
7770	0
7771	0
7772	0
7773	0
7774	0
7775	0
7776	1
7777	0
7778	0
7779	0
7780	2
7781	0
7782	0
7783	0
7784	0
7785	0
7786	0
7787	0
7788	0
7789	0
7790	0
7791	1
7792	0
7793	0
7794	0
7795	0
7796	0
7797	0
7798	0
7799	0
7800	0
7801	0
7802	0
7803	0
7804	0
7805	0
7806	0
7807	0
7808	2
7809	0
7810	0
7811	0
7812	0
7813	0
7814	0
7815	0
7816	1
7817	0
7818	1
7819	0
7820	0
7821	1
7822	0
7823	0
7824	0
7825	0
7826	0
7827	1
7828	0
7829	0
7830	0
7831	0
7832	0
7833	0
7834	0
7835	0
7836	1
7837	0
7838	0
7839	0
7840	0
7841	0
7842	0
7843	0
7844	0
7845	0
7846	0
7847	0
7848	0
7849	0
7850	0
7851	0
7852	0
7853	0
7854	0
7855	0
7856	0
7857	0
7858	1
7859	0
7860	0
7861	0
7862	0
7863	0
7864	0
7865	0
7866	0
7867	0
7868	0
7869	0
7870	0
7871	0
7872	0
7873	1
7874	1
7875	0
7876	0
7877	0
7878	0
7879	1
7880	0
7881	0
7882	0
7883	1
7884	1
7885	0
7886	0
7887	0
7888	0
7889	1
7890	0
7891	0
7892	0
7893	1
7894	0
7895	0
7896	0
7897	1
7898	0
7899	1
7900	0
7901	0
7902	0
7903	1
7904	1
7905	0
7906	0
7907	0
7908	0
7909	0
7910	0
7911	0
7912	0
7913	1
7914	0
7915	0
7916	0
7917	0
7918	0
7919	0
7920	1
7921	0
7922	0
7923	1
7924	0
7925	0
7926	1
7927	0
7928	1
7929	0
7930	0
7931	3
7932	0
7933	0
7934	0
7935	0
7936	0
7937	0
7938	0
7939	0
7940	0
7941	0
7942	0
7943	1
7944	0
7945	0
7946	0
7947	0
7948	0
7949	3
7950	0
7951	0
7952	0
7953	0
7954	0
7955	0
7956	0
7957	1
7958	0
7959	0
7960	0
7961	0
7962	2
7963	0
7964	0
7965	1
7966	0
7967	1
7968	0
7969	1
7970	1
7971	0
7972	0
7973	0
7974	1
7975	0
7976	0
7977	2
7978	0
7979	0
7980	0
7981	0
7982	0
7983	1
7984	1
7985	0
7986	1
7987	0
7988	0
7989	0
7990	0
7991	0
7992	0
7993	0
7994	0
7995	0
7996	0
7997	0
7998	1
7999	0
8000	0
8001	0
8002	0
8003	0
8004	0
8005	0
8006	0
8007	0
8008	0
8009	0
8010	0
8011	0
8012	0
8013	0
8014	0
8015	0
8016	0
8017	0
8018	0
8019	0
8020	0
8021	0
8022	0
8023	0
8024	0
8025	0
8026	0
8027	0
8028	0
8029	0
8030	0
8031	0
8032	0
8033	0
8034	0
8035	0
8036	0
8037	0
8038	0
8039	0
8040	0
8041	0
8042	0
8043	0
8044	0
8045	0
8046	0
8047	0
8048	0
8049	0
8050	0
8051	0
8052	0
8053	0
8054	0
8055	0
8056	0
8057	0
8058	0
8059	0
8060	0
8061	0
8062	0
8063	0
8064	0
8065	0
8066	0
8067	0
8068	0
8069	0
8070	0
8071	0
8072	0
8073	0
8074	0
8075	0
8076	0
8077	0
8078	0
8079	0
8080	0
8081	0
8082	0
8083	0
8084	0
8085	0
8086	0
8087	0
8088	0
8089	0
8090	0
8091	0
8092	0
8093	0
8094	0
8095	0
8096	0
8097	0
8098	0
8099	0
8100	0
8101	0
8102	0
8103	0
8104	0
8105	0
8106	0
8107	0
8108	0
8109	0
8110	0
8111	0
8112	0
8113	0
8114	0
8115	0
8116	0
8117	0
8118	0
8119	0
8120	0
8121	0
8122	0
8123	0
8124	0
8125	0
8126	0
8127	0
8128	0
8129	0
8130	0
8131	0
8132	0
8133	0
8134	0
8135	0
8136	0
8137	0
8138	0
8139	0
8140	0
8141	0
8142	0
8143	0
8144	0
8145	0
8146	0
8147	0
8148	0
8149	0
8150	0
8151	0
8152	0
8153	0
8154	0
8155	0
8156	0
8157	0
8158	0
8159	0
8160	0
8161	0
8162	0
8163	0
8164	0
8165	0
8166	0
8167	0
8168	0
8169	0
8170	0
8171	0
8172	0
8173	0
8174	0
8175	0
8176	0
8177	0
8178	0
8179	0
8180	0
8181	0
8182	0
8183	0
8184	0
8185	0
8186	0
8187	0
8188	0
8189	0
8190	0
8191	0
