0	0
1	0
2	0
3	0
4	0
5	0
6	0
7	0
8	0
9	0
10	0
11	0
12	0
13	0
14	0
15	0
16	0
17	1
18	0
19	0
20	0
21	0
22	0
23	0
24	0
25	0
26	0
27	0
28	1
29	0
30	0
31	0
32	0
33	0
34	2
35	0
36	0
37	2
38	1
39	0
40	0
41	1
42	0
43	7
44	37
45	85
46	142
47	126
48	163
49	160
50	142
51	138
52	102
53	109
54	94
55	118
56	94
57	106
58	89
59	101
60	101
61	84
62	95
63	100
64	80
65	95
66	93
67	86
68	84
69	92
70	92
71	77
72	88
73	75
74	90
75	86
76	101
77	90
78	101
79	76
80	80
81	103
82	85
83	92
84	89
85	62
86	83
87	89
88	77
89	90
90	68
91	81
92	89
93	71
94	83
95	80
96	82
97	84
98	80
99	75
100	86
101	77
102	81
103	67
104	78
105	80
106	85
107	86
108	93
109	101
110	67
111	101
112	89
113	84
114	84
115	83
116	85
117	98
118	71
119	79
120	92
121	64
122	98
123	84
124	69
125	76
126	78
127	86
128	83
129	82
130	86
131	95
132	104
133	96
134	81
135	111
136	88
137	88
138	99
139	110
140	94
141	106
142	82
143	103
144	103
145	95
146	82
147	94
148	87
149	78
150	113
151	106
152	84
153	82
154	108
155	95
156	99
157	94
158	97
159	107
160	100
161	88
162	101
163	95
164	95
165	85
166	136
167	105
168	103
169	112
170	92
171	129
172	108
173	117
174	89
175	97
176	113
177	106
178	100
179	121
180	96
181	116
182	122
183	109
184	114
185	111
186	124
187	107
188	105
189	127
190	117
191	110
192	121
193	111
194	117
195	115
196	101
197	128
198	124
199	114
200	138
201	122
202	124
203	135
204	141
205	126
206	120
207	136
208	115
209	134
210	118
211	160
212	123
213	136
214	144
215	113
216	117
217	104
218	127
219	133
220	147
221	119
222	127
223	143
224	134
225	132
226	150
227	151
228	150
229	142
230	150
231	154
232	126
233	156
234	134
235	129
236	164
237	156
238	164
239	153
240	167
241	158
242	146
243	148
244	157
245	162
246	181
247	172
248	180
249	164
250	154
251	165
252	178
253	175
254	169
255	170
256	164
257	178
258	172
259	173
260	174
261	181
262	171
263	178
264	186
265	172
266	182
267	159
268	160
269	173
270	152
271	149
272	178
273	141
274	151
275	177
276	167
277	141
278	152
279	160
280	154
281	175
282	166
283	172
284	180
285	183
286	177
287	151
288	152
289	142
290	181
291	172
292	192
293	160
294	163
295	161
296	178
297	167
298	152
299	156
300	156
301	174
302	190
303	165
304	164
305	150
306	158
307	150
308	143
309	154
310	177
311	153
312	165
313	177
314	148
315	147
316	153
317	157
318	169
319	150
320	162
321	153
322	152
323	145
324	143
325	145
326	152
327	140
328	150
329	153
330	146
331	167
332	160
333	138
334	143
335	146
336	144
337	155
338	149
339	132
340	170
341	133
342	137
343	160
344	159
345	147
346	149
347	134
348	160
349	157
350	148
351	163
352	120
353	142
354	139
355	158
356	141
357	154
358	136
359	138
360	152
361	166
362	150
363	147
364	139
365	149
366	163
367	148
368	151
369	135
370	138
371	142
372	158
373	155
374	144
375	162
376	130
377	139
378	156
379	169
380	141
381	136
382	126
383	171
384	147
385	140
386	148
387	132
388	159
389	157
390	145
391	148
392	152
393	126
394	158
395	137
396	149
397	143
398	148
399	148
400	133
401	153
402	158
403	144
404	137
405	163
406	166
407	151
408	145
409	165
410	130
411	134
412	138
413	139
414	159
415	127
416	136
417	161
418	134
419	144
420	142
421	151
422	137
423	148
424	163
425	159
426	142
427	157
428	158
429	157
430	145
431	153
432	156
433	150
434	130
435	137
436	133
437	151
438	155
439	160
440	145
441	172
442	162
443	166
444	146
445	164
446	131
447	144
448	131
449	141
450	134
451	126
452	127
453	155
454	135
455	127
456	139
457	150
458	135
459	120
460	130
461	108
462	130
463	133
464	135
465	114
466	137
467	132
468	151
469	125
470	138
471	157
472	145
473	129
474	151
475	128
476	176
477	147
478	131
479	126
480	141
481	146
482	173
483	138
484	150
485	133
486	140
487	133
488	137
489	145
490	146
491	135
492	135
493	126
494	142
495	123
496	132
497	143
498	136
499	101
500	138
501	150
502	137
503	129
504	106
505	136
506	138
507	126
508	141
509	128
510	155
511	148
512	141
513	124
514	124
515	146
516	131
517	131
518	134
519	139
520	143
521	142
522	132
523	160
524	138
525	145
526	145
527	134
528	127
529	157
530	125
531	133
532	133
533	128
534	131
535	125
536	131
537	112
538	116
539	126
540	125
541	142
542	127
543	141
544	128
545	159
546	127
547	166
548	135
549	131
550	137
551	121
552	146
553	138
554	145
555	147
556	162
557	146
558	168
559	143
560	137
561	135
562	140
563	150
564	129
565	154
566	163
567	155
568	145
569	154
570	120
571	153
572	153
573	158
574	164
575	142
576	151
577	155
578	130
579	151
580	137
581	146
582	164
583	162
584	147
585	161
586	159
587	156
588	143
589	169
590	137
591	144
592	154
593	158
594	153
595	142
596	164
597	143
598	147
599	142
600	165
601	157
602	157
603	134
604	123
605	162
606	138
607	168
608	134
609	152
610	163
611	154
612	139
613	129
614	134
615	154
616	131
617	151
618	152
619	125
620	145
621	152
622	159
623	161
624	154
625	143
626	130
627	161
628	157
629	144
630	123
631	151
632	137
633	139
634	155
635	132
636	157
637	153
638	153
639	144
640	147
641	123
642	126
643	134
644	125
645	130
646	140
647	149
648	145
649	127
650	156
651	145
652	130
653	156
654	139
655	148
656	122
657	120
658	136
659	114
660	120
661	124
662	130
663	117
664	133
665	144
666	121
667	149
668	138
669	121
670	136
671	123
672	148
673	118
674	134
675	130
676	101
677	120
678	118
679	140
680	129
681	131
682	142
683	126
684	92
685	124
686	143
687	147
688	125
689	119
690	136
691	118
692	126
693	126
694	122
695	151
696	139
697	149
698	136
699	125
700	139
701	112
702	120
703	129
704	129
705	125
706	127
707	111
708	137
709	124
710	126
711	124
712	143
713	126
714	129
715	125
716	141
717	113
718	116
719	124
720	126
721	133
722	126
723	125
724	140
725	128
726	129
727	121
728	134
729	123
730	112
731	140
732	127
733	110
734	106
735	122
736	120
737	122
738	121
739	127
740	116
741	135
742	100
743	99
744	120
745	126
746	124
747	114
748	126
749	113
750	122
751	125
752	99
753	117
754	128
755	128
756	106
757	115
758	119
759	103
760	105
761	116
762	112
763	103
764	104
765	126
766	133
767	111
768	124
769	110
770	109
771	120
772	126
773	105
774	126
775	115
776	105
777	122
778	100
779	129
780	114
781	103
782	124
783	127
784	128
785	125
786	120
787	119
788	103
789	111
790	122
791	123
792	111
793	103
794	112
795	126
796	113
797	101
798	102
799	119
800	108
801	120
802	120
803	108
804	120
805	110
806	87
807	121
808	107
809	133
810	109
811	123
812	113
813	132
814	131
815	101
816	113
817	104
818	129
819	111
820	111
821	109
822	105
823	107
824	111
825	106
826	125
827	124
828	97
829	102
830	114
831	134
832	104
833	84
834	108
835	108
836	116
837	113
838	98
839	90
840	110
841	115
842	110
843	113
844	98
845	117
846	100
847	112
848	112
849	108
850	95
851	106
852	97
853	107
854	105
855	103
856	119
857	100
858	81
859	104
860	106
861	106
862	101
863	108
864	104
865	115
866	91
867	89
868	114
869	108
870	110
871	102
872	102
873	113
874	101
875	86
876	118
877	114
878	111
879	113
880	109
881	94
882	102
883	121
884	109
885	119
886	98
887	116
888	120
889	96
890	103
891	105
892	106
893	109
894	128
895	91
896	105
897	88
898	112
899	93
900	98
901	94
902	120
903	93
904	97
905	85
906	111
907	88
908	105
909	84
910	108
911	115
912	105
913	105
914	100
915	95
916	105
917	101
918	105
919	115
920	75
921	97
922	99
923	105
924	106
925	93
926	92
927	110
928	96
929	110
930	110
931	102
932	101
933	109
934	116
935	96
936	111
937	118
938	95
939	102
940	113
941	121
942	97
943	114
944	114
945	100
946	106
947	114
948	109
949	108
950	104
951	115
952	105
953	107
954	102
955	104
956	109
957	107
958	112
959	95
960	114
961	112
962	100
963	105
964	111
965	101
966	106
967	106
968	104
969	107
970	105
971	99
972	94
973	93
974	97
975	106
976	108
977	115
978	103
979	107
980	96
981	108
982	97
983	110
984	108
985	94
986	92
987	99
988	111
989	107
990	113
991	107
992	102
993	112
994	104
995	115
996	89
997	115
998	94
999	114
1000	112
1001	90
1002	108
1003	111
1004	101
1005	103
1006	81
1007	95
1008	85
1009	89
1010	87
1011	84
1012	91
1013	102
1014	118
1015	103
1016	96
1017	112
1018	117
1019	105
1020	108
1021	106
1022	88
1023	99
1024	103
1025	107
1026	100
1027	101
1028	91
1029	93
1030	114
1031	110
1032	103
1033	94
1034	98
1035	96
1036	91
1037	83
1038	97
1039	100
1040	98
1041	79
1042	99
1043	89
1044	102
1045	88
1046	109
1047	84
1048	98
1049	90
1050	82
1051	81
1052	80
1053	96
1054	84
1055	83
1056	102
1057	99
1058	85
1059	75
1060	75
1061	85
1062	100
1063	80
1064	88
1065	98
1066	76
1067	77
1068	76
1069	91
1070	82
1071	80
1072	77
1073	87
1074	89
1075	81
1076	78
1077	70
1078	64
1079	87
1080	67
1081	74
1082	70
1083	70
1084	78
1085	91
1086	78
1087	70
1088	80
1089	79
1090	66
1091	80
1092	86
1093	61
1094	73
1095	63
1096	50
1097	69
1098	73
1099	73
1100	81
1101	77
1102	60
1103	77
1104	73
1105	94
1106	60
1107	72
1108	63
1109	60
1110	77
1111	58
1112	58
1113	61
1114	80
1115	65
1116	69
1117	65
1118	71
1119	70
1120	68
1121	73
1122	60
1123	60
1124	69
1125	58
1126	64
1127	54
1128	85
1129	76
1130	66
1131	62
1132	63
1133	72
1134	67
1135	59
1136	62
1137	46
1138	58
1139	57
1140	61
1141	58
1142	56
1143	49
1144	61
1145	54
1146	49
1147	56
1148	43
1149	57
1150	44
1151	63
1152	55
1153	53
1154	55
1155	51
1156	51
1157	56
1158	52
1159	60
1160	68
1161	63
1162	63
1163	50
1164	67
1165	57
1166	70
1167	57
1168	61
1169	63
1170	62
1171	61
1172	49
1173	58
1174	43
1175	66
1176	65
1177	49
1178	43
1179	47
1180	75
1181	58
1182	56
1183	49
1184	55
1185	58
1186	50
1187	59
1188	59
1189	61
1190	50
1191	45
1192	54
1193	58
1194	38
1195	48
1196	52
1197	48
1198	61
1199	60
1200	53
1201	53
1202	53
1203	60
1204	47
1205	60
1206	47
1207	57
1208	56
1209	56
1210	67
1211	51
1212	54
1213	48
1214	66
1215	50
1216	62
1217	52
1218	44
1219	59
1220	59
1221	46
1222	62
1223	52
1224	56
1225	61
1226	52
1227	53
1228	48
1229	61
1230	48
1231	51
1232	62
1233	34
1234	62
1235	57
1236	43
1237	63
1238	43
1239	58
1240	57
1241	51
1242	51
1243	63
1244	55
1245	63
1246	50
1247	48
1248	48
1249	56
1250	57
1251	52
1252	57
1253	46
1254	56
1255	58
1256	49
1257	46
1258	53
1259	48
1260	56
1261	42
1262	60
1263	55
1264	54
1265	59
1266	63
1267	50
1268	45
1269	56
1270	42
1271	54
1272	45
1273	62
1274	44
1275	40
1276	60
1277	51
1278	42
1279	52
1280	47
1281	50
1282	58
1283	56
1284	56
1285	50
1286	57
1287	57
1288	64
1289	50
1290	62
1291	57
1292	38
1293	56
1294	52
1295	52
1296	52
1297	45
1298	60
1299	44
1300	50
1301	53
1302	62
1303	48
1304	52
1305	38
1306	53
1307	51
1308	72
1309	47
1310	43
1311	63
1312	62
1313	60
1314	52
1315	48
1316	63
1317	66
1318	45
1319	63
1320	53
1321	50
1322	56
1323	60
1324	47
1325	69
1326	50
1327	61
1328	45
1329	53
1330	46
1331	47
1332	41
1333	58
1334	47
1335	61
1336	62
1337	59
1338	70
1339	54
1340	55
1341	44
1342	45
1343	56
1344	57
1345	66
1346	57
1347	48
1348	48
1349	56
1350	50
1351	60
1352	58
1353	56
1354	61
1355	54
1356	62
1357	54
1358	55
1359	56
1360	52
1361	50
1362	59
1363	63
1364	69
1365	43
1366	58
1367	52
1368	50
1369	60
1370	53
1371	54
1372	38
1373	46
1374	58
1375	53
1376	57
1377	62
1378	72
1379	62
1380	55
1381	55
1382	69
1383	59
1384	65
1385	56
1386	61
1387	57
1388	50
1389	52
1390	53
1391	52
1392	45
1393	52
1394	50
1395	47
1396	71
1397	58
1398	44
1399	57
1400	54
1401	46
1402	68
1403	50
1404	45
1405	61
1406	73
1407	59
1408	58
1409	59
1410	41
1411	55
1412	41
1413	64
1414	57
1415	34
1416	54
1417	46
1418	52
1419	55
1420	48
1421	57
1422	59
1423	60
1424	47
1425	42
1426	61
1427	56
1428	55
1429	61
1430	53
1431	72
1432	44
1433	50
1434	53
1435	59
1436	67
1437	41
1438	44
1439	58
1440	49
1441	51
1442	56
1443	70
1444	52
1445	51
1446	62
1447	46
1448	48
1449	63
1450	50
1451	56
1452	63
1453	37
1454	49
1455	60
1456	62
1457	60
1458	67
1459	60
1460	69
1461	46
1462	63
1463	52
1464	60
1465	58
1466	65
1467	53
1468	49
1469	46
1470	53
1471	58
1472	53
1473	60
1474	60
1475	60
1476	60
1477	62
1478	82
1479	52
1480	60
1481	61
1482	50
1483	77
1484	84
1485	77
1486	74
1487	61
1488	76
1489	59
1490	82
1491	57
1492	69
1493	74
1494	75
1495	79
1496	72
1497	67
1498	72
1499	68
1500	83
1501	68
1502	82
1503	94
1504	84
1505	94
1506	91
1507	97
1508	117
1509	109
1510	73
1511	102
1512	125
1513	95
1514	110
1515	113
1516	124
1517	130
1518	95
1519	105
1520	120
1521	125
1522	154
1523	113
1524	132
1525	118
1526	129
1527	175
1528	139
1529	125
1530	130
1531	157
1532	177
1533	171
1534	169
1535	166
1536	187
1537	180
1538	204
1539	194
1540	168
1541	219
1542	209
1543	172
1544	205
1545	190
1546	246
1547	213
1548	240
1549	233
1550	268
1551	230
1552	258
1553	233
1554	230
1555	302
1556	270
1557	279
1558	280
1559	285
1560	303
1561	316
1562	282
1563	305
1564	283
1565	310
1566	363
1567	338
1568	366
1569	363
1570	364
1571	386
1572	340
1573	360
1574	363
1575	394
1576	391
1577	390
1578	444
1579	397
1580	444
1581	439
1582	428
1583	467
1584	390
1585	453
1586	434
1587	428
1588	462
1589	461
1590	538
1591	530
1592	505
1593	541
1594	547
1595	503
1596	531
1597	569
1598	525
1599	543
1600	559
1601	560
1602	559
1603	615
1604	614
1605	555
1606	547
1607	570
1608	564
1609	576
1610	576
1611	617
1612	635
1613	595
1614	643
1615	605
1616	666
1617	637
1618	661
1619	650
1620	604
1621	682
1622	629
1623	671
1624	659
1625	632
1626	629
1627	662
1628	681
1629	661
1630	689
1631	684
1632	673
1633	649
1634	662
1635	701
1636	636
1637	655
1638	675
1639	683
1640	711
1641	648
1642	712
1643	634
1644	725
1645	751
1646	669
1647	659
1648	688
1649	669
1650	662
1651	701
1652	692
1653	683
1654	645
1655	662
1656	665
1657	664
1658	655
1659	693
1660	647
1661	608
1662	627
1663	620
1664	620
1665	659
1666	601
1667	611
1668	584
1669	587
1670	580
1671	605
1672	594
1673	533
1674	579
1675	554
1676	540
1677	524
1678	533
1679	539
1680	553
1681	540
1682	520
1683	544
1684	529
1685	539
1686	472
1687	511
1688	472
1689	495
1690	446
1691	476
1692	467
1693	426
1694	458
1695	423
1696	425
1697	410
1698	415
1699	386
1700	388
1701	389
1702	408
1703	377
1704	345
1705	359
1706	370
1707	335
1708	347
1709	301
1710	303
1711	333
1712	297
1713	292
1714	276
1715	277
1716	269
1717	259
1718	266
1719	268
1720	264
1721	256
1722	276
1723	242
1724	253
1725	221
1726	228
1727	199
1728	197
1729	226
1730	192
1731	187
1732	175
1733	156
1734	180
1735	167
1736	165
1737	177
1738	186
1739	153
1740	128
1741	147
1742	150
1743	125
1744	151
1745	131
1746	118
1747	135
1748	105
1749	115
1750	110
1751	106
1752	126
1753	98
1754	105
1755	91
1756	96
1757	96
1758	83
1759	95
1760	93
1761	70
1762	92
1763	71
1764	68
1765	59
1766	74
1767	65
1768	63
1769	63
1770	62
1771	59
1772	53
1773	54
1774	54
1775	59
1776	52
1777	64
1778	41
1779	34
1780	52
1781	39
1782	43
1783	50
1784	50
1785	54
1786	39
1787	49
1788	34
1789	42
1790	30
1791	31
1792	29
1793	34
1794	30
1795	35
1796	26
1797	38
1798	29
1799	29
1800	29
1801	36
1802	30
1803	33
1804	34
1805	25
1806	37
1807	33
1808	24
1809	37
1810	26
1811	30
1812	26
1813	28
1814	29
1815	28
1816	27
1817	29
1818	31
1819	33
1820	14
1821	33
1822	21
1823	23
1824	26
1825	33
1826	26
1827	25
1828	30
1829	27
1830	25
1831	25
1832	24
1833	27
1834	38
1835	23
1836	24
1837	29
1838	27
1839	26
1840	21
1841	16
1842	25
1843	20
1844	30
1845	25
1846	24
1847	30
1848	15
1849	20
1850	31
1851	30
1852	34
1853	17
1854	27
1855	21
1856	19
1857	33
1858	35
1859	17
1860	24
1861	19
1862	14
1863	17
1864	24
1865	20
1866	29
1867	24
1868	26
1869	28
1870	27
1871	32
1872	25
1873	22
1874	21
1875	36
1876	25
1877	21
1878	24
1879	24
1880	21
1881	21
1882	32
1883	27
1884	25
1885	26
1886	23
1887	32
1888	32
1889	22
1890	21
1891	28
1892	23
1893	26
1894	30
1895	33
1896	16
1897	19
1898	26
1899	21
1900	13
1901	28
1902	22
1903	24
1904	22
1905	21
1906	16
1907	24
1908	33
1909	24
1910	21
1911	30
1912	17
1913	26
1914	26
1915	26
1916	20
1917	22
1918	38
1919	22
1920	25
1921	24
1922	20
1923	29
1924	22
1925	21
1926	20
1927	19
1928	30
1929	30
1930	29
1931	25
1932	23
1933	25
1934	23
1935	20
1936	23
1937	18
1938	28
1939	28
1940	18
1941	35
1942	22
1943	16
1944	20
1945	29
1946	21
1947	24
1948	26
1949	29
1950	26
1951	19
1952	28
1953	27
1954	19
1955	27
1956	27
1957	27
1958	27
1959	28
1960	18
1961	29
1962	21
1963	25
1964	31
1965	27
1966	17
1967	26
1968	28
1969	27
1970	27
1971	19
1972	31
1973	20
1974	22
1975	20
1976	25
1977	28
1978	17
1979	23
1980	28
1981	38
1982	21
1983	24
1984	18
1985	22
1986	24
1987	22
1988	10
1989	27
1990	21
1991	30
1992	30
1993	12
1994	16
1995	25
1996	22
1997	22
1998	23
1999	24
2000	27
2001	24
2002	19
2003	21
2004	29
2005	20
2006	19
2007	20
2008	25
2009	26
2010	26
2011	21
2012	18
2013	22
2014	22
2015	27
2016	25
2017	21
2018	23
2019	23
2020	22
2021	21
2022	20
2023	25
2024	24
2025	21
2026	26
2027	21
2028	26
2029	20
2030	23
2031	28
2032	24
2033	31
2034	21
2035	27
2036	27
2037	20
2038	19
2039	34
2040	20
2041	27
2042	18
2043	23
2044	25
2045	21
2046	27
2047	36
2048	28
2049	25
2050	16
2051	17
2052	28
2053	29
2054	23
2055	13
2056	22
2057	22
2058	21
2059	21
2060	20
2061	19
2062	26
2063	25
2064	27
2065	22
2066	20
2067	29
2068	20
2069	24
2070	31
2071	30
2072	17
2073	23
2074	31
2075	18
2076	38
2077	25
2078	21
2079	28
2080	22
2081	24
2082	19
2083	32
2084	26
2085	16
2086	19
2087	34
2088	25
2089	24
2090	15
2091	17
2092	35
2093	23
2094	14
2095	18
2096	23
2097	17
2098	25
2099	25
2100	18
2101	20
2102	25
2103	30
2104	25
2105	22
2106	25
2107	28
2108	29
2109	30
2110	23
2111	26
2112	19
2113	28
2114	27
2115	32
2116	27
2117	25
2118	30
2119	26
2120	27
2121	25
2122	22
2123	23
2124	23
2125	24
2126	26
2127	25
2128	26
2129	21
2130	25
2131	16
2132	21
2133	21
2134	24
2135	26
2136	19
2137	29
2138	23
2139	22
2140	18
2141	16
2142	32
2143	18
2144	25
2145	17
2146	14
2147	15
2148	19
2149	25
2150	31
2151	27
2152	15
2153	22
2154	20
2155	26
2156	23
2157	23
2158	23
2159	25
2160	24
2161	27
2162	26
2163	18
2164	20
2165	19
2166	27
2167	20
2168	30
2169	21
2170	27
2171	22
2172	20
2173	19
2174	18
2175	17
2176	23
2177	29
2178	24
2179	21
2180	22
2181	26
2182	25
2183	31
2184	21
2185	25
2186	20
2187	26
2188	11
2189	18
2190	25
2191	19
2192	15
2193	19
2194	22
2195	19
2196	17
2197	19
2198	25
2199	17
2200	17
2201	25
2202	21
2203	23
2204	13
2205	26
2206	26
2207	23
2208	23
2209	17
2210	21
2211	25
2212	20
2213	26
2214	16
2215	28
2216	23
2217	27
2218	20
2219	35
2220	18
2221	21
2222	28
2223	26
2224	22
2225	24
2226	24
2227	23
2228	23
2229	24
2230	24
2231	26
2232	25
2233	27
2234	18
2235	25
2236	26
2237	23
2238	25
2239	23
2240	21
2241	15
2242	35
2243	13
2244	14
2245	20
2246	18
2247	18
2248	15
2249	19
2250	21
2251	22
2252	26
2253	18
2254	22
2255	17
2256	23
2257	22
2258	21
2259	17
2260	22
2261	31
2262	21
2263	13
2264	17
2265	31
2266	24
2267	20
2268	25
2269	21
2270	26
2271	23
2272	20
2273	26
2274	22
2275	24
2276	18
2277	26
2278	23
2279	15
2280	20
2281	39
2282	16
2283	28
2284	24
2285	19
2286	22
2287	15
2288	19
2289	21
2290	24
2291	23
2292	21
2293	21
2294	16
2295	21
2296	19
2297	14
2298	21
2299	26
2300	19
2301	28
2302	21
2303	24
2304	33
2305	18
2306	18
2307	18
2308	21
2309	28
2310	17
2311	20
2312	32
2313	30
2314	19
2315	12
2316	28
2317	30
2318	25
2319	27
2320	14
2321	13
2322	10
2323	16
2324	25
2325	19
2326	17
2327	33
2328	28
2329	15
2330	15
2331	12
2332	23
2333	21
2334	25
2335	28
2336	29
2337	19
2338	17
2339	15
2340	22
2341	20
2342	20
2343	18
2344	30
2345	19
2346	15
2347	20
2348	17
2349	24
2350	29
2351	23
2352	19
2353	20
2354	26
2355	24
2356	21
2357	20
2358	21
2359	24
2360	18
2361	17
2362	22
2363	19
2364	16
2365	27
2366	19
2367	16
2368	27
2369	14
2370	19
2371	16
2372	15
2373	19
2374	26
2375	20
2376	31
2377	18
2378	12
2379	21
2380	18
2381	27
2382	22
2383	27
2384	27
2385	26
2386	27
2387	21
2388	19
2389	20
2390	32
2391	14
2392	21
2393	23
2394	27
2395	16
2396	19
2397	19
2398	21
2399	37
2400	28
2401	16
2402	17
2403	20
2404	19
2405	28
2406	27
2407	28
2408	23
2409	18
2410	17
2411	22
2412	21
2413	31
2414	18
2415	24
2416	16
2417	22
2418	18
2419	23
2420	24
2421	20
2422	15
2423	13
2424	16
2425	22
2426	23
2427	21
2428	21
2429	15
2430	16
2431	23
2432	17
2433	19
2434	22
2435	16
2436	26
2437	14
2438	26
2439	22
2440	29
2441	20
2442	23
2443	18
2444	18
2445	18
2446	28
2447	25
2448	22
2449	20
2450	20
2451	29
2452	31
2453	18
2454	21
2455	21
2456	28
2457	20
2458	19
2459	18
2460	16
2461	19
2462	19
2463	29
2464	18
2465	22
2466	16
2467	32
2468	19
2469	20
2470	29
2471	27
2472	24
2473	13
2474	31
2475	19
2476	17
2477	23
2478	26
2479	27
2480	22
2481	18
2482	18
2483	21
2484	20
2485	22
2486	19
2487	16
2488	30
2489	21
2490	23
2491	28
2492	15
2493	21
2494	23
2495	24
2496	24
2497	28
2498	17
2499	29
2500	22
2501	26
2502	24
2503	24
2504	21
2505	17
2506	22
2507	19
2508	30
2509	23
2510	23
2511	17
2512	20
2513	21
2514	12
2515	22
2516	29
2517	17
2518	20
2519	18
2520	18
2521	28
2522	24
2523	22
2524	23
2525	19
2526	15
2527	14
2528	19
2529	19
2530	18
2531	22
2532	33
2533	18
2534	19
2535	16
2536	22
2537	22
2538	21
2539	21
2540	16
2541	19
2542	25
2543	20
2544	18
2545	16
2546	26
2547	18
2548	27
2549	28
2550	18
2551	16
2552	24
2553	16
2554	23
2555	19
2556	24
2557	29
2558	13
2559	27
2560	19
2561	16
2562	18
2563	26
2564	22
2565	28
2566	22
2567	26
2568	14
2569	22
2570	23
2571	21
2572	17
2573	18
2574	17
2575	24
2576	12
2577	19
2578	22
2579	27
2580	22
2581	26
2582	20
2583	16
2584	30
2585	16
2586	22
2587	27
2588	19
2589	22
2590	26
2591	26
2592	11
2593	21
2594	27
2595	18
2596	14
2597	22
2598	18
2599	20
2600	18
2601	19
2602	20
2603	22
2604	20
2605	22
2606	26
2607	22
2608	31
2609	22
2610	19
2611	19
2612	16
2613	24
2614	19
2615	16
2616	21
2617	24
2618	18
2619	22
2620	20
2621	26
2622	20
2623	24
2624	22
2625	16
2626	16
2627	21
2628	16
2629	12
2630	14
2631	30
2632	23
2633	24
2634	27
2635	23
2636	16
2637	20
2638	22
2639	19
2640	21
2641	15
2642	16
2643	19
2644	18
2645	22
2646	24
2647	24
2648	22
2649	16
2650	18
2651	19
2652	18
2653	32
2654	17
2655	12
2656	16
2657	30
2658	23
2659	17
2660	23
2661	26
2662	17
2663	24
2664	17
2665	23
2666	26
2667	14
2668	22
2669	25
2670	21
2671	24
2672	16
2673	24
2674	23
2675	16
2676	14
2677	27
2678	28
2679	29
2680	23
2681	17
2682	21
2683	21
2684	16
2685	16
2686	25
2687	22
2688	20
2689	33
2690	26
2691	23
2692	26
2693	29
2694	16
2695	26
2696	29
2697	24
2698	22
2699	20
2700	22
2701	23
2702	20
2703	19
2704	23
2705	22
2706	13
2707	22
2708	25
2709	20
2710	15
2711	17
2712	19
2713	20
2714	24
2715	23
2716	23
2717	21
2718	22
2719	20
2720	26
2721	31
2722	29
2723	18
2724	24
2725	28
2726	18
2727	21
2728	17
2729	20
2730	29
2731	24
2732	27
2733	13
2734	25
2735	22
2736	17
2737	15
2738	19
2739	25
2740	19
2741	8
2742	19
2743	18
2744	18
2745	23
2746	17
2747	20
2748	23
2749	18
2750	29
2751	14
2752	30
2753	20
2754	17
2755	17
2756	18
2757	27
2758	25
2759	26
2760	24
2761	21
2762	31
2763	24
2764	30
2765	16
2766	19
2767	23
2768	25
2769	25
2770	27
2771	29
2772	26
2773	29
2774	23
2775	16
2776	30
2777	18
2778	22
2779	22
2780	23
2781	15
2782	22
2783	32
2784	18
2785	20
2786	17
2787	24
2788	19
2789	28
2790	14
2791	23
2792	29
2793	22
2794	14
2795	28
2796	20
2797	23
2798	20
2799	17
2800	28
2801	26
2802	23
2803	23
2804	17
2805	18
2806	18
2807	14
2808	19
2809	25
2810	22
2811	12
2812	17
2813	24
2814	20
2815	18
2816	20
2817	16
2818	23
2819	34
2820	16
2821	18
2822	16
2823	14
2824	18
2825	25
2826	29
2827	18
2828	27
2829	22
2830	27
2831	23
2832	32
2833	20
2834	17
2835	22
2836	14
2837	25
2838	26
2839	25
2840	24
2841	21
2842	25
2843	29
2844	19
2845	11
2846	27
2847	18
2848	19
2849	21
2850	19
2851	18
2852	26
2853	22
2854	26
2855	16
2856	24
2857	27
2858	22
2859	22
2860	17
2861	31
2862	29
2863	14
2864	19
2865	16
2866	30
2867	21
2868	25
2869	21
2870	13
2871	19
2872	30
2873	29
2874	27
2875	22
2876	22
2877	20
2878	21
2879	16
2880	18
2881	23
2882	22
2883	19
2884	20
2885	21
2886	17
2887	30
2888	24
2889	20
2890	19
2891	30
2892	22
2893	11
2894	23
2895	16
2896	20
2897	27
2898	30
2899	29
2900	17
2901	24
2902	18
2903	22
2904	21
2905	20
2906	26
2907	25
2908	25
2909	25
2910	28
2911	16
2912	23
2913	20
2914	22
2915	24
2916	21
2917	20
2918	26
2919	16
2920	26
2921	23
2922	27
2923	23
2924	24
2925	30
2926	22
2927	19
2928	20
2929	19
2930	26
2931	29
2932	18
2933	24
2934	25
2935	28
2936	16
2937	20
2938	24
2939	25
2940	24
2941	31
2942	32
2943	24
2944	24
2945	12
2946	15
2947	28
2948	20
2949	19
2950	26
2951	24
2952	18
2953	20
2954	18
2955	33
2956	12
2957	25
2958	21
2959	20
2960	20
2961	20
2962	26
2963	23
2964	25
2965	27
2966	20
2967	15
2968	21
2969	27
2970	14
2971	24
2972	24
2973	24
2974	22
2975	19
2976	28
2977	31
2978	26
2979	18
2980	32
2981	21
2982	28
2983	15
2984	18
2985	23
2986	16
2987	18
2988	26
2989	16
2990	24
2991	24
2992	29
2993	24
2994	30
2995	24
2996	26
2997	13
2998	23
2999	16
3000	21
3001	20
3002	21
3003	18
3004	23
3005	19
3006	30
3007	32
3008	32
3009	26
3010	23
3011	36
3012	24
3013	25
3014	25
3015	26
3016	19
3017	25
3018	18
3019	29
3020	22
3021	16
3022	16
3023	25
3024	29
3025	19
3026	30
3027	18
3028	18
3029	16
3030	22
3031	23
3032	25
3033	20
3034	18
3035	21
3036	33
3037	28
3038	18
3039	29
3040	18
3041	24
3042	20
3043	15
3044	23
3045	31
3046	21
3047	22
3048	30
3049	23
3050	20
3051	25
3052	21
3053	22
3054	18
3055	26
3056	21
3057	18
3058	25
3059	27
3060	26
3061	28
3062	22
3063	27
3064	27
3065	14
3066	24
3067	21
3068	24
3069	28
3070	21
3071	19
3072	30
3073	24
3074	27
3075	15
3076	25
3077	20
3078	18
3079	25
3080	23
3081	23
3082	28
3083	29
3084	25
3085	18
3086	20
3087	19
3088	19
3089	16
3090	30
3091	13
3092	28
3093	26
3094	20
3095	22
3096	21
3097	27
3098	20
3099	27
3100	40
3101	27
3102	23
3103	24
3104	23
3105	22
3106	23
3107	26
3108	20
3109	19
3110	22
3111	27
3112	28
3113	25
3114	13
3115	23
3116	22
3117	19
3118	13
3119	18
3120	28
3121	22
3122	30
3123	23
3124	19
3125	16
3126	26
3127	20
3128	31
3129	19
3130	14
3131	27
3132	23
3133	17
3134	25
3135	22
3136	17
3137	15
3138	29
3139	25
3140	17
3141	25
3142	22
3143	14
3144	18
3145	23
3146	22
3147	22
3148	23
3149	15
3150	17
3151	26
3152	20
3153	20
3154	17
3155	19
3156	20
3157	27
3158	17
3159	23
3160	14
3161	20
3162	14
3163	22
3164	18
3165	25
3166	27
3167	14
3168	19
3169	19
3170	26
3171	21
3172	27
3173	25
3174	22
3175	19
3176	19
3177	24
3178	15
3179	23
3180	25
3181	13
3182	18
3183	16
3184	18
3185	25
3186	20
3187	25
3188	13
3189	20
3190	10
3191	23
3192	16
3193	20
3194	11
3195	20
3196	15
3197	19
3198	21
3199	19
3200	15
3201	9
3202	24
3203	27
3204	15
3205	23
3206	14
3207	17
3208	23
3209	21
3210	19
3211	28
3212	21
3213	20
3214	21
3215	17
3216	13
3217	18
3218	19
3219	17
3220	16
3221	15
3222	17
3223	14
3224	10
3225	22
3226	24
3227	17
3228	13
3229	12
3230	24
3231	16
3232	14
3233	26
3234	23
3235	14
3236	13
3237	11
3238	16
3239	16
3240	11
3241	19
3242	15
3243	17
3244	14
3245	17
3246	19
3247	11
3248	15
3249	14
3250	12
3251	23
3252	17
3253	15
3254	12
3255	14
3256	14
3257	14
3258	18
3259	12
3260	21
3261	16
3262	21
3263	20
3264	13
3265	23
3266	15
3267	12
3268	17
3269	14
3270	11
3271	20
3272	12
3273	16
3274	15
3275	11
3276	13
3277	11
3278	18
3279	15
3280	13
3281	15
3282	7
3283	15
3284	12
3285	13
3286	16
3287	10
3288	16
3289	17
3290	13
3291	12
3292	12
3293	13
3294	13
3295	6
3296	21
3297	12
3298	4
3299	16
3300	11
3301	16
3302	9
3303	13
3304	10
3305	17
3306	10
3307	16
3308	13
3309	10
3310	10
3311	10
3312	13
3313	10
3314	15
3315	11
3316	16
3317	9
3318	8
3319	12
3320	7
3321	16
3322	12
3323	9
3324	11
3325	9
3326	10
3327	5
3328	12
3329	13
3330	16
3331	10
3332	13
3333	9
3334	11
3335	14
3336	6
3337	17
3338	8
3339	12
3340	8
3341	12
3342	9
3343	10
3344	12
3345	13
3346	7
3347	9
3348	7
3349	8
3350	12
3351	8
3352	8
3353	10
3354	8
3355	6
3356	14
3357	14
3358	4
3359	4
3360	9
3361	6
3362	5
3363	7
3364	8
3365	6
3366	6
3367	9
3368	6
3369	11
3370	14
3371	6
3372	12
3373	6
3374	5
3375	4
3376	12
3377	10
3378	7
3379	9
3380	6
3381	7
3382	9
3383	11
3384	10
3385	10
3386	7
3387	1
3388	9
3389	11
3390	6
3391	7
3392	6
3393	7
3394	5
3395	5
3396	8
3397	10
3398	9
3399	7
3400	5
3401	10
3402	5
3403	9
3404	11
3405	7
3406	6
3407	8
3408	11
3409	11
3410	8
3411	5
3412	8
3413	10
3414	9
3415	12
3416	3
3417	5
3418	8
3419	7
3420	14
3421	13
3422	4
3423	8
3424	5
3425	9
3426	5
3427	5
3428	6
3429	11
3430	5
3431	7
3432	9
3433	8
3434	8
3435	2
3436	9
3437	6
3438	8
3439	6
3440	5
3441	3
3442	8
3443	4
3444	11
3445	6
3446	9
3447	4
3448	7
3449	3
3450	7
3451	3
3452	9
3453	4
3454	5
3455	8
3456	1
3457	6
3458	5
3459	5
3460	5
3461	4
3462	5
3463	6
3464	4
3465	6
3466	10
3467	8
3468	4
3469	3
3470	3
3471	2
3472	4
3473	9
3474	6
3475	14
3476	7
3477	2
3478	7
3479	2
3480	4
3481	7
3482	7
3483	8
3484	4
3485	9
3486	2
3487	4
3488	4
3489	7
3490	9
3491	2
3492	9
3493	2
3494	5
3495	2
3496	7
3497	5
3498	2
3499	5
3500	5
3501	7
3502	7
3503	3
3504	3
3505	4
3506	3
3507	11
3508	2
3509	5
3510	6
3511	0
3512	6
3513	4
3514	4
3515	4
3516	5
3517	7
3518	6
3519	5
3520	4
3521	5
3522	3
3523	4
3524	2
3525	6
3526	5
3527	7
3528	3
3529	5
3530	5
3531	9
3532	4
3533	3
3534	2
3535	5
3536	6
3537	5
3538	4
3539	5
3540	5
3541	5
3542	1
3543	2
3544	7
3545	2
3546	3
3547	2
3548	3
3549	1
3550	3
3551	4
3552	4
3553	3
3554	6
3555	2
3556	2
3557	3
3558	6
3559	6
3560	2
3561	9
3562	8
3563	5
3564	8
3565	3
3566	4
3567	2
3568	1
3569	3
3570	2
3571	3
3572	7
3573	5
3574	6
3575	4
3576	4
3577	1
3578	8
3579	8
3580	2
3581	3
3582	8
3583	5
3584	12
3585	5
3586	8
3587	7
3588	5
3589	7
3590	5
3591	1
3592	3
3593	2
3594	0
3595	6
3596	1
3597	3
3598	3
3599	5
3600	7
3601	4
3602	1
3603	4
3604	3
3605	3
3606	3
3607	5
3608	1
3609	4
3610	4
3611	4
3612	4
3613	3
3614	9
3615	4
3616	10
3617	3
3618	6
3619	6
3620	8
3621	6
3622	7
3623	1
3624	1
3625	5
3626	6
3627	4
3628	7
3629	3
3630	5
3631	3
3632	3
3633	2
3634	4
3635	1
3636	5
3637	3
3638	6
3639	6
3640	5
3641	2
3642	5
3643	6
3644	3
3645	3
3646	2
3647	1
3648	2
3649	3
3650	2
3651	5
3652	3
3653	6
3654	7
3655	4
3656	8
3657	3
3658	5
3659	7
3660	4
3661	3
3662	3
3663	3
3664	4
3665	2
3666	7
3667	9
3668	5
3669	6
3670	3
3671	5
3672	1
3673	5
3674	5
3675	5
3676	3
3677	5
3678	5
3679	6
3680	5
3681	2
3682	5
3683	5
3684	3
3685	4
3686	6
3687	1
3688	5
3689	5
3690	5
3691	4
3692	5
3693	3
3694	3
3695	4
3696	3
3697	5
3698	5
3699	0
3700	7
3701	5
3702	4
3703	6
3704	4
3705	5
3706	4
3707	5
3708	6
3709	9
3710	8
3711	4
3712	5
3713	10
3714	7
3715	8
3716	5
3717	3
3718	3
3719	10
3720	5
3721	7
3722	8
3723	8
3724	5
3725	5
3726	8
3727	2
3728	10
3729	8
3730	6
3731	8
3732	8
3733	5
3734	8
3735	8
3736	4
3737	8
3738	4
3739	7
3740	8
3741	11
3742	14
3743	7
3744	12
3745	7
3746	12
3747	8
3748	12
3749	11
3750	5
3751	11
3752	11
3753	9
3754	13
3755	11
3756	14
3757	11
3758	7
3759	10
3760	8
3761	14
3762	8
3763	11
3764	18
3765	16
3766	13
3767	13
3768	11
3769	14
3770	22
3771	16
3772	16
3773	10
3774	17
3775	14
3776	15
3777	15
3778	20
3779	17
3780	12
3781	24
3782	16
3783	11
3784	18
3785	11
3786	18
3787	20
3788	18
3789	18
3790	20
3791	20
3792	18
3793	24
3794	24
3795	18
3796	19
3797	20
3798	24
3799	26
3800	16
3801	23
3802	26
3803	25
3804	17
3805	24
3806	30
3807	32
3808	19
3809	16
3810	24
3811	24
3812	21
3813	31
3814	26
3815	29
3816	27
3817	28
3818	27
3819	37
3820	24
3821	26
3822	20
3823	33
3824	23
3825	33
3826	45
3827	36
3828	33
3829	25
3830	29
3831	28
3832	36
3833	30
3834	19
3835	24
3836	35
3837	28
3838	38
3839	37
3840	34
3841	34
3842	32
3843	37
3844	50
3845	38
3846	46
3847	38
3848	41
3849	44
3850	39
3851	45
3852	50
3853	39
3854	38
3855	42
3856	58
3857	48
3858	40
3859	43
3860	37
3861	47
3862	46
3863	49
3864	47
3865	47
3866	45
3867	38
3868	51
3869	47
3870	51
3871	52
3872	44
3873	57
3874	61
3875	59
3876	53
3877	58
3878	55
3879	40
3880	51
3881	51
3882	63
3883	62
3884	59
3885	53
3886	80
3887	62
3888	72
3889	53
3890	84
3891	66
3892	64
3893	79
3894	57
3895	88
3896	62
3897	71
3898	68
3899	40
3900	66
3901	73
3902	69
3903	71
3904	79
3905	86
3906	59
3907	74
3908	60
3909	74
3910	80
3911	73
3912	90
3913	77
3914	97
3915	57
3916	81
3917	81
3918	81
3919	85
3920	77
3921	85
3922	70
3923	85
3924	86
3925	87
3926	84
3927	84
3928	76
3929	82
3930	82
3931	83
3932	73
3933	88
3934	88
3935	96
3936	77
3937	75
3938	94
3939	90
3940	101
3941	89
3942	100
3943	89
3944	92
3945	100
3946	99
3947	87
3948	82
3949	89
3950	84
3951	89
3952	81
3953	99
3954	106
3955	83
3956	92
3957	114
3958	100
3959	104
3960	93
3961	119
3962	98
3963	106
3964	114
3965	90
3966	111
3967	87
3968	88
3969	79
3970	96
3971	96
3972	75
3973	94
3974	97
3975	89
3976	92
3977	98
3978	101
3979	93
3980	102
3981	92
3982	89
3983	117
3984	100
3985	98
3986	89
3987	86
3988	92
3989	95
3990	88
3991	90
3992	87
3993	91
3994	96
3995	79
3996	92
3997	107
3998	94
3999	125
4000	107
4001	97
4002	105
4003	88
4004	94
4005	102
4006	98
4007	91
4008	81
4009	117
4010	88
4011	93
4012	90
4013	89
4014	93
4015	95
4016	98
4017	77
4018	79
4019	80
4020	84
4021	92
4022	96
4023	88
4024	82
4025	104
4026	101
4027	109
4028	90
4029	95
4030	93
4031	66
4032	95
4033	103
4034	81
4035	81
4036	90
4037	98
4038	77
4039	79
4040	88
4041	75
4042	72
4043	69
4044	74
4045	91
4046	72
4047	90
4048	95
4049	75
4050	70
4051	95
4052	89
4053	75
4054	76
4055	88
4056	71
4057	70
4058	62
4059	79
4060	61
4061	80
4062	64
4063	75
4064	67
4065	69
4066	56
4067	75
4068	81
4069	65
4070	69
4071	73
4072	55
4073	69
4074	72
4075	56
4076	62
4077	48
4078	61
4079	58
4080	76
4081	52
4082	66
4083	65
4084	57
4085	55
4086	56
4087	59
4088	61
4089	57
4090	64
4091	50
4092	53
4093	59
4094	45
4095	54
4096	64
4097	52
4098	50
4099	41
4100	54
4101	48
4102	32
4103	50
4104	49
4105	45
4106	42
4107	49
4108	39
4109	43
4110	42
4111	45
4112	48
4113	51
4114	51
4115	38
4116	43
4117	49
4118	29
4119	39
4120	42
4121	43
4122	47
4123	33
4124	37
4125	46
4126	42
4127	30
4128	28
4129	37
4130	42
4131	33
4132	35
4133	26
4134	31
4135	35
4136	27
4137	39
4138	39
4139	23
4140	33
4141	21
4142	35
4143	32
4144	33
4145	33
4146	25
4147	31
4148	28
4149	31
4150	23
4151	28
4152	18
4153	21
4154	25
4155	21
4156	27
4157	24
4158	14
4159	16
4160	21
4161	18
4162	20
4163	26
4164	33
4165	14
4166	23
4167	22
4168	26
4169	17
4170	17
4171	21
4172	13
4173	11
4174	22
4175	17
4176	14
4177	13
4178	13
4179	13
4180	15
4181	19
4182	11
4183	14
4184	17
4185	16
4186	13
4187	8
4188	14
4189	20
4190	16
4191	19
4192	10
4193	15
4194	7
4195	14
4196	10
4197	10
4198	11
4199	8
4200	19
4201	11
4202	11
4203	10
4204	10
4205	12
4206	15
4207	10
4208	7
4209	12
4210	2
4211	10
4212	10
4213	7
4214	9
4215	7
4216	6
4217	5
4218	8
4219	8
4220	8
4221	13
4222	7
4223	5
4224	7
4225	9
4226	7
4227	5
4228	5
4229	8
4230	5
4231	7
4232	7
4233	11
4234	7
4235	7
4236	8
4237	4
4238	5
4239	6
4240	5
4241	5
4242	5
4243	6
4244	5
4245	5
4246	5
4247	0
4248	4
4249	5
4250	6
4251	8
4252	3
4253	10
4254	5
4255	2
4256	5
4257	3
4258	1
4259	4
4260	4
4261	3
4262	5
4263	2
4264	7
4265	2
4266	3
4267	2
4268	0
4269	5
4270	5
4271	6
4272	2
4273	2
4274	4
4275	6
4276	1
4277	2
4278	2
4279	1
4280	5
4281	2
4282	7
4283	4
4284	4
4285	2
4286	3
4287	4
4288	3
4289	1
4290	1
4291	3
4292	2
4293	4
4294	0
4295	0
4296	2
4297	2
4298	1
4299	5
4300	5
4301	2
4302	1
4303	2
4304	2
4305	2
4306	2
4307	2
4308	0
4309	3
4310	5
4311	2
4312	4
4313	2
4314	1
4315	0
4316	2
4317	1
4318	0
4319	0
4320	2
4321	2
4322	3
4323	2
4324	4
4325	0
4326	1
4327	1
4328	1
4329	6
4330	1
4331	0
4332	4
4333	2
4334	3
4335	1
4336	3
4337	3
4338	2
4339	1
4340	1
4341	2
4342	2
4343	1
4344	0
4345	3
4346	2
4347	0
4348	2
4349	1
4350	2
4351	3
4352	1
4353	0
4354	1
4355	2
4356	1
4357	4
4358	0
4359	3
4360	2
4361	1
4362	2
4363	1
4364	3
4365	2
4366	3
4367	0
4368	2
4369	2
4370	2
4371	1
4372	1
4373	2
4374	3
4375	2
4376	1
4377	0
4378	0
4379	0
4380	4
4381	2
4382	1
4383	2
4384	3
4385	4
4386	2
4387	1
4388	1
4389	1
4390	0
4391	2
4392	0
4393	1
4394	0
4395	3
4396	2
4397	1
4398	0
4399	1
4400	1
4401	4
4402	2
4403	2
4404	4
4405	0
4406	1
4407	1
4408	1
4409	2
4410	0
4411	2
4412	1
4413	1
4414	2
4415	0
4416	1
4417	1
4418	2
4419	0
4420	3
4421	0
4422	3
4423	0
4424	5
4425	4
4426	3
4427	2
4428	3
4429	0
4430	2
4431	2
4432	3
4433	0
4434	7
4435	3
4436	2
4437	1
4438	3
4439	3
4440	4
4441	2
4442	1
4443	4
4444	3
4445	1
4446	0
4447	2
4448	2
4449	5
4450	1
4451	0
4452	0
4453	0
4454	2
4455	4
4456	2
4457	3
4458	3
4459	2
4460	1
4461	3
4462	0
4463	2
4464	2
4465	1
4466	0
4467	2
4468	0
4469	4
4470	6
4471	0
4472	2
4473	4
4474	2
4475	4
4476	5
4477	2
4478	1
4479	1
4480	2
4481	2
4482	3
4483	1
4484	3
4485	0
4486	2
4487	2
4488	1
4489	2
4490	3
4491	2
4492	4
4493	3
4494	0
4495	1
4496	2
4497	1
4498	2
4499	4
4500	2
4501	2
4502	0
4503	5
4504	2
4505	1
4506	3
4507	1
4508	3
4509	2
4510	1
4511	2
4512	5
4513	3
4514	1
4515	4
4516	4
4517	1
4518	3
4519	2
4520	5
4521	2
4522	6
4523	4
4524	3
4525	1
4526	3
4527	2
4528	3
4529	3
4530	1
4531	0
4532	4
4533	3
4534	2
4535	1
4536	3
4537	0
4538	2
4539	1
4540	1
4541	1
4542	3
4543	2
4544	3
4545	2
4546	2
4547	0
4548	2
4549	1
4550	1
4551	3
4552	3
4553	0
4554	1
4555	1
4556	4
4557	4
4558	1
4559	4
4560	1
4561	3
4562	0
4563	1
4564	2
4565	2
4566	4
4567	2
4568	0
4569	3
4570	3
4571	2
4572	3
4573	4
4574	4
4575	2
4576	1
4577	3
4578	3
4579	0
4580	1
4581	1
4582	2
4583	2
4584	2
4585	6
4586	2
4587	2
4588	3
4589	4
4590	2
4591	2
4592	1
4593	3
4594	4
4595	4
4596	4
4597	0
4598	1
4599	1
4600	4
4601	2
4602	2
4603	2
4604	2
4605	2
4606	3
4607	4
4608	3
4609	3
4610	5
4611	0
4612	1
4613	2
4614	3
4615	1
4616	2
4617	2
4618	3
4619	1
4620	0
4621	1
4622	3
4623	3
4624	2
4625	3
4626	1
4627	2
4628	3
4629	0
4630	4
4631	2
4632	1
4633	1
4634	4
4635	4
4636	0
4637	1
4638	3
4639	0
4640	3
4641	3
4642	1
4643	2
4644	0
4645	3
4646	3
4647	0
4648	0
4649	1
4650	1
4651	1
4652	4
4653	1
4654	2
4655	4
4656	3
4657	3
4658	3
4659	1
4660	4
4661	1
4662	2
4663	1
4664	4
4665	1
4666	4
4667	1
4668	1
4669	3
4670	0
4671	0
4672	1
4673	2
4674	1
4675	1
4676	2
4677	1
4678	0
4679	0
4680	2
4681	2
4682	1
4683	0
4684	1
4685	1
4686	1
4687	0
4688	2
4689	3
4690	4
4691	2
4692	1
4693	2
4694	1
4695	0
4696	2
4697	0
4698	0
4699	1
4700	2
4701	2
4702	1
4703	4
4704	3
4705	2
4706	1
4707	1
4708	2
4709	1
4710	3
4711	0
4712	2
4713	2
4714	1
4715	0
4716	1
4717	2
4718	0
4719	1
4720	2
4721	1
4722	1
4723	2
4724	0
4725	1
4726	0
4727	2
4728	1
4729	0
4730	1
4731	3
4732	0
4733	0
4734	0
4735	0
4736	0
4737	1
4738	2
4739	0
4740	1
4741	0
4742	1
4743	1
4744	1
4745	0
4746	0
4747	1
4748	1
4749	1
4750	0
4751	2
4752	0
4753	3
4754	2
4755	0
4756	1
4757	2
4758	1
4759	1
4760	1
4761	1
4762	2
4763	3
4764	1
4765	1
4766	2
4767	1
4768	1
4769	0
4770	1
4771	2
4772	2
4773	3
4774	1
4775	1
4776	0
4777	1
4778	2
4779	0
4780	2
4781	1
4782	2
4783	4
4784	0
4785	2
4786	0
4787	0
4788	0
4789	3
4790	1
4791	2
4792	1
4793	1
4794	0
4795	2
4796	1
4797	0
4798	0
4799	2
4800	1
4801	1
4802	1
4803	4
4804	1
4805	1
4806	0
4807	3
4808	1
4809	1
4810	0
4811	3
4812	0
4813	0
4814	0
4815	1
4816	0
4817	2
4818	0
4819	0
4820	0
4821	2
4822	1
4823	2
4824	0
4825	1
4826	1
4827	0
4828	0
4829	0
4830	1
4831	0
4832	2
4833	3
4834	0
4835	1
4836	2
4837	0
4838	0
4839	1
4840	1
4841	1
4842	0
4843	2
4844	0
4845	0
4846	0
4847	2
4848	0
4849	0
4850	1
4851	0
4852	0
4853	1
4854	0
4855	1
4856	2
4857	0
4858	0
4859	1
4860	0
4861	2
4862	0
4863	1
4864	0
4865	0
4866	0
4867	3
4868	2
4869	0
4870	1
4871	1
4872	0
4873	1
4874	2
4875	0
4876	1
4877	1
4878	0
4879	0
4880	0
4881	0
4882	0
4883	0
4884	1
4885	1
4886	1
4887	0
4888	1
4889	1
4890	0
4891	0
4892	0
4893	2
4894	0
4895	1
4896	1
4897	1
4898	1
4899	0
4900	1
4901	1
4902	0
4903	2
4904	0
4905	0
4906	1
4907	0
4908	1
4909	0
4910	0
4911	0
4912	0
4913	0
4914	0
4915	2
4916	1
4917	1
4918	0
4919	1
4920	0
4921	0
4922	0
4923	2
4924	0
4925	0
4926	1
4927	1
4928	2
4929	2
4930	0
4931	2
4932	1
4933	1
4934	2
4935	0
4936	0
4937	1
4938	0
4939	0
4940	1
4941	0
4942	2
4943	0
4944	0
4945	1
4946	1
4947	0
4948	1
4949	0
4950	0
4951	0
4952	1
4953	0
4954	1
4955	0
4956	2
4957	0
4958	1
4959	1
4960	0
4961	4
4962	0
4963	0
4964	2
4965	0
4966	2
4967	1
4968	0
4969	1
4970	0
4971	0
4972	0
4973	1
4974	0
4975	0
4976	1
4977	0
4978	1
4979	1
4980	0
4981	0
4982	0
4983	1
4984	0
4985	0
4986	3
4987	1
4988	0
4989	2
4990	1
4991	0
4992	0
4993	0
4994	1
4995	1
4996	1
4997	0
4998	1
4999	0
5000	2
5001	0
5002	1
5003	0
5004	1
5005	0
5006	0
5007	1
5008	1
5009	0
5010	0
5011	1
5012	1
5013	1
5014	0
5015	0
5016	0
5017	0
5018	1
5019	1
5020	0
5021	0
5022	0
5023	0
5024	0
5025	1
5026	0
5027	0
5028	0
5029	0
5030	1
5031	1
5032	0
5033	0
5034	1
5035	0
5036	0
5037	0
5038	1
5039	2
5040	0
5041	0
5042	1
5043	0
5044	0
5045	0
5046	1
5047	1
5048	0
5049	0
5050	0
5051	2
5052	0
5053	0
5054	1
5055	1
5056	0
5057	1
5058	1
5059	1
5060	0
5061	2
5062	1
5063	3
5064	0
5065	0
5066	0
5067	0
5068	0
5069	0
5070	1
5071	0
5072	0
5073	0
5074	1
5075	1
5076	0
5077	1
5078	1
5079	0
5080	0
5081	0
5082	0
5083	1
5084	1
5085	0
5086	1
5087	0
5088	1
5089	0
5090	0
5091	0
5092	0
5093	2
5094	0
5095	0
5096	1
5097	2
5098	1
5099	2
5100	2
5101	1
5102	1
5103	0
5104	1
5105	0
5106	0
5107	1
5108	0
5109	0
5110	0
5111	0
5112	0
5113	0
5114	1
5115	0
5116	0
5117	0
5118	0
5119	0
5120	0
5121	0
5122	1
5123	1
5124	0
5125	0
5126	1
5127	0
5128	0
5129	0
5130	0
5131	1
5132	0
5133	0
5134	0
5135	2
5136	1
5137	1
5138	0
5139	0
5140	0
5141	0
5142	0
5143	0
5144	1
5145	1
5146	0
5147	0
5148	0
5149	0
5150	1
5151	0
5152	0
5153	0
5154	0
5155	0
5156	0
5157	0
5158	0
5159	0
5160	0
5161	0
5162	1
5163	1
5164	0
5165	0
5166	0
5167	1
5168	0
5169	0
5170	1
5171	1
5172	0
5173	0
5174	0
5175	0
5176	0
5177	0
5178	0
5179	0
5180	0
5181	0
5182	1
5183	0
5184	0
5185	0
5186	0
5187	1
5188	0
5189	0
5190	0
5191	0
5192	0
5193	0
5194	0
5195	0
5196	0
5197	0
5198	0
5199	0
5200	0
5201	0
5202	0
5203	0
5204	1
5205	0
5206	0
5207	0
5208	0
5209	0
5210	1
5211	0
5212	1
5213	0
5214	1
5215	0
5216	1
5217	0
5218	0
5219	0
5220	0
5221	1
5222	0
5223	0
5224	1
5225	1
5226	0
5227	0
5228	0
5229	2
5230	1
5231	2
5232	1
5233	0
5234	0
5235	0
5236	0
5237	0
5238	0
5239	0
5240	1
5241	0
5242	1
5243	0
5244	0
5245	1
5246	0
5247	2
5248	3
5249	0
5250	0
5251	0
5252	0
5253	1
5254	0
5255	0
5256	0
5257	1
5258	0
5259	1
5260	1
5261	0
5262	0
5263	0
5264	0
5265	0
5266	0
5267	1
5268	0
5269	1
5270	1
5271	1
5272	1
5273	0
5274	0
5275	0
5276	0
5277	0
5278	0
5279	0
5280	0
5281	1
5282	0
5283	0
5284	0
5285	1
5286	0
5287	0
5288	0
5289	0
5290	0
5291	0
5292	0
5293	1
5294	0
5295	0
5296	1
5297	0
5298	0
5299	0
5300	0
5301	0
5302	0
5303	0
5304	0
5305	2
5306	0
5307	0
5308	2
5309	0
5310	1
5311	0
5312	0
5313	0
5314	0
5315	0
5316	0
5317	0
5318	0
5319	0
5320	0
5321	1
5322	0
5323	0
5324	0
5325	1
5326	2
5327	0
5328	1
5329	1
5330	0
5331	0
5332	0
5333	2
5334	1
5335	0
5336	0
5337	1
5338	0
5339	0
5340	1
5341	0
5342	0
5343	1
5344	0
5345	0
5346	1
5347	0
5348	0
5349	0
5350	0
5351	0
5352	0
5353	0
5354	0
5355	1
5356	1
5357	0
5358	0
5359	1
5360	1
5361	1
5362	1
5363	1
5364	0
5365	1
5366	0
5367	1
5368	0
5369	0
5370	0
5371	0
5372	0
5373	0
5374	0
5375	0
5376	2
5377	0
5378	0
5379	1
5380	1
5381	0
5382	1
5383	0
5384	0
5385	0
5386	0
5387	0
5388	0
5389	0
5390	0
5391	0
5392	1
5393	1
5394	0
5395	0
5396	0
5397	0
5398	0
5399	1
5400	0
5401	0
5402	0
5403	1
5404	0
5405	0
5406	0
5407	0
5408	1
5409	4
5410	2
5411	1
5412	1
5413	0
5414	0
5415	0
5416	0
5417	0
5418	0
5419	0
5420	0
5421	0
5422	1
5423	1
5424	0
5425	0
5426	0
5427	2
5428	0
5429	1
5430	1
5431	0
5432	0
5433	1
5434	0
5435	1
5436	0
5437	1
5438	1
5439	1
5440	1
5441	0
5442	1
5443	3
5444	1
5445	0
5446	1
5447	1
5448	0
5449	2
5450	1
5451	0
5452	0
5453	0
5454	1
5455	1
5456	2
5457	0
5458	0
5459	1
5460	1
5461	0
5462	1
5463	1
5464	0
5465	0
5466	0
5467	0
5468	0
5469	1
5470	0
5471	0
5472	0
5473	0
5474	1
5475	1
5476	1
5477	0
5478	0
5479	0
5480	1
5481	1
5482	0
5483	1
5484	0
5485	3
5486	2
5487	1
5488	0
5489	1
5490	0
5491	0
5492	0
5493	0
5494	2
5495	0
5496	0
5497	0
5498	0
5499	1
5500	0
5501	1
5502	2
5503	1
5504	0
5505	0
5506	0
5507	2
5508	0
5509	0
5510	0
5511	0
5512	1
5513	0
5514	1
5515	0
5516	1
5517	1
5518	3
5519	0
5520	0
5521	1
5522	1
5523	1
5524	2
5525	0
5526	1
5527	0
5528	0
5529	1
5530	1
5531	0
5532	1
5533	0
5534	1
5535	0
5536	0
5537	0
5538	1
5539	0
5540	0
5541	0
5542	0
5543	0
5544	1
5545	1
5546	1
5547	1
5548	1
5549	1
5550	1
5551	1
5552	0
5553	1
5554	0
5555	2
5556	0
5557	1
5558	3
5559	1
5560	0
5561	0
5562	1
5563	1
5564	0
5565	0
5566	0
5567	0
5568	1
5569	0
5570	0
5571	1
5572	1
5573	0
5574	1
5575	2
5576	1
5577	2
5578	2
5579	0
5580	0
5581	1
5582	3
5583	0
5584	0
5585	1
5586	2
5587	1
5588	1
5589	1
5590	2
5591	1
5592	1
5593	0
5594	1
5595	0
5596	2
5597	2
5598	0
5599	0
5600	0
5601	3
5602	0
5603	1
5604	0
5605	1
5606	2
5607	1
5608	3
5609	1
5610	0
5611	0
5612	0
5613	0
5614	0
5615	1
5616	0
5617	0
5618	0
5619	1
5620	2
5621	0
5622	2
5623	0
5624	0
5625	2
5626	0
5627	0
5628	1
5629	0
5630	0
5631	0
5632	0
5633	0
5634	0
5635	1
5636	1
5637	1
5638	1
5639	1
5640	0
5641	3
5642	2
5643	0
5644	0
5645	1
5646	3
5647	0
5648	3
5649	1
5650	1
5651	1
5652	1
5653	3
5654	0
5655	0
5656	0
5657	1
5658	0
5659	1
5660	1
5661	0
5662	0
5663	1
5664	1
5665	0
5666	0
5667	0
5668	1
5669	3
5670	2
5671	0
5672	1
5673	1
5674	0
5675	0
5676	2
5677	0
5678	1
5679	0
5680	1
5681	0
5682	0
5683	0
5684	1
5685	1
5686	1
5687	0
5688	2
5689	0
5690	0
5691	2
5692	2
5693	1
5694	1
5695	0
5696	0
5697	0
5698	2
5699	0
5700	3
5701	0
5702	0
5703	1
5704	3
5705	2
5706	1
5707	0
5708	0
5709	0
5710	0
5711	2
5712	0
5713	0
5714	1
5715	0
5716	0
5717	0
5718	1
5719	4
5720	2
5721	1
5722	1
5723	1
5724	2
5725	0
5726	3
5727	2
5728	0
5729	1
5730	0
5731	1
5732	0
5733	0
5734	0
5735	0
5736	0
5737	0
5738	1
5739	0
5740	0
5741	0
5742	1
5743	0
5744	0
5745	0
5746	1
5747	0
5748	1
5749	1
5750	0
5751	1
5752	1
5753	0
5754	1
5755	0
5756	1
5757	2
5758	0
5759	1
5760	0
5761	0
5762	1
5763	0
5764	0
5765	0
5766	1
5767	0
5768	1
5769	0
5770	0
5771	0
5772	3
5773	1
5774	0
5775	1
5776	0
5777	2
5778	0
5779	1
5780	0
5781	0
5782	1
5783	0
5784	1
5785	0
5786	0
5787	0
5788	2
5789	0
5790	1
5791	0
5792	0
5793	0
5794	0
5795	0
5796	0
5797	0
5798	0
5799	0
5800	1
5801	0
5802	0
5803	0
5804	0
5805	0
5806	1
5807	0
5808	1
5809	0
5810	0
5811	1
5812	1
5813	1
5814	0
5815	0
5816	2
5817	0
5818	0
5819	0
5820	0
5821	1
5822	0
5823	1
5824	0
5825	0
5826	1
5827	0
5828	1
5829	0
5830	0
5831	1
5832	2
5833	0
5834	1
5835	0
5836	0
5837	1
5838	0
5839	1
5840	1
5841	0
5842	0
5843	0
5844	0
5845	0
5846	0
5847	0
5848	1
5849	0
5850	0
5851	1
5852	0
5853	0
5854	0
5855	1
5856	1
5857	0
5858	0
5859	0
5860	0
5861	0
5862	0
5863	0
5864	0
5865	0
5866	0
5867	0
5868	0
5869	0
5870	0
5871	1
5872	0
5873	0
5874	0
5875	0
5876	0
5877	0
5878	0
5879	0
5880	1
5881	0
5882	0
5883	0
5884	0
5885	0
5886	0
5887	1
5888	0
5889	0
5890	0
5891	0
5892	1
5893	0
5894	0
5895	0
5896	0
5897	0
5898	0
5899	0
5900	0
5901	0
5902	0
5903	0
5904	0
5905	0
5906	0
5907	0
5908	1
5909	1
5910	1
5911	0
5912	0
5913	0
5914	0
5915	0
5916	0
5917	2
5918	0
5919	0
5920	0
5921	0
5922	0
5923	0
5924	0
5925	0
5926	0
5927	0
5928	1
5929	0
5930	0
5931	0
5932	0
5933	0
5934	0
5935	0
5936	0
5937	0
5938	0
5939	0
5940	0
5941	1
5942	0
5943	0
5944	0
5945	0
5946	0
5947	0
5948	0
5949	0
5950	0
5951	0
5952	0
5953	0
5954	0
5955	0
5956	0
5957	0
5958	0
5959	0
5960	1
5961	1
5962	0
5963	0
5964	2
5965	0
5966	0
5967	1
5968	0
5969	1
5970	0
5971	0
5972	0
5973	1
5974	1
5975	0
5976	0
5977	0
5978	0
5979	0
5980	0
5981	0
5982	0
5983	0
5984	0
5985	0
5986	0
5987	0
5988	0
5989	0
5990	0
5991	0
5992	1
5993	0
5994	0
5995	0
5996	0
5997	0
5998	0
5999	0
6000	1
6001	1
6002	0
6003	0
6004	0
6005	0
6006	0
6007	0
6008	0
6009	1
6010	0
6011	0
6012	0
6013	0
6014	0
6015	0
6016	0
6017	0
6018	0
6019	0
6020	0
6021	0
6022	0
6023	1
6024	1
6025	0
6026	0
6027	0
6028	0
6029	0
6030	0
6031	1
6032	0
6033	0
6034	0
6035	0
6036	1
6037	0
6038	0
6039	0
6040	0
6041	0
6042	0
6043	0
6044	0
6045	1
6046	0
6047	0
6048	1
6049	0
6050	0
6051	0
6052	0
6053	0
6054	1
6055	0
6056	0
6057	0
6058	1
6059	0
6060	0
6061	0
6062	0
6063	1
6064	0
6065	1
6066	0
6067	2
6068	0
6069	0
6070	0
6071	0
6072	0
6073	0
6074	0
6075	0
6076	1
6077	0
6078	0
6079	0
6080	0
6081	1
6082	0
6083	0
6084	0
6085	0
6086	1
6087	0
6088	1
6089	0
6090	0
6091	0
6092	0
6093	0
6094	0
6095	0
6096	0
6097	1
6098	0
6099	0
6100	0
6101	0
6102	0
6103	0
6104	0
6105	0
6106	1
6107	0
6108	0
6109	0
6110	0
6111	0
6112	0
6113	1
6114	0
6115	0
6116	0
6117	0
6118	0
6119	0
6120	0
6121	0
6122	1
6123	0
6124	1
6125	1
6126	0
6127	0
6128	0
6129	2
6130	0
6131	0
6132	0
6133	1
6134	0
6135	0
6136	0
6137	0
6138	0
6139	0
6140	0
6141	0
6142	0
6143	0
6144	0
6145	0
6146	0
6147	0
6148	0
6149	0
6150	1
6151	0
6152	0
6153	0
6154	0
6155	0
6156	0
6157	0
6158	1
6159	0
6160	0
6161	0
6162	0
6163	0
6164	0
6165	0
6166	0
6167	1
6168	0
6169	0
6170	1
6171	0
6172	0
6173	0
6174	1
6175	0
6176	0
6177	0
6178	1
6179	0
6180	0
6181	0
6182	1
6183	0
6184	0
6185	0
6186	0
6187	0
6188	0
6189	0
6190	1
6191	0
6192	0
6193	0
6194	0
6195	1
6196	0
6197	0
6198	0
6199	0
6200	0
6201	0
6202	0
6203	1
6204	0
6205	0
6206	0
6207	1
6208	1
6209	0
6210	1
6211	0
6212	0
6213	0
6214	0
6215	0
6216	0
6217	0
6218	0
6219	0
6220	0
6221	0
6222	0
6223	0
6224	0
6225	0
6226	0
6227	0
6228	0
6229	0
6230	0
6231	0
6232	1
6233	0
6234	0
6235	0
6236	0
6237	0
6238	0
6239	0
6240	0
6241	1
6242	1
6243	1
6244	0
6245	1
6246	0
6247	0
6248	0
6249	0
6250	0
6251	0
6252	0
6253	1
6254	0
6255	0
6256	0
6257	0
6258	1
6259	0
6260	0
6261	0
6262	1
6263	0
6264	1
6265	0
6266	0
6267	0
6268	0
6269	0
6270	0
6271	0
6272	0
6273	1
6274	0
6275	0
6276	1
6277	1
6278	0
6279	0
6280	1
6281	0
6282	0
6283	0
6284	0
6285	0
6286	0
6287	0
6288	0
6289	0
6290	0
6291	0
6292	1
6293	1
6294	0
6295	0
6296	0
6297	0
6298	0
6299	0
6300	0
6301	0
6302	0
6303	0
6304	0
6305	0
6306	0
6307	1
6308	0
6309	0
6310	1
6311	0
6312	0
6313	1
6314	0
6315	0
6316	1
6317	0
6318	0
6319	0
6320	1
6321	0
6322	1
6323	0
6324	0
6325	0
6326	0
6327	0
6328	0
6329	1
6330	0
6331	1
6332	0
6333	0
6334	1
6335	0
6336	0
6337	0
6338	0
6339	0
6340	0
6341	0
6342	0
6343	0
6344	0
6345	1
6346	0
6347	0
6348	0
6349	1
6350	0
6351	0
6352	0
6353	0
6354	0
6355	0
6356	0
6357	0
6358	0
6359	0
6360	0
6361	0
6362	0
6363	0
6364	0
6365	0
6366	0
6367	0
6368	0
6369	0
6370	0
6371	0
6372	0
6373	0
6374	0
6375	0
6376	0
6377	0
6378	0
6379	0
6380	0
6381	0
6382	0
6383	0
6384	0
6385	0
6386	0
6387	0
6388	1
6389	0
6390	0
6391	0
6392	0
6393	0
6394	0
6395	0
6396	0
6397	0
6398	1
6399	1
6400	0
6401	0
6402	0
6403	0
6404	0
6405	0
6406	0
6407	0
6408	0
6409	0
6410	0
6411	0
6412	1
6413	0
6414	0
6415	0
6416	0
6417	0
6418	0
6419	0
6420	0
6421	0
6422	0
6423	1
6424	0
6425	0
6426	0
6427	0
6428	0
6429	0
6430	0
6431	0
6432	0
6433	0
6434	0
6435	0
6436	1
6437	0
6438	0
6439	1
6440	0
6441	0
6442	0
6443	1
6444	0
6445	0
6446	0
6447	0
6448	0
6449	1
6450	0
6451	0
6452	0
6453	0
6454	1
6455	0
6456	0
6457	2
6458	0
6459	0
6460	1
6461	0
6462	0
6463	0
6464	0
6465	0
6466	0
6467	1
6468	0
6469	1
6470	0
6471	0
6472	0
6473	0
6474	1
6475	0
6476	1
6477	0
6478	0
6479	0
6480	0
6481	1
6482	2
6483	0
6484	0
6485	2
6486	0
6487	0
6488	1
6489	0
6490	0
6491	0
6492	0
6493	0
6494	0
6495	0
6496	0
6497	0
6498	0
6499	0
6500	0
6501	0
6502	0
6503	0
6504	0
6505	0
6506	0
6507	0
6508	0
6509	0
6510	0
6511	0
6512	0
6513	0
6514	0
6515	0
6516	0
6517	1
6518	0
6519	1
6520	0
6521	1
6522	0
6523	0
6524	0
6525	0
6526	0
6527	0
6528	0
6529	1
6530	0
6531	1
6532	0
6533	1
6534	0
6535	0
6536	0
6537	0
6538	0
6539	0
6540	0
6541	0
6542	0
6543	1
6544	0
6545	0
6546	0
6547	0
6548	1
6549	0
6550	0
6551	0
6552	0
6553	0
6554	1
6555	0
6556	0
6557	0
6558	0
6559	0
6560	1
6561	0
6562	1
6563	0
6564	1
6565	0
6566	0
6567	0
6568	0
6569	0
6570	0
6571	0
6572	0
6573	1
6574	1
6575	0
6576	0
6577	0
6578	0
6579	0
6580	1
6581	1
6582	1
6583	1
6584	0
6585	0
6586	0
6587	0
6588	0
6589	1
6590	0
6591	0
6592	1
6593	0
6594	0
6595	0
6596	0
6597	0
6598	0
6599	0
6600	1
6601	1
6602	0
6603	0
6604	2
6605	2
6606	0
6607	0
6608	0
6609	0
6610	0
6611	0
6612	0
6613	0
6614	0
6615	0
6616	0
6617	0
6618	0
6619	0
6620	0
6621	0
6622	0
6623	0
6624	0
6625	0
6626	0
6627	0
6628	0
6629	0
6630	1
6631	0
6632	0
6633	0
6634	2
6635	1
6636	0
6637	0
6638	0
6639	0
6640	0
6641	1
6642	0
6643	0
6644	0
6645	0
6646	0
6647	0
6648	0
6649	0
6650	1
6651	0
6652	0
6653	0
6654	0
6655	1
6656	0
6657	0
6658	0
6659	0
6660	0
6661	2
6662	0
6663	0
6664	1
6665	1
6666	0
6667	0
6668	0
6669	0
6670	0
6671	0
6672	0
6673	1
6674	0
6675	0
6676	0
6677	0
6678	0
6679	0
6680	0
6681	0
6682	0
6683	0
6684	0
6685	0
6686	0
6687	0
6688	0
6689	1
6690	0
6691	1
6692	0
6693	0
6694	1
6695	0
6696	1
6697	1
6698	0
6699	0
6700	0
6701	0
6702	1
6703	0
6704	0
6705	0
6706	0
6707	0
6708	0
6709	0
6710	1
6711	0
6712	0
6713	0
6714	1
6715	0
6716	0
6717	0
6718	0
6719	1
6720	1
6721	0
6722	2
6723	0
6724	0
6725	1
6726	2
6727	0
6728	0
6729	0
6730	1
6731	0
6732	0
6733	0
6734	1
6735	0
6736	1
6737	1
6738	0
6739	0
6740	1
6741	0
6742	0
6743	1
6744	0
6745	0
6746	0
6747	0
6748	0
6749	0
6750	0
6751	0
6752	0
6753	0
6754	0
6755	0
6756	0
6757	0
6758	0
6759	0
6760	0
6761	0
6762	0
6763	1
6764	0
6765	1
6766	1
6767	0
6768	0
6769	0
6770	1
6771	1
6772	0
6773	0
6774	0
6775	0
6776	2
6777	0
6778	0
6779	0
6780	0
6781	1
6782	0
6783	0
6784	0
6785	0
6786	1
6787	0
6788	0
6789	1
6790	0
6791	0
6792	1
6793	0
6794	1
6795	0
6796	0
6797	0
6798	0
6799	0
6800	0
6801	1
6802	0
6803	0
6804	0
6805	0
6806	0
6807	0
6808	0
6809	0
6810	0
6811	0
6812	0
6813	0
6814	0
6815	0
6816	1
6817	0
6818	0
6819	0
6820	0
6821	0
6822	1
6823	1
6824	0
6825	0
6826	0
6827	0
6828	0
6829	1
6830	1
6831	0
6832	0
6833	0
6834	0
6835	1
6836	0
6837	0
6838	0
6839	0
6840	0
6841	0
6842	0
6843	0
6844	0
6845	0
6846	0
6847	1
6848	1
6849	0
6850	0
6851	1
6852	1
6853	1
6854	1
6855	0
6856	2
6857	1
6858	0
6859	0
6860	0
6861	2
6862	0
6863	0
6864	0
6865	0
6866	1
6867	0
6868	0
6869	0
6870	1
6871	0
6872	1
6873	0
6874	0
6875	0
6876	0
6877	0
6878	0
6879	1
6880	0
6881	0
6882	0
6883	0
6884	0
6885	0
6886	0
6887	0
6888	0
6889	1
6890	0
6891	0
6892	0
6893	0
6894	0
6895	1
6896	0
6897	0
6898	0
6899	0
6900	0
6901	0
6902	0
6903	0
6904	0
6905	0
6906	1
6907	2
6908	0
6909	0
6910	0
6911	1
6912	0
6913	0
6914	0
6915	1
6916	0
6917	0
6918	0
6919	0
6920	0
6921	0
6922	0
6923	0
6924	0
6925	0
6926	0
6927	0
6928	0
6929	0
6930	0
6931	1
6932	1
6933	0
6934	0
6935	0
6936	0
6937	0
6938	0
6939	0
6940	0
6941	0
6942	0
6943	0
6944	0
6945	0
6946	0
6947	0
6948	0
6949	0
6950	1
6951	0
6952	0
6953	0
6954	0
6955	0
6956	0
6957	0
6958	0
6959	0
6960	0
6961	0
6962	1
6963	1
6964	1
6965	0
6966	0
6967	0
6968	1
6969	0
6970	0
6971	0
6972	0
6973	1
6974	0
6975	0
6976	0
6977	0
6978	0
6979	0
6980	0
6981	0
6982	0
6983	0
6984	0
6985	0
6986	0
6987	0
6988	0
6989	1
6990	0
6991	0
6992	0
6993	0
6994	0
6995	0
6996	0
6997	0
6998	0
6999	0
7000	0
7001	0
7002	1
7003	0
7004	0
7005	1
7006	0
7007	1
7008	0
7009	0
7010	0
7011	0
7012	0
7013	1
7014	0
7015	0
7016	0
7017	0
7018	1
7019	0
7020	0
7021	0
7022	0
7023	0
7024	0
7025	0
7026	1
7027	0
7028	1
7029	1
7030	1
7031	1
7032	0
7033	0
7034	0
7035	0
7036	0
7037	0
7038	0
7039	0
7040	0
7041	1
7042	0
7043	0
7044	0
7045	0
7046	0
7047	0
7048	1
7049	1
7050	0
7051	0
7052	0
7053	1
7054	0
7055	0
7056	0
7057	0
7058	0
7059	0
7060	0
7061	0
7062	0
7063	0
7064	0
7065	0
7066	1
7067	0
7068	0
7069	0
7070	0
7071	0
7072	0
7073	0
7074	0
7075	0
7076	0
7077	0
7078	0
7079	0
7080	0
7081	1
7082	0
7083	0
7084	0
7085	0
7086	0
7087	0
7088	0
7089	0
7090	0
7091	0
7092	0
7093	0
7094	0
7095	0
7096	0
7097	0
7098	0
7099	0
7100	0
7101	1
7102	0
7103	0
7104	0
7105	0
7106	0
7107	0
7108	1
7109	2
7110	0
7111	0
7112	0
7113	0
7114	0
7115	1
7116	0
7117	0
7118	0
7119	0
7120	0
7121	0
7122	0
7123	0
7124	0
7125	0
7126	0
7127	0
7128	0
7129	0
7130	0
7131	0
7132	0
7133	0
7134	0
7135	0
7136	0
7137	0
7138	0
7139	0
7140	0
7141	0
7142	0
7143	0
7144	0
7145	0
7146	0
7147	2
7148	0
7149	0
7150	0
7151	0
7152	1
7153	0
7154	0
7155	0
7156	0
7157	0
7158	1
7159	0
7160	0
7161	0
7162	1
7163	0
7164	0
7165	0
7166	0
7167	0
7168	0
7169	0
7170	1
7171	0
7172	0
7173	0
7174	0
7175	0
7176	1
7177	0
7178	0
7179	0
7180	0
7181	0
7182	0
7183	0
7184	0
7185	0
7186	0
7187	0
7188	0
7189	0
7190	0
7191	0
7192	0
7193	0
7194	0
7195	0
7196	0
7197	0
7198	1
7199	0
7200	1
7201	0
7202	0
7203	0
7204	0
7205	0
7206	2
7207	0
7208	0
7209	0
7210	0
7211	0
7212	0
7213	0
7214	0
7215	0
7216	0
7217	0
7218	0
7219	1
7220	0
7221	0
7222	0
7223	0
7224	0
7225	0
7226	1
7227	0
7228	0
7229	0
7230	0
7231	0
7232	0
7233	1
7234	0
7235	0
7236	0
7237	0
7238	0
7239	0
7240	0
7241	0
7242	0
7243	0
7244	0
7245	0
7246	0
7247	0
7248	0
7249	1
7250	0
7251	0
7252	0
7253	0
7254	0
7255	0
7256	0
7257	0
7258	0
7259	0
7260	0
7261	1
7262	0
7263	0
7264	0
7265	0
7266	0
7267	0
7268	0
7269	0
7270	0
7271	0
7272	0
7273	0
7274	0
7275	0
7276	1
7277	0
7278	0
7279	0
7280	1
7281	0
7282	0
7283	0
7284	0
7285	0
7286	1
7287	0
7288	0
7289	0
7290	0
7291	0
7292	0
7293	0
7294	0
7295	0
7296	0
7297	0
7298	0
7299	0
7300	0
7301	0
7302	1
7303	0
7304	0
7305	0
7306	0
7307	0
7308	0
7309	0
7310	0
7311	0
7312	0
7313	0
7314	0
7315	0
7316	0
7317	1
7318	0
7319	0
7320	0
7321	0
7322	0
7323	0
7324	0
7325	0
7326	1
7327	0
7328	0
7329	0
7330	0
7331	0
7332	0
7333	0
7334	1
7335	0
7336	0
7337	0
7338	0
7339	0
7340	0
7341	0
7342	0
7343	0
7344	1
7345	0
7346	0
7347	0
7348	0
7349	0
7350	0
7351	0
7352	0
7353	0
7354	0
7355	0
7356	0
7357	0
7358	0
7359	0
7360	0
7361	0
7362	0
7363	1
7364	0
7365	0
7366	0
7367	0
7368	0
7369	0
7370	1
7371	0
7372	0
7373	0
7374	1
7375	0
7376	0
7377	0
7378	0
7379	0
7380	1
7381	1
7382	1
7383	1
7384	0
7385	0
7386	0
7387	0
7388	0
7389	0
7390	0
7391	0
7392	0
7393	1
7394	0
7395	0
7396	0
7397	0
7398	0
7399	0
7400	0
7401	0
7402	0
7403	0
7404	0
7405	0
7406	0
7407	0
7408	1
7409	0
7410	0
7411	0
7412	0
7413	0
7414	0
7415	0
7416	1
7417	0
7418	0
7419	0
7420	0
7421	0
7422	0
7423	0
7424	0
7425	0
7426	0
7427	0
7428	0
7429	0
7430	0
7431	0
7432	0
7433	0
7434	0
7435	0
7436	0
7437	0
7438	1
7439	0
7440	0
7441	1
7442	0
7443	0
7444	1
7445	2
7446	0
7447	0
7448	0
7449	0
7450	0
7451	0
7452	0
7453	0
7454	0
7455	0
7456	0
7457	0
7458	0
7459	0
7460	0
7461	0
7462	0
7463	0
7464	0
7465	0
7466	0
7467	1
7468	0
7469	0
7470	0
7471	0
7472	0
7473	0
7474	0
7475	0
7476	0
7477	0
7478	0
7479	0
7480	0
7481	0
7482	0
7483	0
7484	0
7485	0
7486	0
7487	0
7488	0
7489	0
7490	0
7491	0
7492	0
7493	0
7494	0
7495	0
7496	0
7497	2
7498	0
7499	0
7500	0
7501	0
7502	0
7503	0
7504	0
7505	0
7506	0
7507	0
7508	0
7509	0
7510	0
7511	0
7512	0
7513	0
7514	0
7515	1
7516	0
7517	0
7518	0
7519	0
7520	0
7521	0
7522	0
7523	0
7524	0
7525	0
7526	0
7527	0
7528	0
7529	0
7530	0
7531	0
7532	0
7533	0
7534	0
7535	0
7536	0
7537	0
7538	1
7539	0
7540	0
7541	0
7542	0
7543	0
7544	1
7545	0
7546	0
7547	0
7548	0
7549	0
7550	0
7551	0
7552	0
7553	0
7554	0
7555	0
7556	0
7557	0
7558	1
7559	0
7560	0
7561	0
7562	0
7563	0
7564	0
7565	0
7566	0
7567	0
7568	1
7569	1
7570	0
7571	0
7572	0
7573	0
7574	0
7575	0
7576	0
7577	0
7578	0
7579	0
7580	0
7581	0
7582	1
7583	0
7584	0
7585	0
7586	0
7587	0
7588	0
7589	0
7590	0
7591	0
7592	0
7593	0
7594	0
7595	0
7596	0
7597	0
7598	0
7599	0
7600	0
7601	0
7602	0
7603	0
7604	0
7605	0
7606	1
7607	0
7608	0
7609	0
7610	0
7611	0
7612	0
7613	0
7614	0
7615	0
7616	0
7617	0
7618	0
7619	0
7620	0
7621	0
7622	0
7623	0
7624	0
7625	0
7626	0
7627	0
7628	0
7629	0
7630	0
7631	0
7632	0
7633	0
7634	0
7635	0
7636	1
7637	0
7638	0
7639	0
7640	0
7641	0
7642	1
7643	0
7644	0
7645	0
7646	0
7647	0
7648	0
7649	0
7650	0
7651	0
7652	0
7653	0
7654	0
7655	0
7656	0
7657	0
7658	0
7659	0
7660	0
7661	0
7662	0
7663	0
7664	0
7665	0
7666	0
7667	0
7668	1
7669	0
7670	0
7671	0
7672	0
7673	0
7674	0
7675	0
7676	0
7677	1
7678	0
7679	0
7680	0
7681	0
7682	0
7683	0
7684	0
7685	0
7686	0
7687	0
7688	0
7689	0
7690	0
7691	1
7692	0
7693	0
7694	0
7695	0
7696	0
7697	0
7698	0
7699	0
7700	0
7701	0
7702	0
7703	0
7704	0
7705	0
7706	0
7707	0
7708	0
7709	0
7710	0
7711	0
7712	0
7713	1
7714	0
7715	0
7716	0
7717	0
7718	0
7719	0
7720	0
7721	0
7722	0
7723	0
7724	0
7725	0
7726	0
7727	0
7728	0
7729	0
7730	0
7731	0
7732	0
7733	0
7734	0
7735	0
7736	0
7737	0
7738	0
7739	0
7740	0
7741	0
7742	0
7743	0
7744	0
7745	0
7746	0
7747	0
7748	0
7749	1
7750	0
7751	0
7752	0
7753	0
7754	0
7755	0
7756	0
7757	0
7758	0
7759	0
7760	0
7761	0
7762	0
7763	0
7764	0
7765	0
7766	0
7767	0
7768	0
7769	0
7770	1
7771	0
7772	0
7773	0
7774	0
7775	0
7776	0
7777	0
7778	0
7779	0
7780	0
7781	0
7782	1
7783	0
7784	0
7785	0
7786	1
7787	1
7788	0
7789	1
7790	0
7791	0
7792	0
7793	0
7794	0
7795	0
7796	0
7797	0
7798	0
7799	0
7800	1
7801	0
7802	0
7803	0
7804	0
7805	0
7806	1
7807	0
7808	0
7809	0
7810	2
7811	0
7812	0
7813	0
7814	1
7815	0
7816	0
7817	1
7818	0
7819	1
7820	1
7821	0
7822	0
7823	0
7824	0
7825	1
7826	0
7827	0
7828	0
7829	0
7830	0
7831	1
7832	0
7833	0
7834	0
7835	0
7836	0
7837	0
7838	0
7839	0
7840	0
7841	1
7842	0
7843	0
7844	0
7845	0
7846	0
7847	0
7848	1
7849	0
7850	0
7851	0
7852	0
7853	0
7854	0
7855	0
7856	0
7857	0
7858	0
7859	0
7860	0
7861	0
7862	0
7863	0
7864	0
7865	0
7866	0
7867	0
7868	0
7869	0
7870	0
7871	0
7872	0
7873	0
7874	0
7875	0
7876	0
7877	0
7878	0
7879	0
7880	0
7881	0
7882	0
7883	2
7884	0
7885	0
7886	0
7887	0
7888	0
7889	1
7890	2
7891	0
7892	0
7893	0
7894	1
7895	0
7896	0
7897	0
7898	1
7899	0
7900	0
7901	0
7902	0
7903	0
7904	0
7905	0
7906	0
7907	1
7908	0
7909	0
7910	1
7911	1
7912	0
7913	0
7914	1
7915	0
7916	0
7917	0
7918	0
7919	0
7920	0
7921	0
7922	0
7923	1
7924	1
7925	0
7926	1
7927	0
7928	0
7929	0
7930	1
7931	0
7932	0
7933	0
7934	0
7935	0
7936	1
7937	0
7938	0
7939	1
7940	0
7941	0
7942	1
7943	0
7944	0
7945	1
7946	0
7947	0
7948	1
7949	0
7950	0
7951	0
7952	1
7953	0
7954	0
7955	0
7956	0
7957	0
7958	0
7959	0
7960	0
7961	0
7962	0
7963	0
7964	1
7965	0
7966	0
7967	0
7968	1
7969	0
7970	0
7971	0
7972	1
7973	0
7974	0
7975	1
7976	0
7977	3
7978	1
7979	1
7980	0
7981	1
7982	0
7983	0
7984	0
7985	2
7986	0
7987	0
7988	1
7989	0
7990	0
7991	0
7992	0
7993	0
7994	0
7995	1
7996	0
7997	0
7998	0
7999	0
8000	0
8001	0
8002	0
8003	1
8004	1
8005	0
8006	0
8007	0
8008	0
8009	0
8010	1
8011	0
8012	0
8013	1
8014	1
8015	0
8016	0
8017	0
8018	0
8019	0
8020	0
8021	0
8022	0
8023	0
8024	0
8025	0
8026	0
8027	0
8028	0
8029	0
8030	0
8031	0
8032	0
8033	0
8034	0
8035	0
8036	0
8037	0
8038	0
8039	0
8040	0
8041	0
8042	0
8043	0
8044	0
8045	0
8046	0
8047	0
8048	0
8049	0
8050	0
8051	0
8052	0
8053	0
8054	0
8055	0
8056	0
8057	0
8058	0
8059	0
8060	0
8061	0
8062	0
8063	0
8064	0
8065	0
8066	0
8067	0
8068	0
8069	0
8070	0
8071	0
8072	0
8073	0
8074	0
8075	0
8076	0
8077	0
8078	0
8079	0
8080	0
8081	0
8082	0
8083	0
8084	0
8085	0
8086	0
8087	0
8088	0
8089	0
8090	0
8091	0
8092	0
8093	0
8094	0
8095	0
8096	0
8097	0
8098	0
8099	0
8100	0
8101	0
8102	0
8103	0
8104	0
8105	0
8106	0
8107	0
8108	0
8109	0
8110	0
8111	0
8112	0
8113	0
8114	0
8115	0
8116	0
8117	0
8118	0
8119	0
8120	0
8121	0
8122	0
8123	0
8124	0
8125	0
8126	0
8127	0
8128	0
8129	0
8130	0
8131	0
8132	0
8133	0
8134	0
8135	0
8136	0
8137	0
8138	0
8139	0
8140	0
8141	0
8142	0
8143	0
8144	0
8145	0
8146	0
8147	0
8148	0
8149	0
8150	0
8151	0
8152	0
8153	0
8154	0
8155	0
8156	0
8157	0
8158	0
8159	0
8160	0
8161	0
8162	0
8163	0
8164	0
8165	0
8166	0
8167	0
8168	0
8169	0
8170	0
8171	0
8172	0
8173	0
8174	0
8175	0
8176	0
8177	0
8178	0
8179	0
8180	0
8181	0
8182	0
8183	0
8184	0
8185	0
8186	0
8187	0
8188	0
8189	0
8190	0
8191	0
