0	0
1	0
2	0
3	0
4	0
5	0
6	0
7	0
8	0
9	0
10	0
11	0
12	0
13	0
14	0
15	0
16	0
17	0
18	0
19	0
20	0
21	0
22	0
23	0
24	0
25	0
26	0
27	0
28	0
29	0
30	0
31	0
32	0
33	0
34	0
35	0
36	0
37	0
38	0
39	0
40	1
41	0
42	1
43	4
44	23
45	66
46	124
47	103
48	89
49	83
50	114
51	89
52	83
53	83
54	75
55	61
56	57
57	63
58	72
59	69
60	69
61	67
62	76
63	78
64	70
65	66
66	70
67	61
68	85
69	70
70	69
71	59
72	60
73	71
74	54
75	79
76	63
77	91
78	67
79	66
80	74
81	67
82	47
83	63
84	54
85	59
86	61
87	67
88	53
89	44
90	68
91	66
92	58
93	76
94	53
95	71
96	52
97	67
98	45
99	64
100	48
101	52
102	73
103	80
104	78
105	58
106	74
107	51
108	52
109	66
110	67
111	71
112	63
113	63
114	67
115	64
116	64
117	61
118	65
119	69
120	59
121	69
122	75
123	69
124	68
125	67
126	78
127	67
128	59
129	73
130	71
131	57
132	69
133	64
134	81
135	76
136	65
137	69
138	82
139	77
140	67
141	88
142	81
143	72
144	69
145	71
146	79
147	69
148	85
149	74
150	74
151	82
152	81
153	80
154	91
155	61
156	71
157	92
158	94
159	100
160	72
161	85
162	83
163	80
164	77
165	89
166	65
167	71
168	75
169	85
170	97
171	88
172	79
173	88
174	97
175	82
176	91
177	73
178	79
179	82
180	74
181	88
182	77
183	107
184	105
185	102
186	112
187	105
188	110
189	100
190	96
191	105
192	99
193	99
194	110
195	89
196	105
197	102
198	95
199	99
200	106
201	105
202	110
203	104
204	105
205	91
206	104
207	105
208	125
209	145
210	111
211	105
212	97
213	121
214	119
215	115
216	116
217	110
218	101
219	115
220	116
221	123
222	89
223	105
224	109
225	115
226	135
227	133
228	129
229	127
230	128
231	122
232	112
233	150
234	139
235	124
236	137
237	130
238	138
239	123
240	118
241	137
242	137
243	141
244	155
245	141
246	138
247	145
248	148
249	126
250	151
251	174
252	139
253	123
254	164
255	168
256	164
257	162
258	137
259	149
260	142
261	129
262	133
263	122
264	149
265	152
266	137
267	143
268	130
269	152
270	126
271	133
272	144
273	149
274	129
275	148
276	124
277	130
278	151
279	140
280	139
281	124
282	135
283	139
284	117
285	140
286	145
287	136
288	143
289	119
290	132
291	156
292	127
293	131
294	119
295	119
296	141
297	140
298	155
299	145
300	145
301	148
302	154
303	125
304	133
305	130
306	143
307	138
308	145
309	123
310	121
311	130
312	159
313	156
314	122
315	129
316	147
317	125
318	155
319	151
320	140
321	143
322	130
323	127
324	150
325	142
326	135
327	133
328	136
329	145
330	132
331	145
332	125
333	133
334	140
335	123
336	134
337	136
338	125
339	137
340	144
341	144
342	111
343	134
344	133
345	139
346	136
347	108
348	135
349	95
350	117
351	125
352	143
353	124
354	148
355	132
356	140
357	129
358	121
359	118
360	127
361	94
362	136
363	123
364	127
365	140
366	126
367	144
368	149
369	123
370	151
371	121
372	142
373	140
374	132
375	141
376	128
377	139
378	125
379	136
380	130
381	144
382	122
383	143
384	130
385	129
386	122
387	136
388	128
389	121
390	114
391	116
392	129
393	135
394	106
395	121
396	136
397	122
398	126
399	134
400	149
401	144
402	133
403	144
404	129
405	112
406	119
407	119
408	115
409	126
410	126
411	123
412	127
413	120
414	127
415	126
416	130
417	130
418	118
419	112
420	132
421	150
422	115
423	124
424	128
425	122
426	116
427	126
428	111
429	136
430	108
431	127
432	122
433	116
434	125
435	111
436	106
437	114
438	124
439	132
440	135
441	129
442	126
443	148
444	128
445	140
446	124
447	125
448	147
449	131
450	130
451	134
452	110
453	113
454	104
455	118
456	129
457	108
458	139
459	117
460	101
461	115
462	103
463	120
464	104
465	126
466	129
467	113
468	111
469	137
470	129
471	124
472	128
473	114
474	126
475	116
476	123
477	119
478	111
479	123
480	116
481	123
482	114
483	104
484	114
485	112
486	127
487	137
488	124
489	120
490	120
491	117
492	107
493	116
494	101
495	121
496	122
497	132
498	114
499	108
500	112
501	97
502	84
503	104
504	123
505	141
506	104
507	106
508	118
509	121
510	121
511	110
512	130
513	125
514	109
515	105
516	102
517	107
518	110
519	106
520	114
521	115
522	121
523	113
524	121
525	112
526	100
527	123
528	116
529	123
530	119
531	120
532	121
533	148
534	107
535	125
536	113
537	111
538	115
539	118
540	112
541	120
542	122
543	119
544	127
545	134
546	113
547	140
548	129
549	113
550	122
551	130
552	116
553	120
554	120
555	123
556	127
557	112
558	129
559	106
560	128
561	128
562	114
563	129
564	131
565	152
566	114
567	109
568	122
569	105
570	123
571	120
572	124
573	140
574	120
575	126
576	123
577	113
578	114
579	131
580	108
581	148
582	113
583	125
584	127
585	111
586	106
587	113
588	129
589	132
590	118
591	140
592	133
593	117
594	115
595	120
596	141
597	113
598	128
599	133
600	124
601	124
602	123
603	116
604	122
605	123
606	120
607	119
608	115
609	120
610	126
611	119
612	119
613	110
614	117
615	120
616	114
617	108
618	119
619	110
620	130
621	119
622	104
623	102
624	128
625	106
626	121
627	105
628	97
629	97
630	100
631	118
632	113
633	129
634	119
635	114
636	108
637	113
638	96
639	108
640	124
641	85
642	111
643	96
644	107
645	110
646	94
647	108
648	99
649	98
650	118
651	109
652	107
653	99
654	103
655	115
656	113
657	123
658	104
659	94
660	93
661	110
662	123
663	96
664	108
665	113
666	105
667	102
668	109
669	109
670	91
671	87
672	99
673	97
674	83
675	110
676	97
677	104
678	112
679	113
680	104
681	85
682	93
683	102
684	110
685	115
686	107
687	102
688	102
689	120
690	89
691	109
692	110
693	118
694	104
695	109
696	108
697	108
698	108
699	114
700	121
701	108
702	106
703	100
704	94
705	126
706	124
707	105
708	88
709	90
710	110
711	96
712	92
713	110
714	97
715	108
716	105
717	100
718	121
719	101
720	110
721	104
722	87
723	86
724	98
725	86
726	90
727	84
728	76
729	91
730	105
731	88
732	106
733	100
734	100
735	113
736	76
737	91
738	103
739	84
740	101
741	111
742	79
743	104
744	96
745	98
746	97
747	102
748	112
749	125
750	85
751	103
752	105
753	97
754	99
755	81
756	101
757	91
758	94
759	88
760	91
761	102
762	82
763	85
764	78
765	107
766	97
767	98
768	82
769	85
770	87
771	96
772	100
773	97
774	97
775	90
776	83
777	107
778	86
779	106
780	84
781	76
782	106
783	84
784	76
785	93
786	73
787	95
788	100
789	94
790	101
791	101
792	101
793	98
794	79
795	88
796	74
797	93
798	87
799	99
800	97
801	64
802	77
803	91
804	73
805	91
806	96
807	96
808	79
809	95
810	71
811	105
812	82
813	75
814	92
815	93
816	97
817	82
818	84
819	84
820	92
821	67
822	81
823	76
824	86
825	93
826	76
827	86
828	83
829	90
830	87
831	74
832	83
833	80
834	82
835	91
836	75
837	83
838	70
839	81
840	97
841	93
842	74
843	83
844	75
845	73
846	83
847	83
848	102
849	76
850	95
851	85
852	90
853	86
854	95
855	81
856	83
857	83
858	69
859	102
860	96
861	70
862	98
863	91
864	90
865	84
866	87
867	68
868	88
869	72
870	85
871	89
872	104
873	70
874	79
875	90
876	76
877	93
878	84
879	83
880	79
881	89
882	95
883	73
884	72
885	87
886	85
887	80
888	81
889	76
890	79
891	77
892	101
893	71
894	71
895	86
896	57
897	74
898	78
899	71
900	70
901	69
902	83
903	84
904	98
905	88
906	62
907	80
908	91
909	75
910	92
911	75
912	86
913	68
914	68
915	78
916	80
917	91
918	92
919	87
920	92
921	78
922	77
923	89
924	74
925	100
926	64
927	63
928	79
929	71
930	74
931	75
932	72
933	80
934	75
935	84
936	87
937	74
938	77
939	85
940	71
941	70
942	81
943	79
944	72
945	83
946	69
947	83
948	85
949	82
950	73
951	99
952	89
953	79
954	67
955	87
956	73
957	75
958	73
959	92
960	88
961	71
962	59
963	88
964	80
965	89
966	75
967	95
968	76
969	81
970	93
971	82
972	76
973	78
974	67
975	87
976	93
977	85
978	68
979	78
980	88
981	96
982	77
983	68
984	83
985	84
986	70
987	85
988	98
989	92
990	68
991	89
992	84
993	88
994	85
995	92
996	82
997	74
998	87
999	90
1000	76
1001	63
1002	82
1003	87
1004	76
1005	76
1006	60
1007	78
1008	79
1009	80
1010	81
1011	76
1012	76
1013	79
1014	57
1015	69
1016	82
1017	78
1018	91
1019	81
1020	87
1021	78
1022	65
1023	55
1024	57
1025	74
1026	73
1027	78
1028	76
1029	75
1030	82
1031	82
1032	86
1033	60
1034	63
1035	71
1036	72
1037	56
1038	60
1039	72
1040	67
1041	64
1042	63
1043	85
1044	69
1045	68
1046	62
1047	66
1048	61
1049	63
1050	53
1051	71
1052	52
1053	72
1054	71
1055	64
1056	68
1057	68
1058	66
1059	68
1060	64
1061	61
1062	85
1063	79
1064	78
1065	68
1066	54
1067	57
1068	49
1069	57
1070	51
1071	53
1072	57
1073	85
1074	73
1075	58
1076	62
1077	68
1078	48
1079	55
1080	55
1081	43
1082	54
1083	50
1084	56
1085	46
1086	53
1087	62
1088	50
1089	54
1090	61
1091	51
1092	42
1093	56
1094	62
1095	56
1096	53
1097	49
1098	52
1099	49
1100	62
1101	59
1102	54
1103	48
1104	52
1105	51
1106	40
1107	40
1108	50
1109	63
1110	52
1111	61
1112	50
1113	53
1114	46
1115	45
1116	51
1117	48
1118	55
1119	43
1120	43
1121	46
1122	51
1123	55
1124	60
1125	57
1126	53
1127	49
1128	60
1129	53
1130	43
1131	49
1132	60
1133	46
1134	45
1135	60
1136	40
1137	51
1138	45
1139	59
1140	39
1141	43
1142	31
1143	48
1144	48
1145	57
1146	38
1147	61
1148	45
1149	54
1150	43
1151	51
1152	48
1153	47
1154	36
1155	43
1156	50
1157	42
1158	51
1159	46
1160	50
1161	46
1162	41
1163	54
1164	50
1165	37
1166	40
1167	33
1168	41
1169	49
1170	45
1171	59
1172	35
1173	41
1174	43
1175	31
1176	50
1177	41
1178	52
1179	47
1180	50
1181	41
1182	41
1183	45
1184	36
1185	42
1186	44
1187	49
1188	46
1189	51
1190	42
1191	46
1192	37
1193	57
1194	42
1195	34
1196	34
1197	55
1198	46
1199	43
1200	52
1201	38
1202	47
1203	45
1204	36
1205	32
1206	37
1207	59
1208	48
1209	35
1210	45
1211	36
1212	48
1213	54
1214	50
1215	49
1216	48
1217	52
1218	38
1219	42
1220	33
1221	51
1222	42
1223	38
1224	43
1225	35
1226	53
1227	39
1228	45
1229	37
1230	40
1231	34
1232	39
1233	44
1234	47
1235	31
1236	32
1237	39
1238	44
1239	37
1240	50
1241	36
1242	58
1243	48
1244	36
1245	54
1246	43
1247	40
1248	40
1249	46
1250	40
1251	44
1252	47
1253	54
1254	47
1255	46
1256	38
1257	31
1258	38
1259	45
1260	44
1261	40
1262	38
1263	52
1264	56
1265	34
1266	47
1267	37
1268	40
1269	53
1270	40
1271	44
1272	42
1273	51
1274	36
1275	34
1276	48
1277	40
1278	40
1279	48
1280	51
1281	53
1282	37
1283	26
1284	35
1285	38
1286	44
1287	37
1288	31
1289	38
1290	41
1291	57
1292	48
1293	40
1294	42
1295	38
1296	46
1297	47
1298	40
1299	36
1300	36
1301	40
1302	34
1303	50
1304	39
1305	41
1306	42
1307	45
1308	52
1309	41
1310	38
1311	38
1312	34
1313	39
1314	37
1315	39
1316	35
1317	36
1318	46
1319	36
1320	33
1321	48
1322	43
1323	45
1324	37
1325	49
1326	38
1327	43
1328	53
1329	45
1330	45
1331	45
1332	41
1333	19
1334	43
1335	40
1336	48
1337	53
1338	45
1339	46
1340	37
1341	43
1342	38
1343	39
1344	39
1345	43
1346	47
1347	38
1348	38
1349	45
1350	42
1351	43
1352	35
1353	44
1354	31
1355	39
1356	46
1357	51
1358	41
1359	44
1360	33
1361	36
1362	34
1363	41
1364	46
1365	48
1366	59
1367	51
1368	47
1369	42
1370	39
1371	48
1372	51
1373	42
1374	58
1375	43
1376	42
1377	38
1378	44
1379	56
1380	44
1381	37
1382	50
1383	44
1384	47
1385	36
1386	42
1387	48
1388	39
1389	45
1390	45
1391	42
1392	32
1393	44
1394	38
1395	41
1396	49
1397	56
1398	53
1399	40
1400	47
1401	39
1402	46
1403	43
1404	46
1405	51
1406	39
1407	49
1408	52
1409	54
1410	45
1411	34
1412	55
1413	37
1414	43
1415	38
1416	40
1417	47
1418	43
1419	37
1420	33
1421	33
1422	33
1423	42
1424	34
1425	41
1426	43
1427	52
1428	45
1429	48
1430	39
1431	46
1432	45
1433	55
1434	46
1435	39
1436	40
1437	40
1438	45
1439	38
1440	33
1441	43
1442	36
1443	40
1444	34
1445	31
1446	33
1447	37
1448	46
1449	37
1450	48
1451	37
1452	45
1453	51
1454	31
1455	42
1456	47
1457	41
1458	35
1459	49
1460	35
1461	44
1462	46
1463	47
1464	39
1465	42
1466	37
1467	45
1468	56
1469	34
1470	47
1471	48
1472	40
1473	58
1474	48
1475	49
1476	53
1477	43
1478	56
1479	39
1480	45
1481	50
1482	58
1483	49
1484	61
1485	48
1486	59
1487	53
1488	54
1489	54
1490	63
1491	67
1492	33
1493	62
1494	61
1495	39
1496	51
1497	61
1498	50
1499	60
1500	60
1501	66
1502	53
1503	69
1504	71
1505	65
1506	81
1507	67
1508	67
1509	81
1510	70
1511	90
1512	72
1513	77
1514	86
1515	75
1516	86
1517	92
1518	81
1519	77
1520	84
1521	97
1522	94
1523	99
1524	106
1525	105
1526	95
1527	100
1528	119
1529	118
1530	109
1531	117
1532	116
1533	113
1534	138
1535	128
1536	140
1537	141
1538	156
1539	146
1540	147
1541	172
1542	133
1543	147
1544	176
1545	179
1546	145
1547	168
1548	168
1549	149
1550	150
1551	175
1552	180
1553	189
1554	185
1555	211
1556	216
1557	188
1558	196
1559	204
1560	199
1561	205
1562	220
1563	193
1564	204
1565	214
1566	232
1567	238
1568	230
1569	246
1570	249
1571	246
1572	251
1573	273
1574	269
1575	302
1576	287
1577	279
1578	283
1579	316
1580	330
1581	320
1582	313
1583	307
1584	321
1585	312
1586	341
1587	359
1588	338
1589	344
1590	340
1591	342
1592	367
1593	352
1594	369
1595	388
1596	368
1597	375
1598	399
1599	383
1600	368
1601	404
1602	372
1603	403
1604	394
1605	380
1606	410
1607	402
1608	402
1609	459
1610	444
1611	436
1612	409
1613	478
1614	449
1615	448
1616	455
1617	455
1618	451
1619	479
1620	464
1621	464
1622	498
1623	510
1624	477
1625	494
1626	463
1627	471
1628	505
1629	446
1630	473
1631	522
1632	501
1633	492
1634	489
1635	478
1636	505
1637	453
1638	485
1639	488
1640	491
1641	498
1642	449
1643	454
1644	494
1645	459
1646	496
1647	449
1648	453
1649	468
1650	461
1651	481
1652	449
1653	463
1654	519
1655	482
1656	500
1657	485
1658	464
1659	405
1660	448
1661	460
1662	442
1663	458
1664	459
1665	439
1666	447
1667	416
1668	406
1669	417
1670	432
1671	412
1672	386
1673	410
1674	406
1675	393
1676	376
1677	394
1678	342
1679	366
1680	375
1681	394
1682	378
1683	368
1684	360
1685	354
1686	357
1687	337
1688	324
1689	318
1690	312
1691	312
1692	320
1693	294
1694	349
1695	275
1696	274
1697	287
1698	286
1699	287
1700	283
1701	262
1702	259
1703	239
1704	259
1705	219
1706	249
1707	235
1708	246
1709	225
1710	234
1711	234
1712	200
1713	236
1714	186
1715	199
1716	194
1717	187
1718	197
1719	169
1720	149
1721	178
1722	180
1723	164
1724	158
1725	175
1726	157
1727	146
1728	129
1729	146
1730	134
1731	150
1732	122
1733	122
1734	112
1735	117
1736	117
1737	105
1738	109
1739	101
1740	110
1741	111
1742	120
1743	118
1744	97
1745	98
1746	85
1747	73
1748	93
1749	69
1750	73
1751	77
1752	87
1753	63
1754	88
1755	80
1756	65
1757	63
1758	76
1759	49
1760	66
1761	60
1762	45
1763	58
1764	38
1765	47
1766	60
1767	45
1768	41
1769	45
1770	37
1771	63
1772	39
1773	43
1774	37
1775	39
1776	46
1777	37
1778	29
1779	39
1780	26
1781	22
1782	38
1783	29
1784	24
1785	38
1786	23
1787	34
1788	34
1789	29
1790	28
1791	37
1792	29
1793	27
1794	24
1795	25
1796	25
1797	21
1798	22
1799	31
1800	19
1801	22
1802	19
1803	31
1804	27
1805	18
1806	30
1807	18
1808	15
1809	21
1810	23
1811	27
1812	26
1813	16
1814	27
1815	19
1816	20
1817	24
1818	25
1819	22
1820	24
1821	14
1822	15
1823	18
1824	22
1825	20
1826	15
1827	16
1828	18
1829	19
1830	15
1831	20
1832	17
1833	19
1834	20
1835	19
1836	15
1837	9
1838	15
1839	21
1840	17
1841	21
1842	23
1843	22
1844	14
1845	26
1846	19
1847	26
1848	21
1849	15
1850	24
1851	16
1852	18
1853	20
1854	17
1855	17
1856	18
1857	18
1858	13
1859	23
1860	9
1861	23
1862	13
1863	20
1864	18
1865	19
1866	16
1867	25
1868	12
1869	11
1870	18
1871	12
1872	21
1873	16
1874	14
1875	12
1876	21
1877	16
1878	15
1879	19
1880	17
1881	19
1882	16
1883	21
1884	20
1885	30
1886	14
1887	10
1888	16
1889	23
1890	21
1891	23
1892	21
1893	21
1894	17
1895	15
1896	15
1897	22
1898	14
1899	18
1900	24
1901	18
1902	22
1903	20
1904	14
1905	14
1906	15
1907	13
1908	12
1909	16
1910	15
1911	18
1912	24
1913	17
1914	15
1915	13
1916	23
1917	18
1918	17
1919	11
1920	18
1921	14
1922	14
1923	17
1924	17
1925	14
1926	14
1927	21
1928	20
1929	11
1930	12
1931	21
1932	16
1933	21
1934	15
1935	21
1936	15
1937	19
1938	16
1939	17
1940	19
1941	16
1942	15
1943	17
1944	19
1945	16
1946	12
1947	13
1948	10
1949	15
1950	16
1951	19
1952	24
1953	23
1954	16
1955	16
1956	14
1957	20
1958	17
1959	18
1960	18
1961	18
1962	15
1963	12
1964	19
1965	10
1966	22
1967	14
1968	18
1969	19
1970	19
1971	27
1972	23
1973	20
1974	16
1975	20
1976	13
1977	16
1978	10
1979	16
1980	18
1981	17
1982	15
1983	22
1984	21
1985	17
1986	16
1987	16
1988	24
1989	16
1990	19
1991	20
1992	19
1993	13
1994	18
1995	16
1996	30
1997	13
1998	16
1999	21
2000	13
2001	15
2002	12
2003	18
2004	16
2005	10
2006	16
2007	30
2008	12
2009	16
2010	17
2011	18
2012	8
2013	13
2014	20
2015	13
2016	23
2017	18
2018	14
2019	18
2020	6
2021	21
2022	12
2023	16
2024	12
2025	13
2026	9
2027	21
2028	18
2029	11
2030	18
2031	18
2032	18
2033	28
2034	15
2035	18
2036	19
2037	11
2038	23
2039	19
2040	17
2041	23
2042	21
2043	12
2044	19
2045	10
2046	20
2047	19
2048	17
2049	16
2050	14
2051	22
2052	15
2053	18
2054	9
2055	12
2056	16
2057	16
2058	12
2059	19
2060	16
2061	22
2062	11
2063	21
2064	16
2065	24
2066	14
2067	16
2068	17
2069	19
2070	12
2071	17
2072	9
2073	22
2074	20
2075	16
2076	10
2077	18
2078	29
2079	19
2080	15
2081	16
2082	22
2083	11
2084	24
2085	15
2086	5
2087	19
2088	21
2089	12
2090	19
2091	24
2092	17
2093	19
2094	14
2095	13
2096	14
2097	15
2098	18
2099	11
2100	18
2101	19
2102	22
2103	17
2104	19
2105	17
2106	21
2107	21
2108	20
2109	16
2110	29
2111	11
2112	17
2113	14
2114	11
2115	18
2116	22
2117	21
2118	18
2119	24
2120	14
2121	17
2122	17
2123	18
2124	16
2125	17
2126	16
2127	20
2128	16
2129	23
2130	15
2131	22
2132	14
2133	26
2134	20
2135	15
2136	9
2137	15
2138	25
2139	20
2140	11
2141	11
2142	18
2143	15
2144	15
2145	25
2146	17
2147	20
2148	19
2149	15
2150	11
2151	19
2152	13
2153	20
2154	16
2155	11
2156	8
2157	9
2158	18
2159	17
2160	18
2161	17
2162	19
2163	14
2164	21
2165	17
2166	19
2167	11
2168	12
2169	10
2170	19
2171	15
2172	14
2173	25
2174	19
2175	17
2176	12
2177	19
2178	17
2179	14
2180	16
2181	18
2182	20
2183	18
2184	16
2185	24
2186	21
2187	20
2188	16
2189	17
2190	19
2191	12
2192	14
2193	20
2194	6
2195	19
2196	19
2197	13
2198	18
2199	13
2200	18
2201	17
2202	20
2203	20
2204	13
2205	23
2206	23
2207	17
2208	25
2209	15
2210	15
2211	15
2212	20
2213	11
2214	15
2215	15
2216	18
2217	17
2218	13
2219	20
2220	12
2221	25
2222	13
2223	15
2224	15
2225	15
2226	16
2227	23
2228	17
2229	18
2230	16
2231	17
2232	22
2233	14
2234	16
2235	22
2236	15
2237	15
2238	24
2239	15
2240	16
2241	15
2242	18
2243	17
2244	17
2245	18
2246	21
2247	22
2248	26
2249	22
2250	17
2251	16
2252	10
2253	10
2254	15
2255	15
2256	18
2257	16
2258	14
2259	17
2260	11
2261	5
2262	18
2263	22
2264	20
2265	7
2266	21
2267	14
2268	16
2269	20
2270	15
2271	17
2272	16
2273	6
2274	11
2275	13
2276	11
2277	16
2278	13
2279	11
2280	11
2281	18
2282	12
2283	16
2284	13
2285	16
2286	14
2287	21
2288	18
2289	23
2290	15
2291	23
2292	16
2293	15
2294	10
2295	19
2296	23
2297	18
2298	10
2299	12
2300	13
2301	16
2302	13
2303	16
2304	17
2305	9
2306	11
2307	11
2308	12
2309	20
2310	11
2311	16
2312	8
2313	17
2314	18
2315	14
2316	11
2317	17
2318	16
2319	15
2320	20
2321	16
2322	20
2323	16
2324	19
2325	19
2326	16
2327	14
2328	17
2329	11
2330	18
2331	4
2332	18
2333	9
2334	14
2335	14
2336	23
2337	11
2338	15
2339	17
2340	14
2341	12
2342	11
2343	12
2344	18
2345	12
2346	13
2347	16
2348	21
2349	16
2350	13
2351	15
2352	13
2353	17
2354	20
2355	13
2356	12
2357	17
2358	14
2359	13
2360	10
2361	16
2362	17
2363	15
2364	12
2365	21
2366	18
2367	13
2368	15
2369	18
2370	16
2371	15
2372	19
2373	18
2374	16
2375	9
2376	20
2377	22
2378	10
2379	11
2380	19
2381	16
2382	17
2383	25
2384	11
2385	21
2386	16
2387	22
2388	20
2389	23
2390	14
2391	16
2392	11
2393	20
2394	13
2395	17
2396	15
2397	16
2398	13
2399	16
2400	11
2401	9
2402	19
2403	19
2404	14
2405	10
2406	14
2407	8
2408	15
2409	13
2410	13
2411	21
2412	18
2413	19
2414	13
2415	19
2416	19
2417	18
2418	15
2419	17
2420	9
2421	12
2422	10
2423	15
2424	19
2425	23
2426	18
2427	15
2428	16
2429	15
2430	18
2431	21
2432	13
2433	12
2434	17
2435	15
2436	11
2437	23
2438	12
2439	12
2440	16
2441	19
2442	13
2443	18
2444	18
2445	19
2446	17
2447	11
2448	10
2449	20
2450	16
2451	20
2452	11
2453	19
2454	16
2455	19
2456	14
2457	17
2458	11
2459	14
2460	13
2461	14
2462	15
2463	22
2464	15
2465	14
2466	17
2467	17
2468	17
2469	16
2470	21
2471	25
2472	9
2473	22
2474	21
2475	16
2476	13
2477	9
2478	9
2479	21
2480	12
2481	18
2482	18
2483	19
2484	14
2485	28
2486	16
2487	17
2488	17
2489	11
2490	23
2491	23
2492	21
2493	15
2494	21
2495	16
2496	14
2497	23
2498	14
2499	18
2500	15
2501	8
2502	11
2503	18
2504	8
2505	18
2506	18
2507	13
2508	18
2509	16
2510	14
2511	15
2512	14
2513	20
2514	12
2515	16
2516	14
2517	25
2518	13
2519	15
2520	25
2521	17
2522	7
2523	12
2524	21
2525	19
2526	20
2527	12
2528	20
2529	12
2530	17
2531	22
2532	16
2533	13
2534	10
2535	19
2536	12
2537	17
2538	15
2539	21
2540	18
2541	13
2542	11
2543	15
2544	15
2545	17
2546	18
2547	17
2548	13
2549	24
2550	20
2551	12
2552	12
2553	20
2554	10
2555	20
2556	17
2557	14
2558	14
2559	17
2560	21
2561	17
2562	16
2563	16
2564	16
2565	13
2566	15
2567	15
2568	21
2569	13
2570	25
2571	17
2572	21
2573	19
2574	15
2575	15
2576	16
2577	19
2578	16
2579	18
2580	19
2581	23
2582	7
2583	18
2584	13
2585	16
2586	14
2587	16
2588	18
2589	11
2590	18
2591	13
2592	13
2593	20
2594	11
2595	18
2596	14
2597	18
2598	16
2599	16
2600	23
2601	10
2602	14
2603	13
2604	14
2605	12
2606	21
2607	20
2608	10
2609	20
2610	14
2611	24
2612	22
2613	14
2614	7
2615	23
2616	14
2617	15
2618	17
2619	13
2620	15
2621	13
2622	12
2623	22
2624	17
2625	17
2626	14
2627	10
2628	13
2629	11
2630	20
2631	10
2632	18
2633	13
2634	13
2635	18
2636	12
2637	23
2638	17
2639	14
2640	21
2641	20
2642	14
2643	13
2644	20
2645	16
2646	11
2647	18
2648	8
2649	16
2650	17
2651	18
2652	15
2653	11
2654	19
2655	15
2656	18
2657	13
2658	18
2659	14
2660	12
2661	14
2662	14
2663	21
2664	12
2665	17
2666	15
2667	10
2668	20
2669	10
2670	19
2671	16
2672	18
2673	15
2674	12
2675	14
2676	18
2677	19
2678	14
2679	10
2680	11
2681	13
2682	14
2683	12
2684	10
2685	20
2686	23
2687	17
2688	19
2689	15
2690	30
2691	17
2692	15
2693	17
2694	17
2695	17
2696	11
2697	11
2698	12
2699	17
2700	13
2701	13
2702	19
2703	17
2704	18
2705	13
2706	12
2707	19
2708	20
2709	15
2710	16
2711	24
2712	9
2713	19
2714	13
2715	14
2716	18
2717	12
2718	13
2719	14
2720	24
2721	15
2722	22
2723	19
2724	17
2725	18
2726	20
2727	16
2728	17
2729	14
2730	15
2731	17
2732	12
2733	12
2734	15
2735	18
2736	16
2737	11
2738	16
2739	15
2740	14
2741	21
2742	20
2743	17
2744	13
2745	20
2746	19
2747	17
2748	20
2749	20
2750	16
2751	10
2752	8
2753	14
2754	16
2755	24
2756	19
2757	13
2758	15
2759	16
2760	19
2761	15
2762	11
2763	17
2764	19
2765	18
2766	15
2767	14
2768	15
2769	10
2770	19
2771	18
2772	17
2773	21
2774	14
2775	14
2776	19
2777	18
2778	9
2779	12
2780	15
2781	12
2782	13
2783	14
2784	16
2785	14
2786	13
2787	16
2788	17
2789	15
2790	17
2791	20
2792	8
2793	10
2794	12
2795	16
2796	15
2797	14
2798	12
2799	16
2800	16
2801	15
2802	13
2803	16
2804	17
2805	15
2806	11
2807	20
2808	9
2809	17
2810	27
2811	18
2812	21
2813	14
2814	16
2815	15
2816	10
2817	14
2818	17
2819	10
2820	19
2821	14
2822	20
2823	14
2824	14
2825	15
2826	15
2827	19
2828	15
2829	17
2830	10
2831	15
2832	24
2833	22
2834	14
2835	18
2836	20
2837	23
2838	18
2839	19
2840	18
2841	26
2842	29
2843	17
2844	10
2845	14
2846	20
2847	16
2848	18
2849	17
2850	15
2851	18
2852	15
2853	17
2854	16
2855	14
2856	15
2857	14
2858	10
2859	17
2860	20
2861	18
2862	16
2863	21
2864	14
2865	9
2866	22
2867	17
2868	18
2869	15
2870	15
2871	12
2872	13
2873	19
2874	12
2875	17
2876	19
2877	13
2878	15
2879	15
2880	14
2881	14
2882	15
2883	15
2884	13
2885	16
2886	16
2887	16
2888	13
2889	19
2890	22
2891	16
2892	19
2893	12
2894	11
2895	16
2896	17
2897	19
2898	20
2899	19
2900	17
2901	15
2902	13
2903	14
2904	21
2905	6
2906	19
2907	15
2908	16
2909	23
2910	17
2911	17
2912	16
2913	17
2914	10
2915	17
2916	10
2917	16
2918	20
2919	10
2920	19
2921	21
2922	17
2923	24
2924	21
2925	14
2926	15
2927	15
2928	13
2929	15
2930	11
2931	15
2932	23
2933	30
2934	20
2935	14
2936	17
2937	20
2938	22
2939	16
2940	20
2941	15
2942	12
2943	17
2944	14
2945	17
2946	14
2947	25
2948	24
2949	19
2950	15
2951	17
2952	21
2953	13
2954	13
2955	13
2956	19
2957	16
2958	9
2959	14
2960	14
2961	16
2962	18
2963	10
2964	21
2965	17
2966	11
2967	21
2968	21
2969	18
2970	14
2971	16
2972	16
2973	9
2974	15
2975	25
2976	16
2977	22
2978	17
2979	22
2980	12
2981	20
2982	13
2983	18
2984	11
2985	14
2986	13
2987	14
2988	10
2989	16
2990	14
2991	17
2992	17
2993	21
2994	17
2995	14
2996	18
2997	22
2998	19
2999	9
3000	18
3001	12
3002	13
3003	10
3004	15
3005	14
3006	19
3007	23
3008	16
3009	15
3010	17
3011	19
3012	15
3013	18
3014	6
3015	16
3016	14
3017	13
3018	11
3019	18
3020	10
3021	19
3022	20
3023	18
3024	23
3025	16
3026	8
3027	13
3028	22
3029	23
3030	21
3031	18
3032	16
3033	29
3034	21
3035	10
3036	15
3037	18
3038	14
3039	13
3040	14
3041	16
3042	25
3043	17
3044	15
3045	21
3046	16
3047	14
3048	14
3049	14
3050	19
3051	15
3052	22
3053	10
3054	23
3055	20
3056	9
3057	18
3058	19
3059	17
3060	9
3061	15
3062	19
3063	19
3064	11
3065	17
3066	24
3067	16
3068	14
3069	18
3070	15
3071	10
3072	12
3073	18
3074	14
3075	22
3076	20
3077	11
3078	7
3079	26
3080	21
3081	10
3082	12
3083	16
3084	13
3085	13
3086	18
3087	13
3088	16
3089	16
3090	7
3091	11
3092	13
3093	14
3094	22
3095	15
3096	13
3097	20
3098	11
3099	14
3100	11
3101	13
3102	8
3103	12
3104	15
3105	11
3106	13
3107	20
3108	16
3109	19
3110	20
3111	12
3112	17
3113	19
3114	18
3115	16
3116	12
3117	20
3118	20
3119	20
3120	13
3121	19
3122	18
3123	18
3124	24
3125	11
3126	14
3127	18
3128	12
3129	16
3130	20
3131	13
3132	10
3133	11
3134	12
3135	19
3136	15
3137	21
3138	15
3139	20
3140	15
3141	12
3142	18
3143	24
3144	19
3145	17
3146	18
3147	13
3148	20
3149	8
3150	13
3151	17
3152	14
3153	16
3154	18
3155	19
3156	14
3157	15
3158	15
3159	16
3160	16
3161	18
3162	13
3163	17
3164	23
3165	13
3166	16
3167	17
3168	10
3169	14
3170	20
3171	17
3172	17
3173	12
3174	16
3175	11
3176	17
3177	18
3178	16
3179	26
3180	14
3181	15
3182	15
3183	15
3184	9
3185	9
3186	13
3187	16
3188	13
3189	22
3190	25
3191	21
3192	14
3193	12
3194	14
3195	16
3196	20
3197	21
3198	18
3199	16
3200	9
3201	10
3202	16
3203	11
3204	9
3205	11
3206	15
3207	14
3208	12
3209	17
3210	13
3211	5
3212	13
3213	15
3214	8
3215	14
3216	13
3217	8
3218	7
3219	6
3220	12
3221	16
3222	13
3223	14
3224	12
3225	11
3226	13
3227	13
3228	19
3229	14
3230	19
3231	14
3232	10
3233	6
3234	10
3235	12
3236	9
3237	8
3238	12
3239	4
3240	11
3241	11
3242	12
3243	12
3244	8
3245	13
3246	15
3247	12
3248	10
3249	13
3250	13
3251	12
3252	7
3253	16
3254	15
3255	8
3256	7
3257	7
3258	11
3259	11
3260	13
3261	5
3262	12
3263	7
3264	11
3265	15
3266	13
3267	9
3268	9
3269	7
3270	9
3271	11
3272	11
3273	13
3274	12
3275	12
3276	8
3277	10
3278	10
3279	14
3280	2
3281	7
3282	9
3283	12
3284	9
3285	13
3286	15
3287	8
3288	10
3289	8
3290	12
3291	7
3292	11
3293	10
3294	7
3295	7
3296	9
3297	10
3298	4
3299	13
3300	9
3301	11
3302	2
3303	9
3304	12
3305	9
3306	9
3307	7
3308	7
3309	12
3310	5
3311	13
3312	9
3313	8
3314	14
3315	7
3316	9
3317	13
3318	2
3319	6
3320	10
3321	7
3322	5
3323	7
3324	12
3325	9
3326	13
3327	6
3328	5
3329	11
3330	17
3331	7
3332	9
3333	8
3334	11
3335	6
3336	6
3337	7
3338	6
3339	9
3340	5
3341	8
3342	5
3343	6
3344	7
3345	9
3346	6
3347	8
3348	5
3349	10
3350	7
3351	9
3352	5
3353	8
3354	3
3355	5
3356	9
3357	5
3358	3
3359	6
3360	4
3361	13
3362	8
3363	4
3364	7
3365	5
3366	9
3367	9
3368	5
3369	6
3370	6
3371	6
3372	5
3373	7
3374	11
3375	10
3376	6
3377	4
3378	7
3379	7
3380	7
3381	5
3382	5
3383	7
3384	4
3385	10
3386	6
3387	5
3388	4
3389	9
3390	2
3391	6
3392	5
3393	6
3394	5
3395	8
3396	7
3397	3
3398	8
3399	4
3400	4
3401	5
3402	5
3403	4
3404	9
3405	3
3406	7
3407	5
3408	4
3409	4
3410	3
3411	2
3412	7
3413	4
3414	5
3415	5
3416	5
3417	11
3418	3
3419	8
3420	7
3421	2
3422	5
3423	7
3424	7
3425	5
3426	11
3427	4
3428	5
3429	3
3430	6
3431	3
3432	11
3433	4
3434	5
3435	4
3436	4
3437	3
3438	2
3439	10
3440	2
3441	8
3442	2
3443	8
3444	2
3445	6
3446	6
3447	10
3448	7
3449	2
3450	7
3451	2
3452	3
3453	9
3454	5
3455	2
3456	3
3457	5
3458	2
3459	6
3460	3
3461	4
3462	7
3463	4
3464	6
3465	6
3466	8
3467	5
3468	1
3469	7
3470	4
3471	5
3472	4
3473	6
3474	5
3475	8
3476	3
3477	9
3478	4
3479	2
3480	4
3481	6
3482	3
3483	2
3484	2
3485	3
3486	3
3487	5
3488	5
3489	4
3490	2
3491	5
3492	3
3493	2
3494	7
3495	3
3496	5
3497	4
3498	8
3499	4
3500	4
3501	5
3502	2
3503	3
3504	2
3505	4
3506	4
3507	4
3508	3
3509	4
3510	7
3511	3
3512	3
3513	3
3514	6
3515	6
3516	5
3517	1
3518	3
3519	5
3520	1
3521	1
3522	5
3523	2
3524	2
3525	4
3526	3
3527	7
3528	3
3529	5
3530	4
3531	4
3532	4
3533	3
3534	5
3535	3
3536	4
3537	1
3538	3
3539	2
3540	0
3541	5
3542	5
3543	5
3544	1
3545	2
3546	2
3547	5
3548	4
3549	3
3550	2
3551	5
3552	7
3553	2
3554	1
3555	3
3556	3
3557	4
3558	3
3559	3
3560	4
3561	2
3562	1
3563	2
3564	4
3565	6
3566	2
3567	5
3568	1
3569	3
3570	1
3571	1
3572	6
3573	0
3574	1
3575	4
3576	2
3577	1
3578	3
3579	2
3580	5
3581	2
3582	8
3583	1
3584	4
3585	2
3586	6
3587	3
3588	5
3589	4
3590	2
3591	2
3592	2
3593	4
3594	5
3595	4
3596	3
3597	2
3598	2
3599	2
3600	1
3601	4
3602	5
3603	2
3604	2
3605	4
3606	3
3607	1
3608	4
3609	7
3610	2
3611	0
3612	2
3613	3
3614	4
3615	2
3616	4
3617	5
3618	2
3619	3
3620	2
3621	5
3622	3
3623	1
3624	2
3625	4
3626	0
3627	9
3628	2
3629	3
3630	1
3631	2
3632	3
3633	3
3634	2
3635	4
3636	3
3637	2
3638	1
3639	2
3640	5
3641	1
3642	3
3643	3
3644	3
3645	2
3646	2
3647	3
3648	3
3649	2
3650	7
3651	5
3652	3
3653	2
3654	6
3655	5
3656	2
3657	3
3658	8
3659	6
3660	3
3661	6
3662	4
3663	4
3664	4
3665	1
3666	4
3667	1
3668	7
3669	2
3670	3
3671	3
3672	2
3673	1
3674	3
3675	2
3676	3
3677	4
3678	2
3679	1
3680	5
3681	6
3682	4
3683	2
3684	2
3685	5
3686	5
3687	3
3688	6
3689	5
3690	5
3691	3
3692	6
3693	1
3694	6
3695	2
3696	6
3697	4
3698	0
3699	5
3700	4
3701	3
3702	3
3703	4
3704	10
3705	1
3706	2
3707	2
3708	5
3709	1
3710	1
3711	9
3712	6
3713	6
3714	4
3715	5
3716	1
3717	6
3718	6
3719	4
3720	2
3721	3
3722	8
3723	7
3724	6
3725	4
3726	8
3727	3
3728	8
3729	5
3730	2
3731	4
3732	9
3733	5
3734	4
3735	5
3736	9
3737	7
3738	5
3739	7
3740	7
3741	8
3742	5
3743	7
3744	9
3745	5
3746	7
3747	11
3748	6
3749	6
3750	11
3751	7
3752	7
3753	7
3754	7
3755	12
3756	8
3757	7
3758	10
3759	9
3760	12
3761	10
3762	3
3763	11
3764	12
3765	12
3766	7
3767	13
3768	7
3769	8
3770	5
3771	6
3772	7
3773	11
3774	7
3775	11
3776	5
3777	8
3778	6
3779	9
3780	12
3781	17
3782	12
3783	17
3784	9
3785	9
3786	12
3787	8
3788	10
3789	11
3790	13
3791	10
3792	14
3793	18
3794	14
3795	13
3796	11
3797	14
3798	15
3799	11
3800	19
3801	14
3802	12
3803	14
3804	8
3805	19
3806	16
3807	14
3808	13
3809	17
3810	27
3811	24
3812	11
3813	22
3814	22
3815	17
3816	28
3817	15
3818	18
3819	24
3820	23
3821	22
3822	18
3823	23
3824	11
3825	24
3826	22
3827	25
3828	24
3829	23
3830	19
3831	22
3832	21
3833	17
3834	24
3835	29
3836	25
3837	25
3838	20
3839	31
3840	25
3841	21
3842	31
3843	20
3844	32
3845	30
3846	26
3847	31
3848	31
3849	31
3850	29
3851	29
3852	32
3853	21
3854	32
3855	33
3856	31
3857	29
3858	31
3859	24
3860	36
3861	34
3862	36
3863	26
3864	37
3865	27
3866	41
3867	46
3868	32
3869	33
3870	46
3871	37
3872	39
3873	50
3874	43
3875	29
3876	28
3877	42
3878	46
3879	48
3880	33
3881	36
3882	45
3883	33
3884	39
3885	54
3886	43
3887	52
3888	39
3889	36
3890	49
3891	44
3892	55
3893	36
3894	46
3895	41
3896	48
3897	41
3898	53
3899	45
3900	60
3901	52
3902	54
3903	68
3904	51
3905	64
3906	46
3907	55
3908	62
3909	45
3910	50
3911	52
3912	56
3913	63
3914	56
3915	56
3916	44
3917	56
3918	53
3919	51
3920	43
3921	56
3922	59
3923	58
3924	65
3925	58
3926	59
3927	67
3928	65
3929	61
3930	61
3931	68
3932	58
3933	54
3934	64
3935	53
3936	56
3937	76
3938	59
3939	54
3940	60
3941	48
3942	58
3943	63
3944	59
3945	66
3946	75
3947	68
3948	48
3949	78
3950	64
3951	74
3952	72
3953	76
3954	61
3955	75
3956	81
3957	64
3958	69
3959	66
3960	84
3961	74
3962	57
3963	70
3964	78
3965	58
3966	65
3967	71
3968	72
3969	69
3970	72
3971	68
3972	66
3973	71
3974	75
3975	64
3976	56
3977	69
3978	72
3979	72
3980	60
3981	60
3982	58
3983	72
3984	60
3985	79
3986	67
3987	66
3988	55
3989	71
3990	65
3991	63
3992	55
3993	79
3994	72
3995	78
3996	58
3997	65
3998	58
3999	60
4000	51
4001	74
4002	47
4003	63
4004	54
4005	64
4006	61
4007	70
4008	66
4009	57
4010	61
4011	54
4012	67
4013	65
4014	59
4015	64
4016	72
4017	53
4018	59
4019	63
4020	60
4021	66
4022	51
4023	68
4024	69
4025	61
4026	73
4027	56
4028	63
4029	65
4030	50
4031	78
4032	46
4033	51
4034	63
4035	62
4036	61
4037	52
4038	60
4039	56
4040	56
4041	59
4042	55
4043	45
4044	54
4045	58
4046	52
4047	52
4048	56
4049	47
4050	41
4051	54
4052	43
4053	59
4054	44
4055	53
4056	55
4057	27
4058	62
4059	48
4060	35
4061	58
4062	66
4063	48
4064	41
4065	34
4066	48
4067	57
4068	47
4069	44
4070	47
4071	41
4072	33
4073	47
4074	61
4075	43
4076	44
4077	38
4078	49
4079	28
4080	42
4081	55
4082	48
4083	29
4084	33
4085	35
4086	42
4087	45
4088	43
4089	39
4090	47
4091	39
4092	34
4093	63
4094	36
4095	31
4096	33
4097	44
4098	28
4099	29
4100	42
4101	35
4102	50
4103	36
4104	38
4105	30
4106	22
4107	31
4108	23
4109	25
4110	30
4111	35
4112	28
4113	26
4114	29
4115	34
4116	31
4117	28
4118	25
4119	27
4120	29
4121	43
4122	24
4123	29
4124	18
4125	27
4126	31
4127	20
4128	24
4129	23
4130	34
4131	32
4132	24
4133	22
4134	29
4135	19
4136	22
4137	27
4138	21
4139	20
4140	26
4141	16
4142	25
4143	26
4144	29
4145	13
4146	24
4147	22
4148	15
4149	19
4150	12
4151	15
4152	13
4153	13
4154	11
4155	11
4156	17
4157	10
4158	13
4159	14
4160	16
4161	13
4162	13
4163	14
4164	15
4165	15
4166	11
4167	7
4168	12
4169	15
4170	11
4171	15
4172	13
4173	12
4174	10
4175	7
4176	10
4177	11
4178	15
4179	15
4180	12
4181	12
4182	12
4183	17
4184	12
4185	15
4186	14
4187	9
4188	8
4189	9
4190	14
4191	8
4192	6
4193	9
4194	7
4195	4
4196	5
4197	8
4198	5
4199	8
4200	8
4201	8
4202	9
4203	6
4204	5
4205	8
4206	9
4207	6
4208	10
4209	6
4210	5
4211	7
4212	7
4213	11
4214	5
4215	3
4216	2
4217	6
4218	4
4219	7
4220	5
4221	3
4222	1
4223	8
4224	8
4225	3
4226	9
4227	6
4228	5
4229	1
4230	3
4231	8
4232	7
4233	5
4234	1
4235	5
4236	6
4237	1
4238	3
4239	2
4240	2
4241	6
4242	2
4243	7
4244	3
4245	0
4246	2
4247	0
4248	1
4249	2
4250	5
4251	3
4252	3
4253	3
4254	6
4255	1
4256	5
4257	1
4258	3
4259	1
4260	3
4261	4
4262	2
4263	0
4264	1
4265	1
4266	0
4267	2
4268	2
4269	3
4270	1
4271	3
4272	1
4273	3
4274	0
4275	2
4276	1
4277	2
4278	0
4279	3
4280	1
4281	3
4282	1
4283	1
4284	4
4285	4
4286	0
4287	2
4288	2
4289	2
4290	2
4291	1
4292	0
4293	3
4294	1
4295	1
4296	2
4297	3
4298	1
4299	0
4300	0
4301	1
4302	3
4303	1
4304	5
4305	1
4306	3
4307	1
4308	1
4309	1
4310	1
4311	1
4312	1
4313	3
4314	1
4315	0
4316	0
4317	2
4318	1
4319	2
4320	3
4321	2
4322	4
4323	3
4324	1
4325	2
4326	3
4327	3
4328	0
4329	1
4330	2
4331	1
4332	1
4333	0
4334	0
4335	2
4336	1
4337	0
4338	2
4339	3
4340	3
4341	1
4342	3
4343	0
4344	5
4345	2
4346	0
4347	0
4348	2
4349	1
4350	1
4351	0
4352	2
4353	0
4354	0
4355	3
4356	0
4357	1
4358	2
4359	2
4360	2
4361	1
4362	0
4363	0
4364	1
4365	2
4366	1
4367	1
4368	2
4369	2
4370	1
4371	1
4372	4
4373	0
4374	0
4375	0
4376	2
4377	0
4378	1
4379	0
4380	5
4381	0
4382	3
4383	1
4384	0
4385	0
4386	1
4387	2
4388	2
4389	3
4390	3
4391	5
4392	2
4393	2
4394	2
4395	1
4396	3
4397	1
4398	2
4399	2
4400	2
4401	0
4402	0
4403	1
4404	0
4405	3
4406	2
4407	4
4408	2
4409	2
4410	0
4411	2
4412	5
4413	2
4414	2
4415	0
4416	0
4417	0
4418	3
4419	5
4420	3
4421	3
4422	1
4423	3
4424	3
4425	2
4426	3
4427	2
4428	3
4429	2
4430	2
4431	1
4432	1
4433	5
4434	1
4435	4
4436	1
4437	2
4438	3
4439	0
4440	2
4441	2
4442	1
4443	1
4444	0
4445	4
4446	4
4447	2
4448	2
4449	3
4450	3
4451	2
4452	1
4453	2
4454	1
4455	0
4456	2
4457	3
4458	0
4459	0
4460	3
4461	2
4462	2
4463	3
4464	2
4465	0
4466	1
4467	3
4468	0
4469	2
4470	0
4471	7
4472	1
4473	1
4474	1
4475	4
4476	4
4477	3
4478	0
4479	5
4480	2
4481	5
4482	1
4483	2
4484	5
4485	1
4486	3
4487	2
4488	1
4489	2
4490	1
4491	4
4492	1
4493	2
4494	2
4495	1
4496	3
4497	3
4498	3
4499	1
4500	5
4501	2
4502	2
4503	2
4504	2
4505	2
4506	0
4507	5
4508	4
4509	4
4510	4
4511	3
4512	3
4513	3
4514	1
4515	3
4516	2
4517	4
4518	3
4519	3
4520	1
4521	1
4522	3
4523	2
4524	3
4525	4
4526	2
4527	2
4528	3
4529	5
4530	2
4531	3
4532	0
4533	2
4534	0
4535	1
4536	3
4537	3
4538	1
4539	1
4540	3
4541	2
4542	0
4543	0
4544	2
4545	2
4546	1
4547	3
4548	2
4549	2
4550	2
4551	2
4552	2
4553	3
4554	4
4555	1
4556	1
4557	1
4558	0
4559	2
4560	1
4561	3
4562	3
4563	4
4564	5
4565	3
4566	2
4567	2
4568	1
4569	2
4570	2
4571	2
4572	4
4573	5
4574	1
4575	1
4576	3
4577	2
4578	0
4579	2
4580	3
4581	0
4582	0
4583	0
4584	0
4585	1
4586	2
4587	3
4588	3
4589	1
4590	1
4591	2
4592	1
4593	1
4594	0
4595	1
4596	7
4597	0
4598	3
4599	6
4600	0
4601	2
4602	3
4603	1
4604	0
4605	1
4606	4
4607	6
4608	2
4609	4
4610	1
4611	4
4612	1
4613	2
4614	2
4615	5
4616	1
4617	4
4618	2
4619	3
4620	1
4621	2
4622	5
4623	4
4624	4
4625	1
4626	1
4627	1
4628	0
4629	0
4630	3
4631	2
4632	3
4633	3
4634	2
4635	2
4636	0
4637	0
4638	2
4639	3
4640	1
4641	1
4642	1
4643	0
4644	0
4645	3
4646	1
4647	0
4648	1
4649	1
4650	2
4651	1
4652	1
4653	2
4654	1
4655	2
4656	0
4657	2
4658	2
4659	2
4660	0
4661	3
4662	2
4663	2
4664	0
4665	1
4666	1
4667	2
4668	1
4669	2
4670	0
4671	1
4672	1
4673	1
4674	3
4675	0
4676	1
4677	3
4678	2
4679	1
4680	0
4681	2
4682	1
4683	1
4684	1
4685	1
4686	1
4687	4
4688	0
4689	1
4690	3
4691	2
4692	3
4693	1
4694	1
4695	2
4696	0
4697	1
4698	5
4699	1
4700	0
4701	1
4702	2
4703	1
4704	1
4705	1
4706	0
4707	2
4708	3
4709	1
4710	1
4711	2
4712	1
4713	1
4714	1
4715	0
4716	1
4717	1
4718	2
4719	3
4720	0
4721	0
4722	0
4723	0
4724	5
4725	1
4726	1
4727	3
4728	0
4729	1
4730	1
4731	1
4732	1
4733	0
4734	0
4735	0
4736	0
4737	1
4738	1
4739	0
4740	1
4741	0
4742	1
4743	2
4744	0
4745	2
4746	0
4747	0
4748	1
4749	1
4750	1
4751	2
4752	1
4753	1
4754	1
4755	0
4756	1
4757	1
4758	0
4759	2
4760	0
4761	1
4762	1
4763	0
4764	2
4765	1
4766	0
4767	3
4768	2
4769	0
4770	1
4771	0
4772	1
4773	0
4774	0
4775	5
4776	2
4777	1
4778	1
4779	2
4780	0
4781	1
4782	0
4783	1
4784	0
4785	1
4786	1
4787	0
4788	0
4789	1
4790	0
4791	0
4792	1
4793	0
4794	1
4795	1
4796	1
4797	0
4798	0
4799	1
4800	1
4801	1
4802	0
4803	1
4804	0
4805	0
4806	0
4807	0
4808	0
4809	0
4810	0
4811	0
4812	0
4813	0
4814	2
4815	1
4816	2
4817	0
4818	0
4819	0
4820	0
4821	1
4822	3
4823	0
4824	1
4825	1
4826	1
4827	0
4828	1
4829	0
4830	0
4831	0
4832	0
4833	1
4834	0
4835	0
4836	1
4837	1
4838	0
4839	1
4840	3
4841	2
4842	0
4843	2
4844	0
4845	1
4846	1
4847	0
4848	0
4849	1
4850	1
4851	0
4852	0
4853	0
4854	0
4855	1
4856	0
4857	0
4858	0
4859	0
4860	0
4861	1
4862	0
4863	1
4864	2
4865	0
4866	0
4867	0
4868	0
4869	1
4870	1
4871	1
4872	0
4873	1
4874	1
4875	0
4876	0
4877	0
4878	0
4879	1
4880	1
4881	0
4882	1
4883	1
4884	0
4885	1
4886	0
4887	1
4888	0
4889	1
4890	0
4891	0
4892	0
4893	0
4894	0
4895	1
4896	2
4897	0
4898	0
4899	0
4900	0
4901	1
4902	0
4903	0
4904	0
4905	1
4906	0
4907	1
4908	0
4909	0
4910	0
4911	1
4912	0
4913	0
4914	0
4915	0
4916	1
4917	0
4918	0
4919	0
4920	0
4921	1
4922	1
4923	1
4924	0
4925	2
4926	1
4927	1
4928	1
4929	2
4930	1
4931	4
4932	0
4933	0
4934	0
4935	1
4936	1
4937	1
4938	0
4939	1
4940	0
4941	1
4942	0
4943	0
4944	0
4945	0
4946	1
4947	1
4948	0
4949	1
4950	0
4951	0
4952	2
4953	0
4954	2
4955	2
4956	0
4957	1
4958	1
4959	0
4960	0
4961	0
4962	0
4963	1
4964	0
4965	0
4966	1
4967	0
4968	0
4969	1
4970	0
4971	1
4972	1
4973	0
4974	0
4975	2
4976	0
4977	0
4978	0
4979	0
4980	0
4981	0
4982	0
4983	0
4984	1
4985	0
4986	1
4987	0
4988	0
4989	0
4990	0
4991	1
4992	0
4993	0
4994	0
4995	1
4996	0
4997	0
4998	1
4999	1
5000	1
5001	0
5002	1
5003	1
5004	0
5005	0
5006	1
5007	0
5008	0
5009	0
5010	1
5011	1
5012	1
5013	0
5014	0
5015	1
5016	0
5017	0
5018	0
5019	0
5020	0
5021	2
5022	1
5023	0
5024	0
5025	0
5026	0
5027	1
5028	0
5029	0
5030	0
5031	0
5032	0
5033	1
5034	1
5035	0
5036	0
5037	0
5038	0
5039	2
5040	0
5041	0
5042	2
5043	0
5044	0
5045	1
5046	0
5047	1
5048	1
5049	1
5050	1
5051	0
5052	0
5053	0
5054	1
5055	0
5056	0
5057	1
5058	3
5059	0
5060	0
5061	0
5062	0
5063	0
5064	1
5065	0
5066	0
5067	0
5068	1
5069	0
5070	0
5071	0
5072	0
5073	0
5074	0
5075	0
5076	0
5077	0
5078	1
5079	0
5080	2
5081	1
5082	0
5083	2
5084	0
5085	0
5086	0
5087	0
5088	1
5089	0
5090	0
5091	1
5092	0
5093	1
5094	1
5095	1
5096	0
5097	0
5098	0
5099	0
5100	3
5101	0
5102	0
5103	0
5104	0
5105	0
5106	1
5107	0
5108	0
5109	0
5110	1
5111	0
5112	0
5113	0
5114	0
5115	1
5116	0
5117	0
5118	0
5119	0
5120	0
5121	1
5122	0
5123	0
5124	0
5125	0
5126	0
5127	1
5128	0
5129	0
5130	0
5131	1
5132	0
5133	0
5134	2
5135	0
5136	0
5137	0
5138	0
5139	0
5140	0
5141	0
5142	0
5143	0
5144	0
5145	0
5146	1
5147	0
5148	1
5149	0
5150	0
5151	0
5152	1
5153	0
5154	0
5155	0
5156	0
5157	1
5158	0
5159	0
5160	0
5161	0
5162	0
5163	0
5164	1
5165	0
5166	0
5167	0
5168	1
5169	0
5170	0
5171	0
5172	2
5173	1
5174	0
5175	0
5176	0
5177	0
5178	0
5179	0
5180	0
5181	1
5182	1
5183	0
5184	0
5185	0
5186	0
5187	0
5188	0
5189	1
5190	0
5191	0
5192	0
5193	0
5194	0
5195	1
5196	1
5197	0
5198	1
5199	2
5200	0
5201	0
5202	0
5203	0
5204	0
5205	0
5206	0
5207	0
5208	0
5209	0
5210	2
5211	0
5212	0
5213	1
5214	0
5215	0
5216	0
5217	1
5218	0
5219	0
5220	0
5221	0
5222	0
5223	0
5224	1
5225	0
5226	1
5227	1
5228	0
5229	0
5230	0
5231	1
5232	0
5233	1
5234	0
5235	0
5236	1
5237	0
5238	0
5239	0
5240	0
5241	0
5242	0
5243	1
5244	1
5245	1
5246	0
5247	0
5248	0
5249	1
5250	0
5251	1
5252	1
5253	0
5254	1
5255	0
5256	0
5257	0
5258	1
5259	1
5260	0
5261	1
5262	0
5263	0
5264	0
5265	1
5266	0
5267	0
5268	0
5269	0
5270	2
5271	1
5272	0
5273	0
5274	1
5275	0
5276	0
5277	0
5278	0
5279	0
5280	0
5281	0
5282	1
5283	0
5284	0
5285	0
5286	0
5287	0
5288	1
5289	0
5290	1
5291	0
5292	1
5293	0
5294	1
5295	0
5296	0
5297	0
5298	0
5299	0
5300	1
5301	0
5302	0
5303	2
5304	0
5305	1
5306	0
5307	1
5308	0
5309	0
5310	0
5311	0
5312	0
5313	1
5314	0
5315	0
5316	0
5317	0
5318	0
5319	0
5320	0
5321	0
5322	0
5323	1
5324	1
5325	0
5326	0
5327	0
5328	0
5329	0
5330	1
5331	1
5332	0
5333	2
5334	2
5335	0
5336	0
5337	0
5338	0
5339	0
5340	0
5341	0
5342	0
5343	0
5344	2
5345	0
5346	0
5347	1
5348	0
5349	0
5350	2
5351	1
5352	2
5353	0
5354	0
5355	1
5356	0
5357	0
5358	0
5359	0
5360	1
5361	0
5362	0
5363	0
5364	0
5365	1
5366	0
5367	0
5368	0
5369	0
5370	0
5371	1
5372	1
5373	2
5374	2
5375	0
5376	1
5377	0
5378	0
5379	1
5380	0
5381	1
5382	0
5383	1
5384	0
5385	0
5386	0
5387	1
5388	0
5389	1
5390	0
5391	0
5392	1
5393	0
5394	0
5395	1
5396	0
5397	0
5398	0
5399	0
5400	1
5401	1
5402	1
5403	0
5404	2
5405	0
5406	1
5407	0
5408	0
5409	0
5410	0
5411	0
5412	0
5413	0
5414	0
5415	1
5416	1
5417	0
5418	1
5419	0
5420	0
5421	0
5422	0
5423	1
5424	0
5425	0
5426	0
5427	0
5428	2
5429	0
5430	0
5431	0
5432	1
5433	1
5434	0
5435	1
5436	0
5437	1
5438	0
5439	0
5440	0
5441	0
5442	0
5443	0
5444	1
5445	1
5446	2
5447	0
5448	2
5449	1
5450	0
5451	0
5452	1
5453	0
5454	0
5455	1
5456	1
5457	1
5458	0
5459	0
5460	0
5461	1
5462	1
5463	0
5464	0
5465	1
5466	0
5467	1
5468	1
5469	2
5470	1
5471	1
5472	0
5473	0
5474	0
5475	1
5476	0
5477	0
5478	1
5479	2
5480	1
5481	1
5482	1
5483	0
5484	1
5485	1
5486	1
5487	1
5488	1
5489	0
5490	1
5491	1
5492	1
5493	0
5494	1
5495	1
5496	0
5497	0
5498	0
5499	1
5500	0
5501	1
5502	0
5503	0
5504	0
5505	0
5506	0
5507	1
5508	0
5509	0
5510	1
5511	2
5512	0
5513	1
5514	1
5515	0
5516	0
5517	0
5518	1
5519	0
5520	0
5521	1
5522	1
5523	0
5524	1
5525	1
5526	1
5527	0
5528	0
5529	1
5530	0
5531	2
5532	0
5533	1
5534	0
5535	0
5536	0
5537	1
5538	0
5539	1
5540	0
5541	1
5542	0
5543	1
5544	0
5545	1
5546	0
5547	1
5548	0
5549	0
5550	1
5551	0
5552	0
5553	0
5554	0
5555	0
5556	1
5557	0
5558	0
5559	0
5560	3
5561	0
5562	0
5563	0
5564	1
5565	0
5566	0
5567	0
5568	0
5569	2
5570	1
5571	2
5572	0
5573	0
5574	0
5575	1
5576	1
5577	0
5578	1
5579	3
5580	1
5581	1
5582	0
5583	0
5584	1
5585	3
5586	0
5587	0
5588	1
5589	0
5590	0
5591	0
5592	0
5593	0
5594	2
5595	3
5596	1
5597	0
5598	0
5599	0
5600	0
5601	2
5602	0
5603	0
5604	0
5605	0
5606	2
5607	0
5608	2
5609	1
5610	1
5611	0
5612	2
5613	2
5614	0
5615	0
5616	0
5617	1
5618	1
5619	0
5620	1
5621	0
5622	2
5623	0
5624	1
5625	1
5626	1
5627	1
5628	0
5629	1
5630	1
5631	2
5632	1
5633	0
5634	0
5635	0
5636	1
5637	0
5638	0
5639	1
5640	0
5641	2
5642	2
5643	0
5644	0
5645	0
5646	0
5647	1
5648	1
5649	1
5650	1
5651	0
5652	1
5653	0
5654	1
5655	2
5656	0
5657	0
5658	0
5659	0
5660	1
5661	0
5662	0
5663	0
5664	0
5665	0
5666	1
5667	1
5668	1
5669	2
5670	0
5671	1
5672	0
5673	2
5674	0
5675	0
5676	0
5677	1
5678	1
5679	0
5680	0
5681	0
5682	1
5683	0
5684	0
5685	2
5686	0
5687	0
5688	1
5689	1
5690	1
5691	0
5692	0
5693	0
5694	0
5695	0
5696	0
5697	1
5698	0
5699	0
5700	1
5701	0
5702	0
5703	0
5704	0
5705	1
5706	1
5707	1
5708	0
5709	0
5710	0
5711	0
5712	1
5713	0
5714	0
5715	0
5716	0
5717	1
5718	0
5719	1
5720	0
5721	2
5722	0
5723	1
5724	1
5725	0
5726	1
5727	1
5728	0
5729	1
5730	0
5731	0
5732	0
5733	1
5734	0
5735	0
5736	0
5737	1
5738	1
5739	3
5740	0
5741	0
5742	0
5743	0
5744	0
5745	0
5746	0
5747	0
5748	1
5749	0
5750	0
5751	0
5752	0
5753	0
5754	1
5755	1
5756	1
5757	0
5758	0
5759	0
5760	0
5761	0
5762	0
5763	0
5764	1
5765	0
5766	1
5767	0
5768	1
5769	0
5770	0
5771	0
5772	0
5773	1
5774	1
5775	0
5776	0
5777	1
5778	0
5779	1
5780	0
5781	0
5782	0
5783	2
5784	3
5785	2
5786	0
5787	1
5788	1
5789	0
5790	2
5791	0
5792	0
5793	0
5794	0
5795	0
5796	0
5797	0
5798	0
5799	0
5800	0
5801	0
5802	0
5803	0
5804	0
5805	1
5806	0
5807	0
5808	2
5809	0
5810	0
5811	0
5812	0
5813	0
5814	0
5815	0
5816	0
5817	0
5818	0
5819	0
5820	0
5821	0
5822	0
5823	0
5824	0
5825	0
5826	0
5827	0
5828	2
5829	0
5830	1
5831	0
5832	0
5833	0
5834	0
5835	0
5836	1
5837	0
5838	0
5839	0
5840	1
5841	1
5842	0
5843	0
5844	0
5845	0
5846	1
5847	0
5848	0
5849	0
5850	0
5851	0
5852	0
5853	0
5854	0
5855	0
5856	0
5857	0
5858	1
5859	0
5860	1
5861	1
5862	0
5863	0
5864	0
5865	0
5866	0
5867	1
5868	0
5869	0
5870	0
5871	0
5872	0
5873	0
5874	0
5875	0
5876	0
5877	0
5878	0
5879	0
5880	0
5881	0
5882	0
5883	0
5884	0
5885	0
5886	0
5887	0
5888	0
5889	0
5890	1
5891	0
5892	0
5893	0
5894	0
5895	0
5896	0
5897	0
5898	0
5899	0
5900	0
5901	0
5902	0
5903	0
5904	0
5905	0
5906	1
5907	1
5908	0
5909	0
5910	0
5911	0
5912	0
5913	0
5914	0
5915	0
5916	0
5917	0
5918	0
5919	0
5920	0
5921	0
5922	0
5923	0
5924	0
5925	0
5926	0
5927	0
5928	0
5929	0
5930	0
5931	1
5932	0
5933	1
5934	0
5935	0
5936	0
5937	0
5938	0
5939	0
5940	1
5941	0
5942	0
5943	0
5944	0
5945	0
5946	0
5947	0
5948	0
5949	0
5950	1
5951	1
5952	0
5953	0
5954	0
5955	1
5956	2
5957	0
5958	0
5959	1
5960	0
5961	0
5962	0
5963	0
5964	0
5965	0
5966	0
5967	0
5968	0
5969	0
5970	0
5971	0
5972	0
5973	0
5974	0
5975	0
5976	1
5977	1
5978	2
5979	0
5980	0
5981	0
5982	0
5983	1
5984	0
5985	1
5986	0
5987	0
5988	1
5989	1
5990	0
5991	0
5992	1
5993	0
5994	0
5995	0
5996	0
5997	0
5998	0
5999	0
6000	0
6001	0
6002	0
6003	1
6004	0
6005	0
6006	0
6007	0
6008	0
6009	0
6010	0
6011	0
6012	0
6013	0
6014	0
6015	0
6016	0
6017	0
6018	0
6019	0
6020	1
6021	0
6022	0
6023	0
6024	0
6025	0
6026	0
6027	1
6028	0
6029	0
6030	1
6031	0
6032	0
6033	0
6034	0
6035	0
6036	1
6037	0
6038	0
6039	0
6040	0
6041	0
6042	0
6043	0
6044	0
6045	0
6046	0
6047	0
6048	0
6049	0
6050	1
6051	1
6052	0
6053	2
6054	1
6055	0
6056	0
6057	0
6058	0
6059	0
6060	0
6061	0
6062	0
6063	0
6064	0
6065	0
6066	0
6067	0
6068	0
6069	1
6070	0
6071	1
6072	0
6073	0
6074	0
6075	0
6076	0
6077	0
6078	0
6079	0
6080	0
6081	0
6082	0
6083	0
6084	0
6085	0
6086	0
6087	0
6088	0
6089	1
6090	0
6091	2
6092	0
6093	0
6094	0
6095	0
6096	0
6097	0
6098	0
6099	0
6100	0
6101	0
6102	0
6103	0
6104	0
6105	0
6106	0
6107	0
6108	0
6109	0
6110	0
6111	0
6112	0
6113	0
6114	0
6115	1
6116	0
6117	0
6118	0
6119	0
6120	1
6121	0
6122	1
6123	0
6124	0
6125	0
6126	0
6127	0
6128	0
6129	0
6130	0
6131	0
6132	0
6133	0
6134	0
6135	0
6136	1
6137	0
6138	0
6139	0
6140	0
6141	1
6142	0
6143	0
6144	0
6145	0
6146	0
6147	0
6148	0
6149	0
6150	0
6151	0
6152	0
6153	0
6154	0
6155	0
6156	0
6157	0
6158	0
6159	0
6160	0
6161	0
6162	0
6163	0
6164	0
6165	0
6166	0
6167	0
6168	0
6169	0
6170	0
6171	0
6172	0
6173	0
6174	0
6175	0
6176	0
6177	0
6178	0
6179	0
6180	0
6181	0
6182	0
6183	0
6184	0
6185	0
6186	0
6187	0
6188	1
6189	0
6190	0
6191	0
6192	0
6193	0
6194	0
6195	0
6196	0
6197	0
6198	0
6199	0
6200	0
6201	1
6202	0
6203	0
6204	0
6205	0
6206	0
6207	0
6208	1
6209	0
6210	0
6211	0
6212	0
6213	0
6214	0
6215	0
6216	0
6217	0
6218	0
6219	1
6220	0
6221	0
6222	0
6223	0
6224	0
6225	1
6226	0
6227	0
6228	1
6229	0
6230	0
6231	0
6232	0
6233	0
6234	0
6235	0
6236	1
6237	0
6238	0
6239	0
6240	0
6241	0
6242	0
6243	1
6244	0
6245	0
6246	0
6247	0
6248	0
6249	0
6250	0
6251	0
6252	1
6253	0
6254	0
6255	0
6256	0
6257	0
6258	1
6259	1
6260	0
6261	1
6262	0
6263	0
6264	0
6265	0
6266	0
6267	0
6268	0
6269	0
6270	0
6271	0
6272	0
6273	0
6274	0
6275	0
6276	0
6277	0
6278	0
6279	0
6280	0
6281	1
6282	0
6283	0
6284	1
6285	0
6286	0
6287	0
6288	0
6289	0
6290	0
6291	0
6292	0
6293	1
6294	0
6295	1
6296	0
6297	0
6298	0
6299	0
6300	0
6301	1
6302	0
6303	0
6304	0
6305	0
6306	1
6307	0
6308	1
6309	1
6310	0
6311	0
6312	1
6313	0
6314	0
6315	1
6316	0
6317	0
6318	0
6319	0
6320	0
6321	0
6322	0
6323	0
6324	0
6325	0
6326	1
6327	0
6328	1
6329	2
6330	0
6331	0
6332	0
6333	0
6334	0
6335	0
6336	2
6337	1
6338	0
6339	0
6340	0
6341	0
6342	0
6343	0
6344	1
6345	0
6346	0
6347	0
6348	1
6349	0
6350	0
6351	0
6352	0
6353	0
6354	0
6355	0
6356	0
6357	0
6358	0
6359	0
6360	0
6361	0
6362	0
6363	0
6364	0
6365	0
6366	2
6367	1
6368	0
6369	1
6370	0
6371	0
6372	0
6373	0
6374	1
6375	0
6376	1
6377	0
6378	1
6379	0
6380	0
6381	0
6382	0
6383	1
6384	0
6385	0
6386	0
6387	0
6388	1
6389	0
6390	1
6391	0
6392	0
6393	0
6394	0
6395	0
6396	2
6397	0
6398	0
6399	0
6400	0
6401	0
6402	1
6403	0
6404	0
6405	0
6406	0
6407	0
6408	0
6409	0
6410	0
6411	1
6412	0
6413	0
6414	0
6415	0
6416	0
6417	0
6418	0
6419	0
6420	0
6421	0
6422	0
6423	0
6424	0
6425	1
6426	0
6427	0
6428	0
6429	0
6430	0
6431	0
6432	0
6433	0
6434	0
6435	0
6436	0
6437	1
6438	0
6439	0
6440	0
6441	0
6442	0
6443	0
6444	0
6445	0
6446	0
6447	1
6448	0
6449	0
6450	0
6451	0
6452	0
6453	0
6454	0
6455	0
6456	0
6457	0
6458	0
6459	0
6460	0
6461	0
6462	0
6463	0
6464	0
6465	1
6466	0
6467	1
6468	0
6469	1
6470	0
6471	1
6472	0
6473	0
6474	2
6475	0
6476	0
6477	0
6478	0
6479	0
6480	0
6481	0
6482	0
6483	0
6484	0
6485	0
6486	0
6487	0
6488	0
6489	0
6490	0
6491	1
6492	0
6493	1
6494	0
6495	0
6496	0
6497	0
6498	0
6499	1
6500	1
6501	0
6502	0
6503	0
6504	0
6505	0
6506	0
6507	0
6508	0
6509	0
6510	0
6511	1
6512	0
6513	0
6514	0
6515	0
6516	0
6517	0
6518	0
6519	0
6520	0
6521	0
6522	0
6523	0
6524	1
6525	0
6526	1
6527	0
6528	0
6529	0
6530	0
6531	0
6532	0
6533	0
6534	0
6535	0
6536	0
6537	1
6538	0
6539	0
6540	0
6541	0
6542	2
6543	0
6544	0
6545	0
6546	0
6547	0
6548	0
6549	0
6550	0
6551	1
6552	0
6553	0
6554	0
6555	0
6556	0
6557	0
6558	0
6559	0
6560	0
6561	0
6562	0
6563	0
6564	0
6565	0
6566	0
6567	0
6568	0
6569	0
6570	0
6571	0
6572	1
6573	0
6574	0
6575	0
6576	0
6577	0
6578	0
6579	1
6580	0
6581	0
6582	0
6583	0
6584	0
6585	0
6586	0
6587	0
6588	0
6589	0
6590	1
6591	0
6592	0
6593	0
6594	3
6595	0
6596	0
6597	0
6598	0
6599	0
6600	0
6601	0
6602	0
6603	0
6604	0
6605	0
6606	0
6607	0
6608	2
6609	0
6610	1
6611	0
6612	0
6613	0
6614	0
6615	0
6616	0
6617	0
6618	0
6619	0
6620	0
6621	0
6622	1
6623	1
6624	0
6625	0
6626	0
6627	0
6628	0
6629	0
6630	0
6631	1
6632	0
6633	0
6634	0
6635	0
6636	0
6637	1
6638	0
6639	0
6640	0
6641	0
6642	0
6643	0
6644	0
6645	0
6646	1
6647	0
6648	0
6649	0
6650	0
6651	0
6652	0
6653	0
6654	0
6655	0
6656	0
6657	0
6658	1
6659	0
6660	0
6661	0
6662	0
6663	1
6664	0
6665	0
6666	0
6667	0
6668	0
6669	1
6670	1
6671	1
6672	0
6673	0
6674	0
6675	0
6676	1
6677	0
6678	0
6679	1
6680	1
6681	0
6682	0
6683	0
6684	0
6685	1
6686	0
6687	0
6688	0
6689	0
6690	0
6691	0
6692	0
6693	0
6694	0
6695	0
6696	1
6697	1
6698	0
6699	0
6700	1
6701	0
6702	1
6703	0
6704	0
6705	0
6706	0
6707	0
6708	0
6709	0
6710	0
6711	0
6712	0
6713	0
6714	0
6715	2
6716	0
6717	0
6718	0
6719	0
6720	0
6721	0
6722	0
6723	0
6724	0
6725	1
6726	0
6727	0
6728	1
6729	0
6730	0
6731	0
6732	0
6733	0
6734	0
6735	0
6736	0
6737	1
6738	0
6739	0
6740	0
6741	0
6742	1
6743	0
6744	0
6745	0
6746	0
6747	0
6748	0
6749	0
6750	0
6751	0
6752	0
6753	0
6754	2
6755	1
6756	0
6757	0
6758	0
6759	0
6760	0
6761	0
6762	0
6763	0
6764	0
6765	0
6766	0
6767	0
6768	0
6769	0
6770	0
6771	2
6772	0
6773	0
6774	1
6775	0
6776	0
6777	0
6778	0
6779	1
6780	0
6781	1
6782	0
6783	0
6784	0
6785	0
6786	0
6787	0
6788	0
6789	0
6790	1
6791	1
6792	0
6793	0
6794	1
6795	0
6796	1
6797	0
6798	0
6799	0
6800	0
6801	0
6802	0
6803	0
6804	0
6805	1
6806	1
6807	0
6808	0
6809	0
6810	0
6811	0
6812	0
6813	0
6814	0
6815	0
6816	0
6817	1
6818	0
6819	0
6820	0
6821	0
6822	1
6823	0
6824	0
6825	0
6826	0
6827	1
6828	0
6829	0
6830	2
6831	0
6832	0
6833	0
6834	0
6835	1
6836	0
6837	0
6838	1
6839	0
6840	0
6841	0
6842	0
6843	0
6844	1
6845	1
6846	1
6847	0
6848	0
6849	0
6850	0
6851	0
6852	0
6853	0
6854	0
6855	0
6856	1
6857	0
6858	1
6859	0
6860	0
6861	0
6862	0
6863	0
6864	0
6865	0
6866	1
6867	1
6868	0
6869	0
6870	0
6871	0
6872	0
6873	0
6874	0
6875	0
6876	0
6877	0
6878	0
6879	0
6880	0
6881	0
6882	0
6883	0
6884	0
6885	0
6886	0
6887	0
6888	0
6889	0
6890	0
6891	0
6892	0
6893	0
6894	0
6895	1
6896	0
6897	0
6898	0
6899	0
6900	0
6901	0
6902	0
6903	0
6904	1
6905	0
6906	1
6907	1
6908	0
6909	0
6910	0
6911	0
6912	0
6913	1
6914	0
6915	0
6916	0
6917	0
6918	0
6919	0
6920	0
6921	0
6922	0
6923	0
6924	1
6925	0
6926	0
6927	0
6928	1
6929	0
6930	0
6931	0
6932	0
6933	1
6934	0
6935	0
6936	0
6937	0
6938	1
6939	0
6940	0
6941	0
6942	0
6943	0
6944	0
6945	0
6946	0
6947	0
6948	0
6949	0
6950	0
6951	0
6952	0
6953	0
6954	0
6955	0
6956	1
6957	0
6958	0
6959	0
6960	1
6961	0
6962	1
6963	0
6964	0
6965	0
6966	0
6967	0
6968	0
6969	1
6970	0
6971	0
6972	0
6973	0
6974	0
6975	0
6976	0
6977	0
6978	0
6979	0
6980	0
6981	0
6982	0
6983	0
6984	0
6985	0
6986	0
6987	0
6988	0
6989	1
6990	0
6991	0
6992	0
6993	1
6994	0
6995	0
6996	0
6997	0
6998	0
6999	0
7000	0
7001	0
7002	0
7003	0
7004	0
7005	0
7006	0
7007	0
7008	0
7009	0
7010	0
7011	0
7012	0
7013	0
7014	0
7015	1
7016	1
7017	0
7018	1
7019	0
7020	0
7021	2
7022	0
7023	0
7024	0
7025	1
7026	0
7027	0
7028	0
7029	0
7030	0
7031	0
7032	1
7033	0
7034	0
7035	0
7036	0
7037	0
7038	1
7039	0
7040	1
7041	1
7042	1
7043	0
7044	0
7045	0
7046	0
7047	0
7048	0
7049	0
7050	0
7051	0
7052	1
7053	1
7054	0
7055	0
7056	0
7057	0
7058	0
7059	0
7060	0
7061	0
7062	2
7063	0
7064	0
7065	0
7066	2
7067	0
7068	1
7069	0
7070	0
7071	0
7072	0
7073	0
7074	0
7075	0
7076	0
7077	0
7078	3
7079	0
7080	0
7081	1
7082	1
7083	0
7084	0
7085	0
7086	0
7087	0
7088	0
7089	0
7090	0
7091	0
7092	0
7093	2
7094	0
7095	0
7096	0
7097	1
7098	0
7099	0
7100	1
7101	0
7102	0
7103	0
7104	0
7105	0
7106	0
7107	0
7108	1
7109	0
7110	1
7111	1
7112	0
7113	0
7114	0
7115	1
7116	0
7117	0
7118	0
7119	1
7120	1
7121	0
7122	0
7123	0
7124	0
7125	0
7126	0
7127	0
7128	0
7129	0
7130	0
7131	0
7132	0
7133	0
7134	0
7135	1
7136	0
7137	0
7138	1
7139	0
7140	0
7141	0
7142	0
7143	0
7144	1
7145	0
7146	0
7147	1
7148	1
7149	0
7150	0
7151	0
7152	0
7153	0
7154	1
7155	0
7156	0
7157	0
7158	0
7159	0
7160	0
7161	0
7162	0
7163	0
7164	0
7165	0
7166	0
7167	0
7168	0
7169	0
7170	0
7171	0
7172	0
7173	0
7174	0
7175	0
7176	0
7177	1
7178	0
7179	0
7180	0
7181	0
7182	0
7183	0
7184	0
7185	0
7186	0
7187	0
7188	1
7189	0
7190	1
7191	0
7192	0
7193	0
7194	0
7195	0
7196	0
7197	0
7198	0
7199	0
7200	0
7201	1
7202	0
7203	0
7204	0
7205	0
7206	1
7207	0
7208	0
7209	0
7210	1
7211	0
7212	0
7213	1
7214	0
7215	0
7216	0
7217	0
7218	0
7219	0
7220	0
7221	0
7222	0
7223	0
7224	0
7225	0
7226	0
7227	0
7228	0
7229	1
7230	0
7231	0
7232	0
7233	0
7234	0
7235	1
7236	0
7237	0
7238	0
7239	0
7240	0
7241	0
7242	0
7243	1
7244	0
7245	0
7246	0
7247	0
7248	1
7249	0
7250	0
7251	0
7252	0
7253	0
7254	0
7255	0
7256	1
7257	0
7258	0
7259	0
7260	0
7261	1
7262	0
7263	0
7264	0
7265	0
7266	1
7267	0
7268	0
7269	0
7270	0
7271	0
7272	0
7273	0
7274	0
7275	0
7276	0
7277	0
7278	0
7279	0
7280	0
7281	0
7282	0
7283	0
7284	0
7285	0
7286	0
7287	0
7288	0
7289	0
7290	0
7291	0
7292	0
7293	0
7294	0
7295	0
7296	0
7297	1
7298	0
7299	0
7300	0
7301	0
7302	0
7303	0
7304	0
7305	0
7306	0
7307	0
7308	0
7309	0
7310	0
7311	0
7312	0
7313	0
7314	0
7315	0
7316	0
7317	0
7318	0
7319	0
7320	0
7321	0
7322	0
7323	0
7324	0
7325	0
7326	0
7327	0
7328	0
7329	0
7330	0
7331	0
7332	0
7333	0
7334	0
7335	0
7336	0
7337	1
7338	0
7339	0
7340	0
7341	0
7342	0
7343	0
7344	0
7345	0
7346	0
7347	0
7348	0
7349	0
7350	0
7351	0
7352	0
7353	0
7354	0
7355	0
7356	0
7357	1
7358	0
7359	0
7360	0
7361	0
7362	0
7363	0
7364	0
7365	1
7366	0
7367	0
7368	0
7369	0
7370	0
7371	0
7372	0
7373	0
7374	0
7375	0
7376	0
7377	0
7378	0
7379	0
7380	0
7381	0
7382	0
7383	0
7384	0
7385	0
7386	0
7387	0
7388	0
7389	0
7390	0
7391	0
7392	0
7393	0
7394	0
7395	0
7396	0
7397	0
7398	0
7399	0
7400	0
7401	1
7402	1
7403	0
7404	0
7405	0
7406	0
7407	0
7408	0
7409	0
7410	0
7411	0
7412	0
7413	0
7414	0
7415	0
7416	0
7417	1
7418	1
7419	0
7420	0
7421	0
7422	0
7423	0
7424	0
7425	0
7426	0
7427	0
7428	1
7429	1
7430	0
7431	0
7432	0
7433	0
7434	0
7435	0
7436	1
7437	0
7438	0
7439	0
7440	0
7441	0
7442	0
7443	0
7444	0
7445	0
7446	0
7447	0
7448	0
7449	0
7450	0
7451	0
7452	0
7453	0
7454	0
7455	0
7456	0
7457	0
7458	0
7459	0
7460	0
7461	0
7462	0
7463	0
7464	1
7465	0
7466	0
7467	0
7468	0
7469	0
7470	0
7471	0
7472	1
7473	0
7474	0
7475	0
7476	1
7477	0
7478	0
7479	0
7480	0
7481	1
7482	0
7483	0
7484	0
7485	0
7486	0
7487	0
7488	0
7489	1
7490	0
7491	0
7492	0
7493	0
7494	0
7495	0
7496	0
7497	0
7498	0
7499	0
7500	0
7501	0
7502	0
7503	0
7504	0
7505	0
7506	0
7507	1
7508	0
7509	0
7510	0
7511	0
7512	0
7513	0
7514	0
7515	0
7516	0
7517	0
7518	0
7519	0
7520	0
7521	0
7522	0
7523	0
7524	0
7525	0
7526	0
7527	0
7528	0
7529	0
7530	0
7531	0
7532	0
7533	0
7534	0
7535	0
7536	0
7537	0
7538	0
7539	0
7540	0
7541	0
7542	0
7543	0
7544	0
7545	0
7546	0
7547	1
7548	0
7549	0
7550	1
7551	0
7552	0
7553	0
7554	0
7555	0
7556	0
7557	0
7558	0
7559	0
7560	0
7561	0
7562	1
7563	0
7564	0
7565	0
7566	0
7567	0
7568	1
7569	0
7570	0
7571	1
7572	0
7573	0
7574	0
7575	1
7576	0
7577	0
7578	0
7579	0
7580	0
7581	0
7582	0
7583	0
7584	0
7585	0
7586	0
7587	1
7588	0
7589	0
7590	0
7591	0
7592	0
7593	1
7594	0
7595	0
7596	0
7597	0
7598	0
7599	0
7600	0
7601	0
7602	0
7603	1
7604	0
7605	1
7606	0
7607	0
7608	0
7609	0
7610	0
7611	0
7612	0
7613	0
7614	1
7615	1
7616	1
7617	0
7618	0
7619	0
7620	0
7621	0
7622	0
7623	0
7624	0
7625	0
7626	0
7627	0
7628	0
7629	0
7630	0
7631	1
7632	0
7633	0
7634	0
7635	0
7636	0
7637	0
7638	0
7639	0
7640	1
7641	0
7642	0
7643	0
7644	0
7645	0
7646	0
7647	0
7648	0
7649	0
7650	0
7651	0
7652	0
7653	0
7654	0
7655	0
7656	0
7657	1
7658	0
7659	0
7660	0
7661	0
7662	0
7663	0
7664	0
7665	0
7666	0
7667	0
7668	0
7669	0
7670	0
7671	0
7672	0
7673	0
7674	0
7675	0
7676	0
7677	0
7678	0
7679	0
7680	0
7681	0
7682	0
7683	1
7684	0
7685	0
7686	0
7687	0
7688	0
7689	0
7690	0
7691	0
7692	0
7693	0
7694	0
7695	0
7696	0
7697	0
7698	0
7699	0
7700	0
7701	0
7702	0
7703	0
7704	0
7705	0
7706	0
7707	0
7708	0
7709	0
7710	0
7711	0
7712	0
7713	0
7714	0
7715	0
7716	0
7717	0
7718	0
7719	0
7720	0
7721	0
7722	0
7723	0
7724	0
7725	0
7726	0
7727	0
7728	0
7729	0
7730	0
7731	0
7732	1
7733	0
7734	0
7735	0
7736	0
7737	1
7738	0
7739	0
7740	0
7741	0
7742	1
7743	0
7744	0
7745	0
7746	0
7747	0
7748	0
7749	0
7750	0
7751	0
7752	0
7753	0
7754	0
7755	0
7756	0
7757	0
7758	0
7759	0
7760	0
7761	0
7762	0
7763	0
7764	0
7765	0
7766	0
7767	0
7768	0
7769	0
7770	0
7771	0
7772	0
7773	0
7774	0
7775	0
7776	0
7777	0
7778	0
7779	0
7780	0
7781	0
7782	0
7783	0
7784	0
7785	0
7786	0
7787	0
7788	1
7789	1
7790	0
7791	0
7792	0
7793	0
7794	0
7795	0
7796	0
7797	0
7798	0
7799	0
7800	0
7801	0
7802	0
7803	0
7804	0
7805	0
7806	0
7807	0
7808	0
7809	0
7810	0
7811	0
7812	1
7813	0
7814	0
7815	0
7816	1
7817	0
7818	0
7819	0
7820	0
7821	0
7822	0
7823	0
7824	0
7825	0
7826	0
7827	1
7828	0
7829	0
7830	1
7831	0
7832	0
7833	0
7834	0
7835	1
7836	0
7837	0
7838	1
7839	0
7840	2
7841	0
7842	0
7843	0
7844	0
7845	0
7846	1
7847	0
7848	0
7849	1
7850	0
7851	0
7852	1
7853	0
7854	0
7855	0
7856	0
7857	0
7858	0
7859	0
7860	1
7861	0
7862	1
7863	0
7864	0
7865	0
7866	0
7867	0
7868	0
7869	0
7870	0
7871	0
7872	0
7873	0
7874	1
7875	1
7876	1
7877	0
7878	0
7879	1
7880	0
7881	0
7882	0
7883	0
7884	0
7885	0
7886	0
7887	0
7888	0
7889	0
7890	0
7891	1
7892	2
7893	0
7894	0
7895	0
7896	0
7897	0
7898	1
7899	0
7900	0
7901	0
7902	0
7903	0
7904	1
7905	0
7906	0
7907	0
7908	0
7909	0
7910	0
7911	0
7912	0
7913	0
7914	1
7915	0
7916	0
7917	0
7918	0
7919	1
7920	2
7921	0
7922	0
7923	0
7924	1
7925	0
7926	0
7927	0
7928	0
7929	0
7930	1
7931	0
7932	0
7933	1
7934	0
7935	0
7936	0
7937	3
7938	0
7939	0
7940	1
7941	0
7942	0
7943	1
7944	1
7945	0
7946	0
7947	0
7948	1
7949	0
7950	1
7951	0
7952	1
7953	0
7954	0
7955	0
7956	0
7957	0
7958	1
7959	0
7960	1
7961	0
7962	0
7963	0
7964	0
7965	1
7966	0
7967	0
7968	0
7969	0
7970	1
7971	0
7972	0
7973	0
7974	0
7975	1
7976	1
7977	0
7978	0
7979	0
7980	0
7981	0
7982	0
7983	0
7984	0
7985	0
7986	0
7987	0
7988	0
7989	0
7990	0
7991	0
7992	0
7993	1
7994	0
7995	0
7996	0
7997	0
7998	0
7999	1
8000	0
8001	0
8002	0
8003	0
8004	0
8005	1
8006	0
8007	0
8008	0
8009	0
8010	0
8011	0
8012	0
8013	0
8014	0
8015	0
8016	0
8017	0
8018	0
8019	0
8020	0
8021	0
8022	0
8023	0
8024	0
8025	0
8026	0
8027	0
8028	0
8029	0
8030	0
8031	0
8032	0
8033	0
8034	0
8035	0
8036	0
8037	0
8038	0
8039	0
8040	0
8041	0
8042	0
8043	0
8044	0
8045	0
8046	0
8047	0
8048	0
8049	0
8050	0
8051	0
8052	0
8053	0
8054	0
8055	0
8056	0
8057	0
8058	0
8059	0
8060	0
8061	0
8062	0
8063	0
8064	0
8065	0
8066	0
8067	0
8068	0
8069	0
8070	0
8071	0
8072	0
8073	0
8074	0
8075	0
8076	0
8077	0
8078	0
8079	0
8080	0
8081	0
8082	0
8083	0
8084	0
8085	0
8086	0
8087	0
8088	0
8089	0
8090	0
8091	0
8092	0
8093	0
8094	0
8095	0
8096	0
8097	0
8098	0
8099	0
8100	0
8101	0
8102	0
8103	0
8104	0
8105	0
8106	0
8107	0
8108	0
8109	0
8110	0
8111	0
8112	0
8113	0
8114	0
8115	0
8116	0
8117	0
8118	0
8119	0
8120	0
8121	0
8122	0
8123	0
8124	0
8125	0
8126	0
8127	0
8128	0
8129	0
8130	0
8131	0
8132	0
8133	0
8134	0
8135	0
8136	0
8137	0
8138	0
8139	0
8140	0
8141	0
8142	0
8143	0
8144	0
8145	0
8146	0
8147	0
8148	0
8149	0
8150	0
8151	0
8152	0
8153	0
8154	0
8155	0
8156	0
8157	0
8158	0
8159	0
8160	0
8161	0
8162	0
8163	0
8164	0
8165	0
8166	0
8167	0
8168	0
8169	0
8170	0
8171	0
8172	0
8173	0
8174	0
8175	0
8176	0
8177	0
8178	0
8179	0
8180	0
8181	0
8182	0
8183	0
8184	0
8185	0
8186	0
8187	0
8188	0
8189	0
8190	0
8191	0
