0	0
1	0
2	0
3	0
4	0
5	0
6	0
7	0
8	0
9	0
10	0
11	0
12	0
13	0
14	0
15	0
16	0
17	0
18	0
19	0
20	1
21	0
22	1
23	0
24	0
25	1
26	0
27	0
28	0
29	0
30	0
31	1
32	0
33	0
34	1
35	1
36	0
37	1
38	1
39	0
40	1
41	1
42	0
43	9
44	62
45	192
46	270
47	311
48	334
49	320
50	278
51	282
52	232
53	216
54	207
55	180
56	214
57	170
58	163
59	155
60	171
61	184
62	160
63	188
64	168
65	183
66	171
67	157
68	194
69	172
70	164
71	150
72	164
73	161
74	170
75	180
76	184
77	213
78	175
79	169
80	174
81	167
82	157
83	150
84	149
85	141
86	159
87	139
88	157
89	163
90	150
91	147
92	155
93	129
94	154
95	137
96	153
97	166
98	148
99	152
100	145
101	156
102	150
103	134
104	157
105	163
106	144
107	167
108	141
109	150
110	160
111	156
112	175
113	184
114	164
115	150
116	162
117	138
118	169
119	148
120	143
121	156
122	158
123	165
124	173
125	171
126	167
127	154
128	172
129	136
130	166
131	187
132	140
133	165
134	169
135	177
136	157
137	173
138	181
139	150
140	171
141	167
142	174
143	172
144	186
145	169
146	153
147	188
148	176
149	188
150	150
151	186
152	200
153	174
154	188
155	184
156	190
157	195
158	188
159	207
160	195
161	200
162	192
163	192
164	204
165	184
166	197
167	206
168	200
169	220
170	220
171	186
172	187
173	214
174	205
175	212
176	208
177	215
178	218
179	215
180	205
181	246
182	220
183	236
184	248
185	237
186	228
187	227
188	235
189	237
190	235
191	186
192	212
193	260
194	235
195	203
196	239
197	246
198	231
199	219
200	250
201	245
202	247
203	265
204	280
205	242
206	284
207	250
208	252
209	266
210	261
211	266
212	244
213	239
214	256
215	277
216	266
217	256
218	220
219	255
220	256
221	286
222	273
223	273
224	266
225	275
226	291
227	277
228	279
229	292
230	287
231	285
232	298
233	287
234	280
235	325
236	292
237	291
238	295
239	312
240	301
241	323
242	330
243	288
244	354
245	331
246	335
247	357
248	342
249	311
250	336
251	339
252	355
253	336
254	333
255	322
256	343
257	295
258	345
259	348
260	337
261	348
262	327
263	326
264	361
265	321
266	319
267	338
268	325
269	328
270	344
271	314
272	350
273	325
274	301
275	282
276	298
277	354
278	338
279	333
280	322
281	320
282	306
283	325
284	321
285	344
286	325
287	318
288	307
289	348
290	328
291	317
292	324
293	360
294	332
295	314
296	307
297	347
298	309
299	348
300	305
301	341
302	289
303	320
304	306
305	310
306	315
307	306
308	287
309	276
310	349
311	338
312	304
313	313
314	318
315	323
316	341
317	317
318	333
319	297
320	307
321	313
322	281
323	311
324	297
325	345
326	288
327	343
328	301
329	297
330	281
331	305
332	304
333	302
334	273
335	330
336	320
337	325
338	328
339	289
340	293
341	315
342	307
343	285
344	319
345	332
346	303
347	315
348	293
349	319
350	304
351	316
352	307
353	306
354	304
355	305
356	326
357	295
358	294
359	277
360	327
361	288
362	314
363	303
364	315
365	323
366	301
367	339
368	290
369	305
370	304
371	311
372	340
373	287
374	291
375	335
376	312
377	277
378	295
379	285
380	313
381	289
382	314
383	335
384	315
385	328
386	295
387	294
388	270
389	295
390	299
391	287
392	292
393	281
394	323
395	320
396	299
397	327
398	308
399	289
400	292
401	285
402	308
403	280
404	277
405	285
406	283
407	293
408	279
409	298
410	328
411	274
412	288
413	297
414	304
415	300
416	326
417	280
418	305
419	288
420	305
421	270
422	292
423	285
424	310
425	270
426	293
427	311
428	304
429	275
430	290
431	264
432	293
433	308
434	280
435	293
436	325
437	309
438	305
439	290
440	277
441	276
442	290
443	275
444	275
445	317
446	300
447	278
448	298
449	298
450	282
451	289
452	307
453	274
454	301
455	293
456	270
457	281
458	290
459	288
460	287
461	283
462	285
463	288
464	266
465	267
466	280
467	256
468	267
469	294
470	292
471	256
472	244
473	282
474	269
475	274
476	299
477	260
478	267
479	292
480	281
481	282
482	254
483	276
484	295
485	270
486	263
487	281
488	277
489	260
490	241
491	260
492	309
493	274
494	265
495	306
496	288
497	304
498	254
499	296
500	280
501	276
502	249
503	272
504	269
505	273
506	263
507	258
508	288
509	290
510	255
511	260
512	264
513	272
514	273
515	275
516	222
517	279
518	258
519	265
520	246
521	264
522	278
523	285
524	282
525	287
526	280
527	278
528	280
529	282
530	284
531	262
532	285
533	311
534	270
535	281
536	310
537	280
538	264
539	255
540	270
541	269
542	260
543	253
544	282
545	248
546	244
547	251
548	248
549	295
550	252
551	249
552	286
553	282
554	270
555	287
556	262
557	252
558	267
559	283
560	259
561	280
562	257
563	283
564	253
565	265
566	268
567	240
568	302
569	304
570	301
571	283
572	279
573	294
574	266
575	287
576	290
577	248
578	229
579	287
580	259
581	285
582	278
583	285
584	272
585	255
586	265
587	274
588	270
589	299
590	275
591	262
592	275
593	269
594	291
595	257
596	261
597	250
598	285
599	267
600	310
601	259
602	260
603	274
604	266
605	268
606	271
607	273
608	264
609	255
610	297
611	242
612	260
613	251
614	273
615	256
616	284
617	282
618	260
619	272
620	251
621	267
622	253
623	247
624	248
625	238
626	252
627	256
628	271
629	268
630	249
631	248
632	253
633	256
634	261
635	238
636	267
637	248
638	237
639	260
640	239
641	236
642	264
643	265
644	247
645	250
646	272
647	235
648	245
649	269
650	240
651	239
652	214
653	227
654	266
655	259
656	256
657	274
658	248
659	262
660	225
661	248
662	239
663	218
664	235
665	253
666	263
667	250
668	248
669	251
670	241
671	258
672	259
673	228
674	246
675	217
676	238
677	232
678	252
679	244
680	221
681	224
682	244
683	221
684	231
685	276
686	230
687	234
688	237
689	223
690	244
691	232
692	209
693	235
694	229
695	245
696	237
697	244
698	237
699	230
700	226
701	236
702	224
703	257
704	220
705	229
706	247
707	243
708	230
709	236
710	286
711	221
712	243
713	198
714	209
715	256
716	241
717	227
718	236
719	218
720	225
721	233
722	233
723	233
724	235
725	228
726	199
727	225
728	210
729	215
730	233
731	209
732	245
733	235
734	237
735	235
736	245
737	221
738	223
739	205
740	224
741	205
742	226
743	235
744	198
745	239
746	204
747	215
748	229
749	222
750	220
751	206
752	249
753	244
754	238
755	232
756	233
757	225
758	216
759	215
760	243
761	222
762	245
763	220
764	229
765	210
766	211
767	212
768	253
769	246
770	205
771	236
772	231
773	212
774	231
775	217
776	210
777	220
778	207
779	213
780	190
781	211
782	218
783	202
784	223
785	241
786	194
787	204
788	210
789	196
790	220
791	222
792	226
793	188
794	220
795	196
796	180
797	239
798	200
799	204
800	206
801	211
802	215
803	200
804	215
805	201
806	204
807	208
808	215
809	211
810	203
811	191
812	199
813	203
814	184
815	229
816	212
817	195
818	204
819	204
820	183
821	206
822	191
823	195
824	202
825	208
826	209
827	165
828	196
829	221
830	215
831	211
832	180
833	213
834	200
835	210
836	202
837	207
838	191
839	204
840	209
841	203
842	173
843	201
844	201
845	214
846	186
847	194
848	204
849	171
850	213
851	229
852	211
853	221
854	207
855	201
856	214
857	171
858	214
859	188
860	209
861	201
862	179
863	174
864	196
865	205
866	191
867	218
868	220
869	182
870	166
871	184
872	176
873	173
874	197
875	203
876	206
877	211
878	189
879	202
880	167
881	207
882	200
883	187
884	191
885	214
886	199
887	197
888	191
889	202
890	207
891	192
892	179
893	188
894	214
895	207
896	203
897	223
898	192
899	223
900	186
901	188
902	199
903	189
904	190
905	212
906	186
907	186
908	206
909	185
910	183
911	210
912	196
913	178
914	180
915	186
916	170
917	182
918	171
919	177
920	193
921	209
922	215
923	184
924	187
925	187
926	209
927	183
928	168
929	208
930	175
931	178
932	212
933	190
934	179
935	168
936	195
937	176
938	197
939	188
940	184
941	199
942	177
943	181
944	199
945	173
946	200
947	165
948	196
949	180
950	205
951	215
952	189
953	184
954	173
955	199
956	191
957	189
958	182
959	196
960	201
961	196
962	179
963	199
964	185
965	196
966	184
967	189
968	185
969	198
970	177
971	186
972	204
973	188
974	189
975	169
976	195
977	199
978	221
979	179
980	186
981	188
982	180
983	176
984	183
985	199
986	201
987	208
988	192
989	189
990	188
991	174
992	191
993	179
994	174
995	184
996	191
997	177
998	206
999	193
1000	158
1001	166
1002	193
1003	185
1004	161
1005	173
1006	181
1007	184
1008	191
1009	174
1010	171
1011	195
1012	191
1013	170
1014	176
1015	187
1016	166
1017	180
1018	176
1019	182
1020	163
1021	183
1022	188
1023	176
1024	208
1025	200
1026	196
1027	183
1028	171
1029	195
1030	177
1031	178
1032	175
1033	165
1034	178
1035	171
1036	185
1037	171
1038	168
1039	184
1040	171
1041	157
1042	154
1043	161
1044	176
1045	162
1046	205
1047	161
1048	163
1049	149
1050	167
1051	165
1052	151
1053	137
1054	154
1055	158
1056	156
1057	149
1058	166
1059	149
1060	149
1061	166
1062	141
1063	122
1064	157
1065	153
1066	157
1067	146
1068	157
1069	160
1070	138
1071	145
1072	148
1073	133
1074	118
1075	152
1076	163
1077	151
1078	157
1079	143
1080	144
1081	128
1082	134
1083	152
1084	146
1085	142
1086	138
1087	141
1088	142
1089	130
1090	131
1091	132
1092	132
1093	133
1094	130
1095	153
1096	142
1097	141
1098	118
1099	143
1100	144
1101	106
1102	142
1103	118
1104	126
1105	135
1106	122
1107	125
1108	127
1109	112
1110	111
1111	107
1112	131
1113	112
1114	111
1115	136
1116	134
1117	113
1118	133
1119	113
1120	124
1121	121
1122	125
1123	121
1124	134
1125	119
1126	123
1127	141
1128	112
1129	106
1130	112
1131	112
1132	114
1133	126
1134	129
1135	120
1136	116
1137	96
1138	119
1139	129
1140	126
1141	100
1142	116
1143	135
1144	121
1145	118
1146	108
1147	114
1148	102
1149	120
1150	130
1151	95
1152	104
1153	95
1154	104
1155	123
1156	122
1157	114
1158	109
1159	112
1160	120
1161	101
1162	119
1163	123
1164	100
1165	131
1166	129
1167	110
1168	109
1169	105
1170	93
1171	116
1172	102
1173	129
1174	110
1175	129
1176	115
1177	112
1178	116
1179	115
1180	89
1181	110
1182	104
1183	119
1184	90
1185	111
1186	100
1187	121
1188	104
1189	94
1190	106
1191	102
1192	97
1193	108
1194	100
1195	93
1196	104
1197	101
1198	121
1199	117
1200	108
1201	115
1202	97
1203	123
1204	100
1205	121
1206	83
1207	113
1208	114
1209	105
1210	107
1211	91
1212	89
1213	126
1214	98
1215	96
1216	102
1217	90
1218	116
1219	96
1220	91
1221	94
1222	96
1223	117
1224	106
1225	113
1226	100
1227	92
1228	77
1229	114
1230	93
1231	94
1232	74
1233	99
1234	109
1235	113
1236	89
1237	89
1238	91
1239	92
1240	108
1241	102
1242	79
1243	110
1244	105
1245	88
1246	109
1247	73
1248	108
1249	101
1250	90
1251	128
1252	106
1253	92
1254	119
1255	99
1256	93
1257	116
1258	85
1259	111
1260	95
1261	112
1262	104
1263	89
1264	105
1265	95
1266	109
1267	120
1268	117
1269	94
1270	109
1271	94
1272	102
1273	103
1274	93
1275	102
1276	115
1277	96
1278	113
1279	105
1280	98
1281	102
1282	104
1283	100
1284	104
1285	104
1286	107
1287	100
1288	108
1289	96
1290	102
1291	83
1292	95
1293	110
1294	89
1295	100
1296	108
1297	98
1298	121
1299	100
1300	109
1301	109
1302	100
1303	100
1304	109
1305	98
1306	108
1307	106
1308	113
1309	107
1310	105
1311	110
1312	115
1313	102
1314	102
1315	90
1316	103
1317	101
1318	104
1319	117
1320	110
1321	105
1322	110
1323	106
1324	100
1325	90
1326	119
1327	106
1328	89
1329	104
1330	91
1331	99
1332	91
1333	130
1334	109
1335	113
1336	97
1337	112
1338	102
1339	117
1340	121
1341	105
1342	110
1343	108
1344	110
1345	103
1346	133
1347	89
1348	122
1349	127
1350	119
1351	111
1352	99
1353	113
1354	92
1355	100
1356	104
1357	99
1358	109
1359	101
1360	113
1361	116
1362	118
1363	106
1364	110
1365	112
1366	113
1367	83
1368	123
1369	111
1370	118
1371	102
1372	107
1373	138
1374	110
1375	127
1376	103
1377	132
1378	105
1379	99
1380	118
1381	114
1382	131
1383	116
1384	123
1385	115
1386	111
1387	105
1388	109
1389	109
1390	121
1391	107
1392	109
1393	116
1394	127
1395	105
1396	118
1397	129
1398	118
1399	116
1400	135
1401	122
1402	110
1403	115
1404	121
1405	94
1406	121
1407	113
1408	122
1409	114
1410	133
1411	122
1412	117
1413	106
1414	135
1415	122
1416	112
1417	105
1418	114
1419	127
1420	121
1421	116
1422	123
1423	117
1424	110
1425	128
1426	110
1427	125
1428	136
1429	123
1430	114
1431	118
1432	113
1433	109
1434	122
1435	109
1436	111
1437	115
1438	111
1439	119
1440	112
1441	109
1442	125
1443	128
1444	120
1445	109
1446	128
1447	132
1448	115
1449	119
1450	105
1451	111
1452	137
1453	107
1454	116
1455	146
1456	122
1457	112
1458	108
1459	135
1460	123
1461	130
1462	128
1463	124
1464	145
1465	142
1466	119
1467	122
1468	136
1469	140
1470	122
1471	138
1472	143
1473	122
1474	128
1475	135
1476	141
1477	125
1478	122
1479	154
1480	154
1481	145
1482	147
1483	160
1484	140
1485	157
1486	139
1487	152
1488	156
1489	180
1490	159
1491	142
1492	144
1493	150
1494	143
1495	155
1496	171
1497	167
1498	168
1499	180
1500	194
1501	186
1502	190
1503	189
1504	173
1505	185
1506	171
1507	208
1508	210
1509	190
1510	246
1511	205
1512	205
1513	220
1514	209
1515	230
1516	220
1517	244
1518	243
1519	245
1520	261
1521	248
1522	280
1523	262
1524	285
1525	278
1526	307
1527	263
1528	289
1529	293
1530	285
1531	322
1532	305
1533	336
1534	322
1535	347
1536	347
1537	371
1538	327
1539	406
1540	381
1541	342
1542	354
1543	429
1544	412
1545	408
1546	442
1547	442
1548	433
1549	458
1550	488
1551	451
1552	471
1553	501
1554	486
1555	523
1556	545
1557	454
1558	485
1559	534
1560	551
1561	562
1562	554
1563	569
1564	603
1565	618
1566	602
1567	599
1568	606
1569	638
1570	685
1571	697
1572	699
1573	655
1574	720
1575	661
1576	692
1577	639
1578	764
1579	743
1580	837
1581	783
1582	774
1583	786
1584	736
1585	826
1586	744
1587	832
1588	856
1589	843
1590	821
1591	855
1592	908
1593	855
1594	857
1595	922
1596	970
1597	937
1598	962
1599	981
1600	996
1601	912
1602	1011
1603	972
1604	1001
1605	937
1606	1049
1607	1037
1608	1019
1609	1039
1610	1022
1611	1067
1612	1056
1613	1067
1614	1151
1615	1112
1616	1154
1617	1101
1618	1094
1619	1103
1620	1126
1621	1057
1622	1152
1623	1120
1624	1175
1625	1139
1626	1133
1627	1149
1628	1187
1629	1142
1630	1147
1631	1167
1632	1206
1633	1114
1634	1197
1635	1182
1636	1179
1637	1171
1638	1140
1639	1176
1640	1223
1641	1238
1642	1125
1643	1176
1644	1193
1645	1184
1646	1141
1647	1177
1648	1161
1649	1136
1650	1146
1651	1195
1652	1116
1653	1130
1654	1163
1655	1145
1656	1118
1657	1166
1658	1168
1659	1154
1660	1143
1661	1049
1662	1125
1663	1098
1664	1141
1665	1064
1666	1023
1667	1024
1668	1057
1669	983
1670	1001
1671	972
1672	1040
1673	967
1674	1028
1675	980
1676	980
1677	940
1678	913
1679	955
1680	965
1681	926
1682	873
1683	862
1684	794
1685	842
1686	832
1687	778
1688	795
1689	819
1690	822
1691	722
1692	790
1693	764
1694	749
1695	730
1696	743
1697	711
1698	691
1699	682
1700	651
1701	626
1702	651
1703	641
1704	618
1705	601
1706	593
1707	616
1708	559
1709	573
1710	574
1711	545
1712	531
1713	514
1714	496
1715	487
1716	446
1717	438
1718	426
1719	397
1720	460
1721	417
1722	405
1723	399
1724	373
1725	366
1726	368
1727	357
1728	392
1729	329
1730	338
1731	327
1732	347
1733	310
1734	308
1735	278
1736	286
1737	267
1738	276
1739	268
1740	239
1741	285
1742	252
1743	247
1744	218
1745	206
1746	202
1747	202
1748	189
1749	200
1750	203
1751	184
1752	205
1753	192
1754	182
1755	137
1756	158
1757	171
1758	140
1759	144
1760	138
1761	155
1762	142
1763	152
1764	143
1765	132
1766	128
1767	116
1768	122
1769	146
1770	117
1771	121
1772	121
1773	106
1774	116
1775	84
1776	115
1777	103
1778	103
1779	112
1780	88
1781	84
1782	86
1783	98
1784	92
1785	93
1786	92
1787	68
1788	86
1789	77
1790	90
1791	89
1792	75
1793	93
1794	75
1795	73
1796	82
1797	72
1798	76
1799	62
1800	60
1801	59
1802	57
1803	54
1804	62
1805	62
1806	68
1807	62
1808	68
1809	56
1810	72
1811	63
1812	55
1813	64
1814	70
1815	60
1816	68
1817	61
1818	62
1819	60
1820	47
1821	61
1822	50
1823	52
1824	53
1825	55
1826	57
1827	42
1828	67
1829	59
1830	60
1831	51
1832	52
1833	54
1834	44
1835	46
1836	64
1837	46
1838	69
1839	54
1840	52
1841	63
1842	46
1843	40
1844	45
1845	56
1846	59
1847	49
1848	45
1849	42
1850	53
1851	51
1852	66
1853	57
1854	44
1855	50
1856	60
1857	52
1858	52
1859	62
1860	47
1861	51
1862	52
1863	56
1864	49
1865	66
1866	44
1867	58
1868	57
1869	48
1870	42
1871	49
1872	45
1873	49
1874	49
1875	56
1876	51
1877	47
1878	50
1879	56
1880	45
1881	52
1882	46
1883	59
1884	49
1885	57
1886	57
1887	63
1888	52
1889	50
1890	53
1891	53
1892	52
1893	54
1894	39
1895	51
1896	51
1897	61
1898	53
1899	59
1900	55
1901	41
1902	55
1903	47
1904	61
1905	55
1906	51
1907	68
1908	74
1909	52
1910	56
1911	52
1912	55
1913	53
1914	50
1915	45
1916	54
1917	57
1918	59
1919	56
1920	52
1921	55
1922	53
1923	54
1924	49
1925	52
1926	58
1927	63
1928	64
1929	55
1930	53
1931	52
1932	59
1933	52
1934	57
1935	67
1936	59
1937	52
1938	50
1939	51
1940	58
1941	49
1942	53
1943	58
1944	57
1945	38
1946	54
1947	58
1948	55
1949	45
1950	51
1951	46
1952	58
1953	63
1954	57
1955	52
1956	51
1957	49
1958	47
1959	49
1960	57
1961	53
1962	40
1963	49
1964	43
1965	71
1966	58
1967	44
1968	61
1969	64
1970	59
1971	61
1972	44
1973	52
1974	60
1975	50
1976	54
1977	51
1978	46
1979	53
1980	55
1981	61
1982	48
1983	64
1984	56
1985	43
1986	41
1987	38
1988	60
1989	57
1990	53
1991	47
1992	50
1993	62
1994	63
1995	56
1996	66
1997	56
1998	43
1999	47
2000	59
2001	58
2002	54
2003	43
2004	48
2005	58
2006	56
2007	37
2008	68
2009	44
2010	59
2011	62
2012	60
2013	33
2014	54
2015	45
2016	50
2017	45
2018	45
2019	58
2020	49
2021	51
2022	55
2023	50
2024	58
2025	54
2026	50
2027	59
2028	54
2029	46
2030	60
2031	57
2032	39
2033	56
2034	55
2035	51
2036	52
2037	69
2038	58
2039	41
2040	53
2041	55
2042	59
2043	65
2044	67
2045	51
2046	61
2047	36
2048	56
2049	51
2050	48
2051	52
2052	59
2053	59
2054	38
2055	54
2056	67
2057	61
2058	57
2059	50
2060	39
2061	54
2062	52
2063	53
2064	44
2065	45
2066	35
2067	44
2068	56
2069	43
2070	53
2071	67
2072	54
2073	41
2074	62
2075	41
2076	56
2077	42
2078	54
2079	79
2080	56
2081	60
2082	49
2083	44
2084	55
2085	54
2086	45
2087	48
2088	60
2089	53
2090	47
2091	50
2092	39
2093	57
2094	57
2095	53
2096	57
2097	51
2098	45
2099	46
2100	55
2101	51
2102	43
2103	55
2104	54
2105	48
2106	50
2107	51
2108	47
2109	53
2110	53
2111	55
2112	44
2113	54
2114	45
2115	71
2116	51
2117	51
2118	44
2119	41
2120	57
2121	51
2122	66
2123	39
2124	48
2125	53
2126	50
2127	43
2128	53
2129	55
2130	62
2131	54
2132	44
2133	52
2134	45
2135	51
2136	53
2137	50
2138	69
2139	55
2140	40
2141	52
2142	38
2143	61
2144	46
2145	41
2146	53
2147	56
2148	41
2149	56
2150	62
2151	53
2152	50
2153	60
2154	48
2155	41
2156	56
2157	48
2158	53
2159	50
2160	53
2161	51
2162	47
2163	36
2164	57
2165	47
2166	47
2167	40
2168	53
2169	42
2170	52
2171	48
2172	44
2173	47
2174	55
2175	45
2176	54
2177	42
2178	61
2179	53
2180	52
2181	71
2182	53
2183	54
2184	49
2185	52
2186	50
2187	55
2188	56
2189	53
2190	48
2191	55
2192	45
2193	47
2194	41
2195	61
2196	53
2197	42
2198	57
2199	45
2200	43
2201	50
2202	52
2203	57
2204	52
2205	39
2206	51
2207	52
2208	64
2209	45
2210	48
2211	62
2212	51
2213	50
2214	39
2215	51
2216	38
2217	52
2218	48
2219	47
2220	42
2221	33
2222	61
2223	49
2224	58
2225	39
2226	53
2227	42
2228	49
2229	37
2230	43
2231	55
2232	41
2233	55
2234	45
2235	40
2236	56
2237	51
2238	51
2239	54
2240	50
2241	55
2242	62
2243	54
2244	48
2245	35
2246	51
2247	51
2248	29
2249	44
2250	44
2251	56
2252	58
2253	33
2254	44
2255	46
2256	54
2257	54
2258	54
2259	45
2260	51
2261	63
2262	57
2263	37
2264	47
2265	66
2266	38
2267	65
2268	38
2269	41
2270	45
2271	53
2272	42
2273	48
2274	45
2275	47
2276	47
2277	48
2278	49
2279	48
2280	49
2281	53
2282	55
2283	47
2284	64
2285	49
2286	47
2287	45
2288	50
2289	50
2290	52
2291	73
2292	52
2293	37
2294	45
2295	50
2296	42
2297	45
2298	46
2299	41
2300	42
2301	44
2302	41
2303	56
2304	44
2305	47
2306	53
2307	46
2308	57
2309	42
2310	42
2311	52
2312	42
2313	52
2314	47
2315	46
2316	40
2317	48
2318	46
2319	44
2320	59
2321	49
2322	43
2323	52
2324	54
2325	50
2326	68
2327	39
2328	59
2329	54
2330	52
2331	35
2332	55
2333	42
2334	65
2335	43
2336	43
2337	49
2338	58
2339	55
2340	45
2341	50
2342	39
2343	39
2344	54
2345	48
2346	54
2347	52
2348	49
2349	50
2350	32
2351	49
2352	50
2353	42
2354	56
2355	43
2356	56
2357	49
2358	47
2359	40
2360	45
2361	48
2362	50
2363	46
2364	56
2365	50
2366	53
2367	51
2368	55
2369	66
2370	57
2371	55
2372	61
2373	55
2374	59
2375	62
2376	49
2377	70
2378	49
2379	50
2380	52
2381	50
2382	46
2383	49
2384	55
2385	48
2386	46
2387	48
2388	52
2389	55
2390	45
2391	43
2392	39
2393	51
2394	53
2395	61
2396	47
2397	50
2398	45
2399	55
2400	47
2401	49
2402	51
2403	53
2404	45
2405	50
2406	65
2407	58
2408	68
2409	56
2410	47
2411	60
2412	48
2413	42
2414	45
2415	50
2416	52
2417	48
2418	65
2419	64
2420	51
2421	56
2422	54
2423	54
2424	53
2425	65
2426	50
2427	48
2428	32
2429	52
2430	57
2431	33
2432	52
2433	43
2434	38
2435	47
2436	52
2437	48
2438	55
2439	49
2440	51
2441	54
2442	43
2443	38
2444	51
2445	43
2446	53
2447	41
2448	52
2449	48
2450	53
2451	54
2452	40
2453	44
2454	50
2455	35
2456	64
2457	45
2458	46
2459	51
2460	60
2461	51
2462	42
2463	51
2464	41
2465	70
2466	62
2467	48
2468	55
2469	48
2470	56
2471	46
2472	44
2473	44
2474	42
2475	53
2476	54
2477	41
2478	52
2479	60
2480	55
2481	46
2482	48
2483	52
2484	53
2485	60
2486	52
2487	71
2488	53
2489	50
2490	55
2491	46
2492	47
2493	40
2494	46
2495	53
2496	49
2497	56
2498	45
2499	52
2500	51
2501	42
2502	50
2503	49
2504	49
2505	45
2506	55
2507	48
2508	68
2509	46
2510	43
2511	54
2512	59
2513	57
2514	56
2515	48
2516	55
2517	57
2518	58
2519	60
2520	67
2521	57
2522	53
2523	56
2524	54
2525	49
2526	52
2527	57
2528	37
2529	46
2530	43
2531	55
2532	48
2533	44
2534	54
2535	53
2536	42
2537	43
2538	48
2539	44
2540	47
2541	39
2542	47
2543	58
2544	44
2545	48
2546	43
2547	42
2548	51
2549	55
2550	55
2551	46
2552	51
2553	49
2554	48
2555	49
2556	39
2557	44
2558	40
2559	53
2560	51
2561	59
2562	42
2563	41
2564	57
2565	47
2566	44
2567	52
2568	57
2569	53
2570	62
2571	51
2572	54
2573	54
2574	46
2575	41
2576	56
2577	47
2578	37
2579	53
2580	54
2581	48
2582	64
2583	39
2584	50
2585	58
2586	41
2587	42
2588	51
2589	49
2590	44
2591	48
2592	43
2593	60
2594	55
2595	42
2596	55
2597	54
2598	52
2599	45
2600	46
2601	50
2602	45
2603	43
2604	40
2605	50
2606	48
2607	56
2608	47
2609	47
2610	49
2611	50
2612	41
2613	47
2614	42
2615	49
2616	48
2617	41
2618	48
2619	63
2620	50
2621	58
2622	51
2623	46
2624	40
2625	47
2626	58
2627	58
2628	53
2629	52
2630	41
2631	53
2632	66
2633	64
2634	55
2635	51
2636	42
2637	59
2638	55
2639	61
2640	50
2641	50
2642	48
2643	48
2644	39
2645	47
2646	54
2647	41
2648	60
2649	51
2650	46
2651	38
2652	56
2653	47
2654	50
2655	58
2656	44
2657	54
2658	45
2659	61
2660	59
2661	45
2662	33
2663	47
2664	55
2665	58
2666	43
2667	48
2668	49
2669	31
2670	39
2671	56
2672	52
2673	55
2674	52
2675	35
2676	41
2677	41
2678	52
2679	42
2680	47
2681	50
2682	50
2683	56
2684	59
2685	45
2686	57
2687	49
2688	57
2689	39
2690	49
2691	50
2692	52
2693	55
2694	48
2695	44
2696	44
2697	45
2698	47
2699	51
2700	51
2701	49
2702	50
2703	47
2704	40
2705	47
2706	35
2707	42
2708	49
2709	45
2710	45
2711	48
2712	47
2713	46
2714	48
2715	55
2716	50
2717	38
2718	50
2719	50
2720	52
2721	53
2722	52
2723	47
2724	50
2725	48
2726	54
2727	55
2728	52
2729	64
2730	36
2731	42
2732	52
2733	57
2734	52
2735	35
2736	55
2737	61
2738	56
2739	40
2740	35
2741	49
2742	50
2743	42
2744	50
2745	52
2746	51
2747	39
2748	37
2749	38
2750	47
2751	44
2752	49
2753	58
2754	43
2755	44
2756	36
2757	43
2758	64
2759	57
2760	54
2761	37
2762	61
2763	45
2764	40
2765	47
2766	43
2767	46
2768	51
2769	48
2770	52
2771	48
2772	52
2773	48
2774	55
2775	53
2776	55
2777	58
2778	53
2779	52
2780	44
2781	46
2782	57
2783	54
2784	39
2785	41
2786	53
2787	54
2788	45
2789	59
2790	57
2791	46
2792	51
2793	59
2794	36
2795	53
2796	55
2797	50
2798	45
2799	52
2800	56
2801	47
2802	39
2803	51
2804	59
2805	38
2806	49
2807	60
2808	62
2809	55
2810	45
2811	46
2812	46
2813	47
2814	59
2815	57
2816	49
2817	45
2818	46
2819	48
2820	49
2821	64
2822	43
2823	61
2824	61
2825	49
2826	44
2827	61
2828	48
2829	55
2830	55
2831	53
2832	45
2833	54
2834	53
2835	43
2836	61
2837	43
2838	51
2839	49
2840	49
2841	48
2842	51
2843	47
2844	62
2845	41
2846	46
2847	35
2848	50
2849	45
2850	51
2851	51
2852	48
2853	58
2854	53
2855	54
2856	46
2857	45
2858	44
2859	57
2860	49
2861	52
2862	57
2863	45
2864	53
2865	58
2866	51
2867	44
2868	62
2869	43
2870	59
2871	65
2872	54
2873	49
2874	53
2875	64
2876	51
2877	57
2878	49
2879	54
2880	57
2881	51
2882	57
2883	55
2884	46
2885	47
2886	54
2887	56
2888	47
2889	45
2890	61
2891	49
2892	48
2893	59
2894	59
2895	43
2896	49
2897	49
2898	45
2899	43
2900	42
2901	57
2902	40
2903	39
2904	46
2905	61
2906	53
2907	65
2908	43
2909	54
2910	55
2911	45
2912	55
2913	54
2914	52
2915	46
2916	61
2917	55
2918	71
2919	55
2920	56
2921	46
2922	57
2923	50
2924	52
2925	47
2926	58
2927	49
2928	58
2929	53
2930	51
2931	49
2932	61
2933	42
2934	61
2935	47
2936	41
2937	59
2938	47
2939	41
2940	61
2941	44
2942	59
2943	36
2944	60
2945	37
2946	51
2947	60
2948	64
2949	56
2950	52
2951	55
2952	37
2953	56
2954	50
2955	56
2956	46
2957	49
2958	53
2959	47
2960	56
2961	43
2962	49
2963	58
2964	61
2965	51
2966	49
2967	68
2968	68
2969	60
2970	43
2971	51
2972	66
2973	50
2974	39
2975	58
2976	47
2977	50
2978	44
2979	53
2980	47
2981	55
2982	46
2983	53
2984	54
2985	69
2986	54
2987	58
2988	52
2989	49
2990	51
2991	65
2992	57
2993	61
2994	54
2995	54
2996	50
2997	47
2998	64
2999	55
3000	52
3001	55
3002	50
3003	53
3004	67
3005	61
3006	45
3007	51
3008	51
3009	50
3010	46
3011	52
3012	52
3013	49
3014	49
3015	55
3016	45
3017	56
3018	57
3019	51
3020	50
3021	54
3022	62
3023	51
3024	47
3025	55
3026	51
3027	56
3028	55
3029	60
3030	53
3031	54
3032	65
3033	60
3034	44
3035	53
3036	53
3037	44
3038	46
3039	57
3040	63
3041	63
3042	45
3043	62
3044	31
3045	51
3046	59
3047	52
3048	57
3049	58
3050	57
3051	59
3052	60
3053	60
3054	66
3055	49
3056	66
3057	60
3058	47
3059	59
3060	62
3061	52
3062	39
3063	55
3064	40
3065	47
3066	51
3067	44
3068	60
3069	45
3070	55
3071	62
3072	62
3073	59
3074	62
3075	57
3076	56
3077	51
3078	62
3079	49
3080	63
3081	51
3082	53
3083	54
3084	47
3085	47
3086	57
3087	45
3088	59
3089	49
3090	61
3091	51
3092	41
3093	52
3094	61
3095	49
3096	69
3097	57
3098	56
3099	60
3100	44
3101	49
3102	43
3103	65
3104	60
3105	56
3106	66
3107	52
3108	63
3109	53
3110	48
3111	53
3112	54
3113	71
3114	54
3115	82
3116	60
3117	48
3118	50
3119	56
3120	46
3121	38
3122	52
3123	63
3124	52
3125	58
3126	52
3127	63
3128	63
3129	64
3130	50
3131	51
3132	53
3133	67
3134	45
3135	60
3136	54
3137	51
3138	52
3139	50
3140	54
3141	49
3142	48
3143	48
3144	61
3145	55
3146	44
3147	47
3148	55
3149	57
3150	42
3151	52
3152	55
3153	42
3154	48
3155	56
3156	49
3157	56
3158	40
3159	50
3160	52
3161	54
3162	50
3163	52
3164	53
3165	41
3166	37
3167	56
3168	47
3169	43
3170	49
3171	56
3172	56
3173	50
3174	45
3175	48
3176	53
3177	50
3178	45
3179	44
3180	52
3181	47
3182	50
3183	44
3184	55
3185	46
3186	34
3187	51
3188	41
3189	43
3190	39
3191	38
3192	43
3193	58
3194	50
3195	53
3196	47
3197	40
3198	45
3199	51
3200	46
3201	51
3202	36
3203	41
3204	32
3205	44
3206	37
3207	41
3208	47
3209	41
3210	43
3211	45
3212	47
3213	31
3214	47
3215	40
3216	34
3217	52
3218	40
3219	35
3220	44
3221	48
3222	36
3223	58
3224	43
3225	48
3226	35
3227	52
3228	31
3229	48
3230	42
3231	46
3232	44
3233	25
3234	45
3235	45
3236	36
3237	38
3238	39
3239	33
3240	38
3241	36
3242	40
3243	34
3244	41
3245	31
3246	39
3247	36
3248	39
3249	45
3250	35
3251	45
3252	41
3253	34
3254	45
3255	40
3256	43
3257	34
3258	28
3259	48
3260	30
3261	39
3262	29
3263	36
3264	38
3265	32
3266	33
3267	45
3268	31
3269	36
3270	34
3271	50
3272	31
3273	46
3274	35
3275	34
3276	34
3277	31
3278	41
3279	27
3280	36
3281	25
3282	28
3283	32
3284	35
3285	36
3286	28
3287	36
3288	30
3289	42
3290	29
3291	37
3292	35
3293	47
3294	34
3295	41
3296	22
3297	31
3298	29
3299	30
3300	30
3301	46
3302	28
3303	38
3304	43
3305	24
3306	30
3307	28
3308	32
3309	30
3310	35
3311	23
3312	22
3313	37
3314	23
3315	27
3316	35
3317	29
3318	29
3319	21
3320	37
3321	36
3322	25
3323	30
3324	31
3325	47
3326	18
3327	30
3328	29
3329	39
3330	28
3331	19
3332	31
3333	25
3334	23
3335	28
3336	25
3337	21
3338	27
3339	16
3340	24
3341	30
3342	31
3343	17
3344	22
3345	26
3346	25
3347	24
3348	24
3349	28
3350	28
3351	29
3352	26
3353	23
3354	24
3355	30
3356	18
3357	21
3358	19
3359	24
3360	23
3361	21
3362	21
3363	27
3364	22
3365	21
3366	23
3367	25
3368	19
3369	30
3370	17
3371	25
3372	19
3373	25
3374	17
3375	21
3376	28
3377	18
3378	28
3379	22
3380	13
3381	30
3382	25
3383	29
3384	21
3385	24
3386	18
3387	23
3388	16
3389	24
3390	17
3391	21
3392	21
3393	18
3394	28
3395	17
3396	21
3397	29
3398	19
3399	22
3400	31
3401	30
3402	27
3403	22
3404	12
3405	14
3406	21
3407	30
3408	15
3409	20
3410	23
3411	19
3412	14
3413	20
3414	16
3415	16
3416	19
3417	17
3418	13
3419	19
3420	16
3421	14
3422	13
3423	27
3424	23
3425	16
3426	16
3427	17
3428	15
3429	22
3430	13
3431	21
3432	20
3433	24
3434	24
3435	18
3436	19
3437	24
3438	11
3439	19
3440	22
3441	28
3442	14
3443	25
3444	10
3445	18
3446	12
3447	18
3448	17
3449	16
3450	16
3451	19
3452	24
3453	15
3454	21
3455	18
3456	29
3457	20
3458	11
3459	12
3460	15
3461	19
3462	17
3463	24
3464	10
3465	13
3466	12
3467	21
3468	15
3469	15
3470	18
3471	15
3472	23
3473	21
3474	19
3475	14
3476	16
3477	16
3478	24
3479	19
3480	15
3481	9
3482	18
3483	12
3484	17
3485	21
3486	13
3487	22
3488	9
3489	14
3490	7
3491	15
3492	11
3493	15
3494	22
3495	14
3496	14
3497	13
3498	13
3499	17
3500	15
3501	7
3502	12
3503	22
3504	15
3505	19
3506	14
3507	13
3508	8
3509	11
3510	14
3511	17
3512	16
3513	15
3514	11
3515	16
3516	13
3517	10
3518	13
3519	15
3520	16
3521	17
3522	16
3523	17
3524	16
3525	13
3526	13
3527	14
3528	23
3529	10
3530	9
3531	16
3532	13
3533	19
3534	16
3535	11
3536	9
3537	13
3538	14
3539	12
3540	13
3541	12
3542	17
3543	9
3544	5
3545	11
3546	10
3547	6
3548	7
3549	14
3550	12
3551	13
3552	12
3553	12
3554	15
3555	14
3556	12
3557	18
3558	11
3559	11
3560	11
3561	12
3562	8
3563	8
3564	11
3565	16
3566	9
3567	13
3568	15
3569	12
3570	14
3571	15
3572	9
3573	7
3574	10
3575	12
3576	3
3577	15
3578	12
3579	9
3580	6
3581	6
3582	15
3583	11
3584	12
3585	22
3586	14
3587	14
3588	14
3589	9
3590	8
3591	10
3592	10
3593	12
3594	15
3595	5
3596	10
3597	9
3598	11
3599	13
3600	8
3601	13
3602	13
3603	9
3604	14
3605	14
3606	12
3607	11
3608	16
3609	10
3610	15
3611	10
3612	12
3613	19
3614	8
3615	18
3616	9
3617	6
3618	8
3619	12
3620	8
3621	9
3622	17
3623	7
3624	9
3625	15
3626	9
3627	15
3628	14
3629	6
3630	10
3631	11
3632	11
3633	17
3634	14
3635	12
3636	14
3637	12
3638	15
3639	11
3640	4
3641	11
3642	17
3643	7
3644	14
3645	12
3646	13
3647	12
3648	12
3649	3
3650	14
3651	13
3652	8
3653	16
3654	19
3655	12
3656	10
3657	7
3658	11
3659	5
3660	16
3661	15
3662	11
3663	19
3664	15
3665	7
3666	17
3667	14
3668	9
3669	13
3670	15
3671	17
3672	4
3673	13
3674	14
3675	9
3676	13
3677	14
3678	10
3679	10
3680	16
3681	13
3682	15
3683	14
3684	14
3685	9
3686	10
3687	14
3688	15
3689	13
3690	20
3691	11
3692	7
3693	7
3694	18
3695	21
3696	15
3697	15
3698	12
3699	20
3700	12
3701	8
3702	13
3703	15
3704	16
3705	18
3706	20
3707	19
3708	12
3709	8
3710	10
3711	13
3712	22
3713	12
3714	25
3715	15
3716	12
3717	22
3718	20
3719	19
3720	20
3721	13
3722	18
3723	18
3724	23
3725	18
3726	16
3727	20
3728	16
3729	14
3730	20
3731	16
3732	19
3733	25
3734	16
3735	21
3736	15
3737	16
3738	23
3739	20
3740	24
3741	22
3742	23
3743	22
3744	17
3745	34
3746	21
3747	18
3748	23
3749	21
3750	22
3751	39
3752	20
3753	33
3754	30
3755	20
3756	25
3757	28
3758	23
3759	20
3760	31
3761	33
3762	23
3763	31
3764	13
3765	36
3766	31
3767	34
3768	31
3769	27
3770	20
3771	35
3772	35
3773	31
3774	32
3775	38
3776	47
3777	32
3778	35
3779	35
3780	42
3781	25
3782	48
3783	39
3784	41
3785	55
3786	44
3787	42
3788	34
3789	38
3790	40
3791	50
3792	31
3793	40
3794	51
3795	41
3796	55
3797	46
3798	42
3799	66
3800	53
3801	49
3802	56
3803	50
3804	67
3805	58
3806	51
3807	74
3808	55
3809	59
3810	56
3811	62
3812	50
3813	73
3814	66
3815	70
3816	63
3817	67
3818	76
3819	80
3820	74
3821	57
3822	71
3823	84
3824	94
3825	82
3826	75
3827	92
3828	65
3829	65
3830	82
3831	78
3832	92
3833	84
3834	77
3835	79
3836	57
3837	115
3838	100
3839	91
3840	94
3841	96
3842	93
3843	102
3844	93
3845	91
3846	94
3847	91
3848	101
3849	85
3850	114
3851	105
3852	106
3853	117
3854	106
3855	91
3856	115
3857	114
3858	110
3859	117
3860	123
3861	114
3862	121
3863	122
3864	101
3865	126
3866	118
3867	123
3868	106
3869	116
3870	131
3871	129
3872	126
3873	138
3874	139
3875	141
3876	125
3877	125
3878	143
3879	154
3880	134
3881	131
3882	143
3883	123
3884	129
3885	131
3886	132
3887	142
3888	157
3889	136
3890	160
3891	150
3892	134
3893	146
3894	130
3895	167
3896	146
3897	174
3898	150
3899	171
3900	139
3901	167
3902	177
3903	172
3904	164
3905	161
3906	180
3907	168
3908	149
3909	176
3910	176
3911	169
3912	155
3913	154
3914	182
3915	176
3916	181
3917	162
3918	178
3919	186
3920	172
3921	189
3922	178
3923	172
3924	188
3925	200
3926	179
3927	191
3928	187
3929	191
3930	190
3931	202
3932	193
3933	213
3934	187
3935	190
3936	219
3937	220
3938	215
3939	213
3940	239
3941	205
3942	201
3943	209
3944	233
3945	225
3946	242
3947	195
3948	197
3949	185
3950	237
3951	207
3952	224
3953	207
3954	245
3955	221
3956	198
3957	203
3958	237
3959	189
3960	225
3961	211
3962	215
3963	223
3964	227
3965	238
3966	204
3967	213
3968	208
3969	225
3970	232
3971	207
3972	206
3973	227
3974	232
3975	211
3976	183
3977	229
3978	215
3979	207
3980	224
3981	207
3982	250
3983	230
3984	246
3985	226
3986	210
3987	236
3988	244
3989	206
3990	223
3991	224
3992	237
3993	227
3994	218
3995	239
3996	212
3997	235
3998	232
3999	238
4000	220
4001	215
4002	222
4003	233
4004	200
4005	192
4006	208
4007	237
4008	218
4009	226
4010	207
4011	224
4012	214
4013	212
4014	180
4015	213
4016	219
4017	227
4018	205
4019	194
4020	208
4021	177
4022	216
4023	215
4024	217
4025	215
4026	187
4027	168
4028	192
4029	192
4030	203
4031	208
4032	178
4033	169
4034	215
4035	214
4036	216
4037	183
4038	213
4039	170
4040	196
4041	193
4042	186
4043	184
4044	185
4045	184
4046	206
4047	164
4048	185
4049	158
4050	182
4051	179
4052	174
4053	170
4054	152
4055	148
4056	156
4057	166
4058	162
4059	174
4060	175
4061	149
4062	164
4063	143
4064	159
4065	161
4066	173
4067	138
4068	178
4069	140
4070	144
4071	160
4072	156
4073	154
4074	159
4075	130
4076	147
4077	157
4078	128
4079	149
4080	129
4081	145
4082	140
4083	131
4084	141
4085	118
4086	143
4087	127
4088	144
4089	124
4090	133
4091	130
4092	140
4093	148
4094	114
4095	108
4096	120
4097	115
4098	104
4099	120
4100	110
4101	119
4102	107
4103	118
4104	124
4105	111
4106	91
4107	107
4108	86
4109	88
4110	100
4111	96
4112	89
4113	96
4114	102
4115	77
4116	95
4117	97
4118	81
4119	110
4120	85
4121	75
4122	88
4123	92
4124	75
4125	80
4126	82
4127	76
4128	75
4129	65
4130	89
4131	74
4132	63
4133	69
4134	66
4135	75
4136	67
4137	65
4138	60
4139	61
4140	68
4141	66
4142	64
4143	47
4144	61
4145	63
4146	57
4147	55
4148	45
4149	59
4150	59
4151	58
4152	56
4153	49
4154	35
4155	56
4156	59
4157	49
4158	43
4159	47
4160	55
4161	42
4162	48
4163	69
4164	57
4165	49
4166	48
4167	48
4168	44
4169	51
4170	42
4171	45
4172	36
4173	43
4174	36
4175	37
4176	29
4177	30
4178	35
4179	33
4180	37
4181	25
4182	32
4183	34
4184	39
4185	33
4186	32
4187	25
4188	22
4189	25
4190	34
4191	30
4192	22
4193	25
4194	24
4195	23
4196	22
4197	27
4198	16
4199	25
4200	26
4201	19
4202	30
4203	21
4204	18
4205	16
4206	17
4207	30
4208	25
4209	25
4210	22
4211	15
4212	16
4213	16
4214	15
4215	19
4216	18
4217	12
4218	23
4219	13
4220	12
4221	14
4222	13
4223	10
4224	22
4225	13
4226	11
4227	21
4228	19
4229	13
4230	12
4231	18
4232	19
4233	14
4234	11
4235	8
4236	14
4237	13
4238	18
4239	6
4240	17
4241	6
4242	11
4243	16
4244	14
4245	11
4246	14
4247	13
4248	6
4249	11
4250	8
4251	9
4252	7
4253	6
4254	10
4255	8
4256	6
4257	9
4258	7
4259	10
4260	5
4261	9
4262	8
4263	6
4264	8
4265	9
4266	3
4267	5
4268	8
4269	9
4270	8
4271	7
4272	7
4273	6
4274	6
4275	9
4276	7
4277	8
4278	3
4279	8
4280	7
4281	8
4282	4
4283	6
4284	7
4285	8
4286	6
4287	8
4288	7
4289	12
4290	3
4291	4
4292	4
4293	1
4294	5
4295	0
4296	6
4297	6
4298	2
4299	3
4300	4
4301	5
4302	2
4303	2
4304	5
4305	5
4306	4
4307	3
4308	9
4309	4
4310	3
4311	4
4312	1
4313	6
4314	3
4315	2
4316	1
4317	1
4318	2
4319	4
4320	5
4321	2
4322	1
4323	5
4324	6
4325	3
4326	2
4327	6
4328	4
4329	3
4330	2
4331	5
4332	6
4333	6
4334	7
4335	3
4336	4
4337	6
4338	6
4339	1
4340	2
4341	4
4342	5
4343	3
4344	2
4345	2
4346	4
4347	4
4348	3
4349	3
4350	3
4351	6
4352	2
4353	5
4354	3
4355	3
4356	5
4357	5
4358	3
4359	1
4360	4
4361	2
4362	10
4363	3
4364	3
4365	3
4366	5
4367	3
4368	3
4369	2
4370	0
4371	4
4372	7
4373	2
4374	5
4375	5
4376	2
4377	2
4378	2
4379	3
4380	5
4381	7
4382	5
4383	2
4384	7
4385	3
4386	3
4387	5
4388	3
4389	3
4390	2
4391	2
4392	5
4393	1
4394	1
4395	4
4396	5
4397	4
4398	4
4399	5
4400	3
4401	3
4402	3
4403	4
4404	3
4405	1
4406	2
4407	4
4408	6
4409	5
4410	1
4411	4
4412	3
4413	2
4414	4
4415	4
4416	2
4417	4
4418	2
4419	8
4420	8
4421	4
4422	3
4423	5
4424	2
4425	3
4426	3
4427	5
4428	7
4429	2
4430	6
4431	4
4432	2
4433	6
4434	6
4435	5
4436	3
4437	2
4438	5
4439	3
4440	4
4441	7
4442	2
4443	5
4444	4
4445	7
4446	0
4447	5
4448	4
4449	4
4450	8
4451	6
4452	6
4453	5
4454	4
4455	4
4456	4
4457	3
4458	3
4459	6
4460	3
4461	2
4462	3
4463	6
4464	3
4465	4
4466	4
4467	9
4468	3
4469	2
4470	1
4471	4
4472	5
4473	8
4474	3
4475	6
4476	5
4477	4
4478	5
4479	3
4480	5
4481	5
4482	4
4483	2
4484	4
4485	2
4486	8
4487	10
4488	4
4489	4
4490	5
4491	5
4492	3
4493	5
4494	5
4495	4
4496	1
4497	5
4498	7
4499	8
4500	4
4501	5
4502	6
4503	7
4504	7
4505	4
4506	4
4507	10
4508	5
4509	1
4510	3
4511	9
4512	10
4513	4
4514	0
4515	4
4516	5
4517	1
4518	6
4519	4
4520	5
4521	6
4522	6
4523	4
4524	3
4525	3
4526	3
4527	7
4528	11
4529	5
4530	6
4531	3
4532	8
4533	9
4534	5
4535	6
4536	4
4537	4
4538	10
4539	7
4540	6
4541	2
4542	5
4543	7
4544	4
4545	5
4546	6
4547	6
4548	9
4549	5
4550	6
4551	1
4552	7
4553	2
4554	3
4555	6
4556	7
4557	4
4558	6
4559	6
4560	9
4561	1
4562	2
4563	8
4564	5
4565	2
4566	3
4567	4
4568	5
4569	7
4570	5
4571	9
4572	6
4573	4
4574	9
4575	4
4576	1
4577	4
4578	6
4579	8
4580	3
4581	4
4582	8
4583	6
4584	3
4585	6
4586	5
4587	6
4588	5
4589	5
4590	4
4591	5
4592	3
4593	8
4594	7
4595	4
4596	4
4597	7
4598	6
4599	0
4600	6
4601	3
4602	8
4603	6
4604	3
4605	1
4606	4
4607	2
4608	3
4609	3
4610	6
4611	6
4612	7
4613	7
4614	7
4615	7
4616	6
4617	6
4618	7
4619	4
4620	3
4621	2
4622	3
4623	5
4624	4
4625	7
4626	2
4627	2
4628	4
4629	4
4630	4
4631	4
4632	8
4633	8
4634	3
4635	6
4636	1
4637	1
4638	6
4639	9
4640	4
4641	9
4642	1
4643	5
4644	3
4645	5
4646	8
4647	4
4648	4
4649	3
4650	6
4651	0
4652	5
4653	4
4654	4
4655	5
4656	9
4657	1
4658	3
4659	5
4660	2
4661	4
4662	9
4663	2
4664	2
4665	6
4666	7
4667	5
4668	3
4669	3
4670	4
4671	9
4672	3
4673	4
4674	9
4675	6
4676	2
4677	5
4678	1
4679	3
4680	4
4681	2
4682	1
4683	2
4684	4
4685	6
4686	2
4687	1
4688	3
4689	2
4690	2
4691	8
4692	5
4693	7
4694	2
4695	4
4696	2
4697	2
4698	0
4699	6
4700	2
4701	1
4702	4
4703	3
4704	2
4705	1
4706	3
4707	2
4708	6
4709	4
4710	3
4711	8
4712	5
4713	2
4714	1
4715	3
4716	1
4717	4
4718	0
4719	2
4720	0
4721	6
4722	3
4723	5
4724	0
4725	3
4726	1
4727	1
4728	3
4729	1
4730	0
4731	1
4732	2
4733	3
4734	2
4735	2
4736	2
4737	3
4738	3
4739	4
4740	3
4741	0
4742	1
4743	1
4744	1
4745	1
4746	1
4747	3
4748	1
4749	1
4750	1
4751	1
4752	2
4753	3
4754	1
4755	1
4756	2
4757	0
4758	0
4759	3
4760	4
4761	2
4762	1
4763	1
4764	0
4765	1
4766	2
4767	4
4768	3
4769	2
4770	0
4771	4
4772	3
4773	1
4774	0
4775	3
4776	2
4777	0
4778	0
4779	3
4780	0
4781	0
4782	3
4783	0
4784	0
4785	2
4786	3
4787	1
4788	3
4789	1
4790	3
4791	4
4792	4
4793	2
4794	1
4795	1
4796	1
4797	2
4798	3
4799	2
4800	1
4801	0
4802	2
4803	1
4804	4
4805	1
4806	2
4807	3
4808	5
4809	0
4810	2
4811	2
4812	0
4813	0
4814	1
4815	0
4816	1
4817	0
4818	1
4819	2
4820	2
4821	6
4822	3
4823	1
4824	0
4825	3
4826	2
4827	1
4828	1
4829	3
4830	0
4831	1
4832	0
4833	2
4834	2
4835	3
4836	2
4837	1
4838	1
4839	2
4840	0
4841	2
4842	2
4843	1
4844	1
4845	1
4846	3
4847	3
4848	1
4849	2
4850	3
4851	1
4852	0
4853	3
4854	0
4855	3
4856	1
4857	1
4858	1
4859	3
4860	2
4861	2
4862	0
4863	0
4864	2
4865	0
4866	2
4867	2
4868	1
4869	2
4870	1
4871	1
4872	2
4873	3
4874	4
4875	1
4876	1
4877	1
4878	3
4879	1
4880	2
4881	0
4882	0
4883	1
4884	2
4885	1
4886	0
4887	2
4888	2
4889	1
4890	1
4891	1
4892	1
4893	2
4894	2
4895	3
4896	1
4897	0
4898	0
4899	1
4900	3
4901	1
4902	1
4903	4
4904	1
4905	1
4906	2
4907	3
4908	2
4909	1
4910	4
4911	1
4912	2
4913	1
4914	1
4915	0
4916	0
4917	2
4918	4
4919	1
4920	1
4921	1
4922	2
4923	0
4924	0
4925	0
4926	2
4927	1
4928	2
4929	2
4930	1
4931	2
4932	1
4933	0
4934	2
4935	2
4936	2
4937	1
4938	2
4939	0
4940	2
4941	1
4942	1
4943	1
4944	0
4945	0
4946	1
4947	2
4948	2
4949	1
4950	2
4951	2
4952	2
4953	0
4954	2
4955	1
4956	2
4957	1
4958	2
4959	2
4960	2
4961	0
4962	2
4963	5
4964	0
4965	2
4966	0
4967	1
4968	2
4969	4
4970	0
4971	2
4972	0
4973	1
4974	1
4975	1
4976	0
4977	2
4978	1
4979	0
4980	0
4981	2
4982	0
4983	0
4984	0
4985	1
4986	1
4987	1
4988	5
4989	0
4990	0
4991	2
4992	4
4993	2
4994	4
4995	2
4996	2
4997	1
4998	1
4999	2
5000	2
5001	0
5002	1
5003	0
5004	1
5005	0
5006	2
5007	0
5008	2
5009	1
5010	1
5011	3
5012	3
5013	2
5014	0
5015	1
5016	0
5017	0
5018	1
5019	1
5020	1
5021	0
5022	0
5023	1
5024	2
5025	2
5026	0
5027	0
5028	1
5029	1
5030	1
5031	1
5032	0
5033	0
5034	0
5035	2
5036	1
5037	1
5038	2
5039	3
5040	0
5041	1
5042	3
5043	2
5044	1
5045	1
5046	0
5047	1
5048	1
5049	1
5050	2
5051	2
5052	1
5053	0
5054	0
5055	1
5056	1
5057	1
5058	1
5059	0
5060	0
5061	2
5062	2
5063	1
5064	3
5065	0
5066	3
5067	1
5068	1
5069	3
5070	1
5071	1
5072	0
5073	2
5074	0
5075	1
5076	1
5077	0
5078	1
5079	1
5080	0
5081	3
5082	2
5083	2
5084	0
5085	1
5086	0
5087	1
5088	0
5089	2
5090	3
5091	3
5092	4
5093	0
5094	3
5095	0
5096	2
5097	0
5098	3
5099	1
5100	1
5101	1
5102	1
5103	2
5104	1
5105	2
5106	4
5107	3
5108	2
5109	0
5110	3
5111	2
5112	1
5113	1
5114	1
5115	1
5116	0
5117	1
5118	0
5119	0
5120	0
5121	0
5122	0
5123	0
5124	0
5125	0
5126	0
5127	0
5128	1
5129	2
5130	2
5131	2
5132	2
5133	0
5134	0
5135	1
5136	1
5137	0
5138	1
5139	0
5140	0
5141	1
5142	0
5143	1
5144	0
5145	2
5146	0
5147	0
5148	2
5149	1
5150	1
5151	2
5152	0
5153	0
5154	2
5155	0
5156	0
5157	1
5158	1
5159	1
5160	0
5161	0
5162	1
5163	0
5164	1
5165	1
5166	2
5167	0
5168	0
5169	0
5170	0
5171	2
5172	0
5173	0
5174	1
5175	2
5176	0
5177	1
5178	0
5179	1
5180	1
5181	1
5182	0
5183	4
5184	0
5185	1
5186	1
5187	2
5188	3
5189	1
5190	0
5191	1
5192	0
5193	1
5194	1
5195	2
5196	1
5197	0
5198	2
5199	0
5200	0
5201	1
5202	0
5203	1
5204	2
5205	1
5206	3
5207	2
5208	1
5209	1
5210	1
5211	0
5212	3
5213	2
5214	1
5215	1
5216	2
5217	0
5218	0
5219	0
5220	1
5221	0
5222	2
5223	0
5224	2
5225	0
5226	0
5227	0
5228	0
5229	0
5230	0
5231	1
5232	0
5233	0
5234	0
5235	0
5236	1
5237	3
5238	1
5239	1
5240	0
5241	2
5242	0
5243	0
5244	1
5245	2
5246	1
5247	1
5248	2
5249	0
5250	2
5251	1
5252	1
5253	2
5254	1
5255	1
5256	0
5257	1
5258	0
5259	1
5260	0
5261	1
5262	0
5263	1
5264	2
5265	0
5266	0
5267	0
5268	0
5269	2
5270	0
5271	0
5272	0
5273	0
5274	0
5275	0
5276	2
5277	0
5278	1
5279	3
5280	0
5281	2
5282	0
5283	1
5284	1
5285	3
5286	1
5287	1
5288	1
5289	1
5290	0
5291	0
5292	0
5293	0
5294	0
5295	0
5296	1
5297	0
5298	0
5299	1
5300	2
5301	0
5302	0
5303	4
5304	1
5305	2
5306	0
5307	3
5308	0
5309	0
5310	0
5311	1
5312	2
5313	2
5314	0
5315	1
5316	0
5317	2
5318	1
5319	1
5320	0
5321	1
5322	0
5323	0
5324	0
5325	1
5326	0
5327	0
5328	0
5329	0
5330	3
5331	1
5332	1
5333	2
5334	0
5335	0
5336	1
5337	0
5338	0
5339	0
5340	2
5341	4
5342	1
5343	0
5344	1
5345	1
5346	2
5347	0
5348	0
5349	2
5350	2
5351	0
5352	1
5353	1
5354	0
5355	2
5356	2
5357	0
5358	1
5359	0
5360	1
5361	0
5362	2
5363	1
5364	3
5365	2
5366	2
5367	1
5368	0
5369	0
5370	0
5371	1
5372	1
5373	8
5374	1
5375	1
5376	0
5377	1
5378	3
5379	0
5380	2
5381	0
5382	2
5383	0
5384	3
5385	1
5386	1
5387	0
5388	1
5389	3
5390	0
5391	0
5392	0
5393	1
5394	5
5395	2
5396	2
5397	2
5398	3
5399	0
5400	1
5401	5
5402	2
5403	2
5404	0
5405	1
5406	0
5407	3
5408	0
5409	1
5410	1
5411	1
5412	0
5413	0
5414	0
5415	0
5416	1
5417	2
5418	0
5419	3
5420	2
5421	0
5422	1
5423	1
5424	1
5425	2
5426	2
5427	2
5428	0
5429	1
5430	4
5431	0
5432	3
5433	0
5434	0
5435	1
5436	0
5437	1
5438	0
5439	2
5440	1
5441	2
5442	1
5443	2
5444	1
5445	1
5446	1
5447	1
5448	2
5449	1
5450	2
5451	2
5452	2
5453	2
5454	1
5455	1
5456	1
5457	2
5458	0
5459	2
5460	2
5461	1
5462	1
5463	1
5464	3
5465	0
5466	2
5467	0
5468	0
5469	1
5470	3
5471	2
5472	1
5473	0
5474	1
5475	1
5476	1
5477	3
5478	0
5479	1
5480	1
5481	3
5482	1
5483	0
5484	1
5485	3
5486	1
5487	2
5488	1
5489	0
5490	3
5491	2
5492	0
5493	1
5494	1
5495	0
5496	3
5497	1
5498	1
5499	1
5500	1
5501	1
5502	2
5503	2
5504	2
5505	5
5506	0
5507	1
5508	1
5509	1
5510	4
5511	2
5512	3
5513	0
5514	2
5515	0
5516	4
5517	3
5518	2
5519	0
5520	0
5521	3
5522	1
5523	2
5524	0
5525	0
5526	2
5527	2
5528	2
5529	1
5530	1
5531	1
5532	2
5533	2
5534	0
5535	0
5536	1
5537	3
5538	2
5539	1
5540	1
5541	2
5542	5
5543	1
5544	0
5545	1
5546	5
5547	1
5548	3
5549	1
5550	1
5551	1
5552	3
5553	2
5554	4
5555	0
5556	0
5557	1
5558	1
5559	1
5560	2
5561	4
5562	2
5563	2
5564	1
5565	3
5566	0
5567	2
5568	0
5569	1
5570	1
5571	6
5572	2
5573	3
5574	2
5575	2
5576	2
5577	4
5578	0
5579	2
5580	1
5581	1
5582	3
5583	2
5584	3
5585	2
5586	0
5587	2
5588	2
5589	0
5590	6
5591	1
5592	3
5593	5
5594	1
5595	0
5596	1
5597	0
5598	0
5599	1
5600	1
5601	3
5602	4
5603	1
5604	2
5605	4
5606	5
5607	1
5608	1
5609	3
5610	3
5611	4
5612	1
5613	3
5614	1
5615	3
5616	0
5617	1
5618	1
5619	1
5620	2
5621	3
5622	1
5623	1
5624	2
5625	1
5626	0
5627	3
5628	0
5629	1
5630	2
5631	1
5632	0
5633	1
5634	2
5635	1
5636	2
5637	1
5638	4
5639	1
5640	1
5641	3
5642	5
5643	2
5644	3
5645	4
5646	4
5647	2
5648	2
5649	1
5650	0
5651	1
5652	0
5653	4
5654	2
5655	1
5656	5
5657	3
5658	3
5659	0
5660	2
5661	1
5662	1
5663	2
5664	0
5665	0
5666	4
5667	1
5668	1
5669	0
5670	1
5671	1
5672	2
5673	0
5674	1
5675	3
5676	2
5677	7
5678	2
5679	4
5680	1
5681	1
5682	0
5683	0
5684	2
5685	0
5686	1
5687	1
5688	2
5689	2
5690	1
5691	5
5692	1
5693	1
5694	3
5695	1
5696	2
5697	1
5698	4
5699	0
5700	2
5701	0
5702	1
5703	2
5704	3
5705	1
5706	0
5707	2
5708	3
5709	1
5710	1
5711	0
5712	1
5713	2
5714	0
5715	1
5716	0
5717	2
5718	1
5719	1
5720	3
5721	6
5722	1
5723	0
5724	1
5725	2
5726	2
5727	1
5728	0
5729	2
5730	2
5731	0
5732	1
5733	0
5734	1
5735	2
5736	1
5737	2
5738	0
5739	0
5740	0
5741	0
5742	1
5743	2
5744	2
5745	2
5746	6
5747	3
5748	0
5749	1
5750	2
5751	2
5752	2
5753	2
5754	1
5755	1
5756	0
5757	2
5758	0
5759	1
5760	0
5761	0
5762	1
5763	0
5764	2
5765	2
5766	3
5767	1
5768	1
5769	1
5770	0
5771	1
5772	1
5773	1
5774	1
5775	0
5776	0
5777	1
5778	2
5779	2
5780	3
5781	0
5782	2
5783	1
5784	1
5785	2
5786	2
5787	0
5788	0
5789	1
5790	1
5791	0
5792	0
5793	0
5794	0
5795	2
5796	3
5797	1
5798	0
5799	1
5800	0
5801	0
5802	0
5803	0
5804	1
5805	0
5806	0
5807	1
5808	0
5809	0
5810	2
5811	1
5812	0
5813	1
5814	0
5815	0
5816	1
5817	1
5818	1
5819	0
5820	0
5821	0
5822	2
5823	3
5824	1
5825	0
5826	0
5827	2
5828	0
5829	0
5830	2
5831	2
5832	1
5833	1
5834	3
5835	0
5836	0
5837	1
5838	1
5839	0
5840	1
5841	0
5842	1
5843	0
5844	1
5845	0
5846	0
5847	0
5848	0
5849	0
5850	1
5851	1
5852	0
5853	0
5854	0
5855	1
5856	0
5857	1
5858	3
5859	0
5860	1
5861	1
5862	2
5863	0
5864	2
5865	0
5866	0
5867	0
5868	2
5869	1
5870	1
5871	1
5872	0
5873	2
5874	0
5875	1
5876	0
5877	1
5878	1
5879	1
5880	0
5881	1
5882	0
5883	0
5884	0
5885	0
5886	0
5887	1
5888	1
5889	1
5890	0
5891	0
5892	0
5893	0
5894	0
5895	1
5896	0
5897	0
5898	0
5899	1
5900	1
5901	0
5902	0
5903	0
5904	0
5905	0
5906	0
5907	0
5908	0
5909	1
5910	1
5911	0
5912	0
5913	0
5914	0
5915	0
5916	1
5917	1
5918	0
5919	0
5920	0
5921	0
5922	0
5923	1
5924	0
5925	0
5926	1
5927	0
5928	1
5929	1
5930	2
5931	0
5932	0
5933	0
5934	0
5935	0
5936	2
5937	0
5938	0
5939	0
5940	0
5941	1
5942	0
5943	3
5944	0
5945	1
5946	0
5947	1
5948	0
5949	0
5950	0
5951	0
5952	0
5953	1
5954	1
5955	0
5956	1
5957	1
5958	0
5959	0
5960	1
5961	0
5962	0
5963	0
5964	0
5965	0
5966	0
5967	1
5968	1
5969	0
5970	0
5971	0
5972	0
5973	1
5974	1
5975	1
5976	0
5977	0
5978	1
5979	0
5980	2
5981	0
5982	0
5983	0
5984	0
5985	0
5986	0
5987	0
5988	0
5989	0
5990	1
5991	1
5992	1
5993	0
5994	1
5995	0
5996	0
5997	0
5998	1
5999	1
6000	1
6001	0
6002	2
6003	2
6004	1
6005	0
6006	0
6007	0
6008	0
6009	0
6010	0
6011	0
6012	0
6013	1
6014	1
6015	0
6016	0
6017	0
6018	0
6019	0
6020	1
6021	1
6022	0
6023	1
6024	0
6025	1
6026	0
6027	0
6028	0
6029	0
6030	2
6031	0
6032	1
6033	0
6034	0
6035	1
6036	0
6037	1
6038	0
6039	0
6040	0
6041	0
6042	0
6043	1
6044	0
6045	1
6046	2
6047	1
6048	1
6049	0
6050	0
6051	0
6052	0
6053	1
6054	0
6055	0
6056	0
6057	1
6058	0
6059	0
6060	1
6061	0
6062	0
6063	0
6064	2
6065	0
6066	0
6067	0
6068	0
6069	0
6070	1
6071	0
6072	0
6073	0
6074	0
6075	0
6076	0
6077	0
6078	1
6079	0
6080	1
6081	0
6082	0
6083	0
6084	0
6085	0
6086	0
6087	0
6088	0
6089	1
6090	0
6091	1
6092	3
6093	0
6094	1
6095	1
6096	1
6097	0
6098	0
6099	0
6100	0
6101	0
6102	0
6103	0
6104	0
6105	1
6106	1
6107	1
6108	0
6109	0
6110	0
6111	0
6112	1
6113	1
6114	0
6115	0
6116	1
6117	0
6118	0
6119	0
6120	0
6121	1
6122	1
6123	0
6124	0
6125	0
6126	0
6127	2
6128	0
6129	1
6130	0
6131	1
6132	0
6133	1
6134	0
6135	0
6136	0
6137	0
6138	0
6139	0
6140	0
6141	3
6142	0
6143	0
6144	0
6145	1
6146	0
6147	1
6148	1
6149	0
6150	0
6151	0
6152	1
6153	0
6154	0
6155	0
6156	0
6157	0
6158	0
6159	0
6160	2
6161	1
6162	2
6163	1
6164	0
6165	1
6166	0
6167	1
6168	1
6169	0
6170	0
6171	0
6172	1
6173	0
6174	0
6175	1
6176	1
6177	1
6178	1
6179	0
6180	0
6181	0
6182	0
6183	0
6184	0
6185	0
6186	0
6187	1
6188	0
6189	0
6190	0
6191	2
6192	0
6193	1
6194	1
6195	1
6196	0
6197	0
6198	0
6199	0
6200	1
6201	0
6202	0
6203	0
6204	0
6205	0
6206	0
6207	1
6208	0
6209	1
6210	0
6211	0
6212	1
6213	0
6214	0
6215	0
6216	0
6217	0
6218	0
6219	2
6220	2
6221	0
6222	0
6223	0
6224	0
6225	2
6226	1
6227	0
6228	1
6229	2
6230	1
6231	0
6232	0
6233	0
6234	0
6235	0
6236	1
6237	2
6238	0
6239	0
6240	0
6241	0
6242	0
6243	0
6244	0
6245	0
6246	0
6247	0
6248	1
6249	0
6250	1
6251	1
6252	0
6253	1
6254	0
6255	0
6256	0
6257	1
6258	0
6259	1
6260	0
6261	1
6262	2
6263	0
6264	0
6265	0
6266	1
6267	0
6268	0
6269	0
6270	2
6271	0
6272	1
6273	1
6274	0
6275	0
6276	1
6277	0
6278	0
6279	0
6280	0
6281	0
6282	1
6283	0
6284	0
6285	0
6286	1
6287	1
6288	0
6289	0
6290	0
6291	0
6292	1
6293	1
6294	0
6295	1
6296	0
6297	0
6298	0
6299	1
6300	1
6301	0
6302	0
6303	0
6304	0
6305	0
6306	0
6307	0
6308	0
6309	0
6310	0
6311	0
6312	1
6313	0
6314	0
6315	0
6316	1
6317	0
6318	0
6319	0
6320	1
6321	2
6322	0
6323	0
6324	0
6325	0
6326	0
6327	0
6328	0
6329	0
6330	0
6331	1
6332	0
6333	0
6334	0
6335	1
6336	0
6337	1
6338	0
6339	0
6340	1
6341	0
6342	0
6343	1
6344	1
6345	0
6346	0
6347	0
6348	1
6349	1
6350	0
6351	1
6352	0
6353	0
6354	1
6355	0
6356	1
6357	0
6358	0
6359	0
6360	2
6361	0
6362	1
6363	0
6364	0
6365	0
6366	0
6367	0
6368	0
6369	0
6370	0
6371	1
6372	2
6373	0
6374	0
6375	0
6376	0
6377	0
6378	1
6379	1
6380	0
6381	1
6382	0
6383	1
6384	2
6385	1
6386	0
6387	0
6388	0
6389	1
6390	0
6391	1
6392	1
6393	1
6394	0
6395	0
6396	0
6397	0
6398	0
6399	0
6400	0
6401	1
6402	0
6403	0
6404	0
6405	0
6406	0
6407	2
6408	0
6409	0
6410	0
6411	1
6412	0
6413	0
6414	1
6415	0
6416	0
6417	0
6418	0
6419	0
6420	0
6421	0
6422	0
6423	0
6424	0
6425	1
6426	0
6427	2
6428	2
6429	2
6430	3
6431	2
6432	3
6433	0
6434	0
6435	1
6436	0
6437	0
6438	0
6439	1
6440	0
6441	0
6442	0
6443	1
6444	0
6445	0
6446	0
6447	0
6448	0
6449	0
6450	0
6451	0
6452	0
6453	0
6454	1
6455	0
6456	0
6457	0
6458	0
6459	2
6460	0
6461	0
6462	0
6463	0
6464	2
6465	0
6466	1
6467	0
6468	3
6469	0
6470	0
6471	0
6472	0
6473	0
6474	1
6475	1
6476	1
6477	2
6478	1
6479	1
6480	0
6481	1
6482	1
6483	0
6484	0
6485	0
6486	0
6487	0
6488	0
6489	1
6490	0
6491	0
6492	0
6493	1
6494	0
6495	0
6496	1
6497	2
6498	0
6499	0
6500	0
6501	1
6502	1
6503	0
6504	0
6505	1
6506	2
6507	1
6508	0
6509	1
6510	0
6511	0
6512	0
6513	1
6514	0
6515	0
6516	0
6517	0
6518	1
6519	0
6520	0
6521	0
6522	1
6523	0
6524	1
6525	1
6526	2
6527	0
6528	1
6529	0
6530	0
6531	1
6532	1
6533	0
6534	0
6535	1
6536	0
6537	2
6538	1
6539	1
6540	0
6541	0
6542	0
6543	0
6544	0
6545	0
6546	0
6547	0
6548	0
6549	1
6550	2
6551	0
6552	0
6553	0
6554	1
6555	0
6556	0
6557	0
6558	2
6559	0
6560	0
6561	1
6562	0
6563	0
6564	1
6565	0
6566	3
6567	0
6568	0
6569	1
6570	0
6571	2
6572	0
6573	1
6574	1
6575	1
6576	0
6577	0
6578	1
6579	0
6580	1
6581	0
6582	1
6583	0
6584	2
6585	0
6586	1
6587	1
6588	0
6589	0
6590	0
6591	1
6592	1
6593	1
6594	0
6595	0
6596	0
6597	0
6598	0
6599	1
6600	0
6601	0
6602	1
6603	0
6604	1
6605	1
6606	2
6607	1
6608	1
6609	0
6610	0
6611	3
6612	0
6613	1
6614	1
6615	0
6616	1
6617	0
6618	0
6619	1
6620	0
6621	0
6622	1
6623	0
6624	0
6625	0
6626	0
6627	0
6628	0
6629	1
6630	0
6631	0
6632	0
6633	0
6634	0
6635	1
6636	0
6637	0
6638	0
6639	1
6640	0
6641	0
6642	0
6643	0
6644	0
6645	1
6646	1
6647	0
6648	0
6649	0
6650	0
6651	0
6652	1
6653	0
6654	0
6655	0
6656	1
6657	0
6658	0
6659	1
6660	0
6661	0
6662	0
6663	0
6664	0
6665	0
6666	0
6667	0
6668	1
6669	0
6670	0
6671	0
6672	0
6673	0
6674	0
6675	2
6676	0
6677	0
6678	1
6679	1
6680	1
6681	0
6682	0
6683	1
6684	0
6685	0
6686	0
6687	0
6688	1
6689	1
6690	0
6691	0
6692	1
6693	1
6694	0
6695	0
6696	1
6697	0
6698	0
6699	0
6700	1
6701	0
6702	0
6703	0
6704	0
6705	0
6706	0
6707	1
6708	1
6709	0
6710	0
6711	1
6712	0
6713	1
6714	1
6715	0
6716	0
6717	0
6718	0
6719	0
6720	0
6721	0
6722	1
6723	0
6724	1
6725	0
6726	0
6727	0
6728	1
6729	1
6730	0
6731	1
6732	2
6733	2
6734	1
6735	3
6736	0
6737	1
6738	0
6739	0
6740	0
6741	1
6742	0
6743	0
6744	1
6745	0
6746	0
6747	0
6748	0
6749	1
6750	0
6751	0
6752	0
6753	1
6754	0
6755	0
6756	0
6757	0
6758	0
6759	0
6760	3
6761	1
6762	2
6763	0
6764	2
6765	0
6766	1
6767	1
6768	0
6769	0
6770	0
6771	0
6772	1
6773	0
6774	2
6775	1
6776	1
6777	0
6778	1
6779	2
6780	0
6781	1
6782	0
6783	0
6784	0
6785	0
6786	1
6787	0
6788	0
6789	0
6790	0
6791	0
6792	2
6793	0
6794	0
6795	0
6796	0
6797	0
6798	0
6799	0
6800	0
6801	0
6802	0
6803	0
6804	0
6805	0
6806	1
6807	1
6808	0
6809	0
6810	0
6811	1
6812	0
6813	1
6814	0
6815	0
6816	1
6817	0
6818	0
6819	0
6820	1
6821	0
6822	2
6823	0
6824	0
6825	1
6826	0
6827	1
6828	0
6829	0
6830	0
6831	0
6832	0
6833	0
6834	0
6835	0
6836	0
6837	0
6838	1
6839	1
6840	0
6841	1
6842	1
6843	0
6844	0
6845	0
6846	0
6847	1
6848	0
6849	0
6850	0
6851	2
6852	2
6853	1
6854	0
6855	0
6856	1
6857	0
6858	0
6859	1
6860	1
6861	2
6862	0
6863	2
6864	1
6865	0
6866	0
6867	1
6868	1
6869	0
6870	0
6871	0
6872	1
6873	1
6874	1
6875	0
6876	1
6877	1
6878	0
6879	1
6880	0
6881	3
6882	0
6883	0
6884	0
6885	2
6886	1
6887	0
6888	0
6889	0
6890	0
6891	0
6892	0
6893	0
6894	0
6895	0
6896	0
6897	0
6898	0
6899	2
6900	1
6901	0
6902	0
6903	0
6904	0
6905	2
6906	0
6907	2
6908	1
6909	1
6910	0
6911	0
6912	0
6913	0
6914	0
6915	1
6916	0
6917	1
6918	0
6919	1
6920	0
6921	2
6922	0
6923	1
6924	0
6925	0
6926	0
6927	0
6928	1
6929	2
6930	0
6931	0
6932	0
6933	0
6934	0
6935	1
6936	0
6937	0
6938	1
6939	1
6940	0
6941	0
6942	2
6943	0
6944	0
6945	0
6946	0
6947	2
6948	0
6949	0
6950	0
6951	0
6952	0
6953	2
6954	0
6955	1
6956	0
6957	0
6958	0
6959	1
6960	2
6961	0
6962	2
6963	1
6964	0
6965	0
6966	1
6967	0
6968	0
6969	0
6970	0
6971	0
6972	1
6973	1
6974	0
6975	0
6976	1
6977	1
6978	0
6979	1
6980	0
6981	0
6982	0
6983	0
6984	0
6985	0
6986	0
6987	0
6988	0
6989	1
6990	1
6991	0
6992	0
6993	2
6994	0
6995	1
6996	0
6997	0
6998	0
6999	0
7000	0
7001	1
7002	0
7003	0
7004	0
7005	1
7006	0
7007	1
7008	1
7009	0
7010	0
7011	0
7012	1
7013	0
7014	0
7015	0
7016	0
7017	0
7018	0
7019	0
7020	1
7021	0
7022	0
7023	0
7024	0
7025	0
7026	1
7027	1
7028	1
7029	0
7030	0
7031	1
7032	0
7033	1
7034	0
7035	0
7036	0
7037	0
7038	0
7039	1
7040	1
7041	0
7042	0
7043	0
7044	0
7045	0
7046	0
7047	0
7048	1
7049	1
7050	0
7051	0
7052	0
7053	0
7054	2
7055	1
7056	1
7057	1
7058	1
7059	0
7060	1
7061	0
7062	0
7063	2
7064	0
7065	1
7066	1
7067	1
7068	0
7069	0
7070	0
7071	1
7072	0
7073	0
7074	0
7075	0
7076	0
7077	0
7078	0
7079	1
7080	2
7081	0
7082	0
7083	0
7084	0
7085	0
7086	0
7087	1
7088	1
7089	0
7090	1
7091	0
7092	0
7093	0
7094	0
7095	0
7096	0
7097	0
7098	0
7099	1
7100	0
7101	2
7102	0
7103	0
7104	1
7105	0
7106	0
7107	0
7108	1
7109	0
7110	2
7111	0
7112	0
7113	0
7114	1
7115	0
7116	0
7117	1
7118	0
7119	1
7120	0
7121	0
7122	0
7123	0
7124	0
7125	0
7126	0
7127	0
7128	0
7129	1
7130	0
7131	1
7132	0
7133	0
7134	0
7135	0
7136	0
7137	0
7138	0
7139	0
7140	0
7141	0
7142	0
7143	1
7144	2
7145	0
7146	0
7147	0
7148	1
7149	1
7150	0
7151	0
7152	0
7153	0
7154	0
7155	0
7156	0
7157	0
7158	0
7159	0
7160	0
7161	0
7162	1
7163	0
7164	0
7165	0
7166	0
7167	0
7168	1
7169	0
7170	1
7171	0
7172	0
7173	0
7174	0
7175	0
7176	0
7177	0
7178	0
7179	0
7180	2
7181	0
7182	0
7183	0
7184	0
7185	0
7186	0
7187	0
7188	0
7189	1
7190	0
7191	0
7192	0
7193	0
7194	0
7195	0
7196	0
7197	0
7198	1
7199	0
7200	1
7201	0
7202	0
7203	0
7204	0
7205	1
7206	0
7207	0
7208	0
7209	0
7210	0
7211	1
7212	1
7213	0
7214	0
7215	3
7216	1
7217	0
7218	0
7219	0
7220	0
7221	0
7222	1
7223	0
7224	0
7225	0
7226	0
7227	0
7228	1
7229	0
7230	0
7231	0
7232	0
7233	0
7234	1
7235	2
7236	0
7237	1
7238	0
7239	0
7240	0
7241	0
7242	1
7243	0
7244	0
7245	0
7246	0
7247	0
7248	1
7249	1
7250	0
7251	0
7252	0
7253	0
7254	0
7255	0
7256	0
7257	0
7258	0
7259	0
7260	0
7261	0
7262	0
7263	0
7264	0
7265	1
7266	0
7267	0
7268	0
7269	0
7270	2
7271	0
7272	1
7273	0
7274	0
7275	0
7276	0
7277	0
7278	0
7279	0
7280	1
7281	0
7282	0
7283	0
7284	1
7285	0
7286	0
7287	0
7288	0
7289	0
7290	0
7291	0
7292	1
7293	1
7294	0
7295	1
7296	0
7297	0
7298	0
7299	1
7300	0
7301	1
7302	0
7303	1
7304	0
7305	0
7306	0
7307	0
7308	1
7309	0
7310	0
7311	0
7312	0
7313	0
7314	0
7315	0
7316	0
7317	0
7318	0
7319	0
7320	1
7321	0
7322	0
7323	0
7324	0
7325	0
7326	1
7327	0
7328	0
7329	0
7330	0
7331	0
7332	0
7333	0
7334	0
7335	0
7336	0
7337	0
7338	0
7339	0
7340	0
7341	0
7342	0
7343	0
7344	0
7345	1
7346	0
7347	0
7348	0
7349	0
7350	0
7351	0
7352	0
7353	1
7354	0
7355	1
7356	1
7357	0
7358	0
7359	0
7360	0
7361	1
7362	0
7363	0
7364	0
7365	0
7366	1
7367	0
7368	0
7369	0
7370	1
7371	1
7372	0
7373	0
7374	0
7375	1
7376	0
7377	0
7378	0
7379	0
7380	0
7381	0
7382	1
7383	0
7384	0
7385	1
7386	0
7387	0
7388	0
7389	1
7390	0
7391	0
7392	0
7393	0
7394	0
7395	1
7396	1
7397	1
7398	1
7399	0
7400	0
7401	0
7402	0
7403	0
7404	0
7405	0
7406	0
7407	0
7408	0
7409	2
7410	0
7411	1
7412	0
7413	0
7414	0
7415	0
7416	0
7417	0
7418	1
7419	0
7420	1
7421	0
7422	1
7423	0
7424	0
7425	0
7426	0
7427	0
7428	0
7429	0
7430	0
7431	0
7432	1
7433	0
7434	0
7435	0
7436	1
7437	0
7438	1
7439	0
7440	0
7441	1
7442	0
7443	0
7444	0
7445	0
7446	0
7447	1
7448	1
7449	1
7450	0
7451	0
7452	1
7453	0
7454	0
7455	0
7456	0
7457	0
7458	0
7459	0
7460	0
7461	0
7462	1
7463	0
7464	1
7465	0
7466	1
7467	0
7468	0
7469	0
7470	1
7471	0
7472	0
7473	0
7474	0
7475	0
7476	0
7477	0
7478	1
7479	0
7480	0
7481	0
7482	0
7483	0
7484	1
7485	0
7486	0
7487	0
7488	0
7489	0
7490	0
7491	0
7492	1
7493	0
7494	0
7495	0
7496	2
7497	0
7498	1
7499	0
7500	0
7501	0
7502	0
7503	1
7504	0
7505	0
7506	0
7507	1
7508	0
7509	0
7510	0
7511	0
7512	0
7513	1
7514	0
7515	0
7516	0
7517	1
7518	1
7519	0
7520	1
7521	1
7522	0
7523	0
7524	0
7525	0
7526	0
7527	0
7528	0
7529	0
7530	0
7531	0
7532	0
7533	0
7534	0
7535	0
7536	1
7537	0
7538	0
7539	0
7540	1
7541	0
7542	0
7543	0
7544	0
7545	0
7546	0
7547	0
7548	0
7549	1
7550	1
7551	1
7552	0
7553	0
7554	0
7555	0
7556	0
7557	1
7558	0
7559	0
7560	0
7561	0
7562	0
7563	0
7564	0
7565	0
7566	0
7567	1
7568	0
7569	0
7570	0
7571	0
7572	0
7573	0
7574	0
7575	0
7576	1
7577	0
7578	0
7579	0
7580	0
7581	0
7582	0
7583	0
7584	1
7585	1
7586	0
7587	0
7588	0
7589	0
7590	0
7591	0
7592	0
7593	0
7594	0
7595	0
7596	0
7597	0
7598	0
7599	0
7600	0
7601	1
7602	0
7603	1
7604	0
7605	0
7606	1
7607	1
7608	0
7609	0
7610	0
7611	0
7612	0
7613	0
7614	0
7615	0
7616	1
7617	0
7618	0
7619	1
7620	0
7621	0
7622	0
7623	0
7624	0
7625	0
7626	0
7627	1
7628	0
7629	0
7630	0
7631	0
7632	1
7633	0
7634	2
7635	1
7636	0
7637	0
7638	0
7639	0
7640	0
7641	0
7642	0
7643	0
7644	0
7645	0
7646	0
7647	0
7648	0
7649	1
7650	0
7651	0
7652	0
7653	0
7654	0
7655	0
7656	0
7657	0
7658	0
7659	1
7660	0
7661	1
7662	0
7663	0
7664	0
7665	0
7666	0
7667	1
7668	0
7669	0
7670	0
7671	0
7672	0
7673	0
7674	1
7675	0
7676	0
7677	0
7678	0
7679	1
7680	0
7681	0
7682	0
7683	0
7684	1
7685	0
7686	0
7687	1
7688	0
7689	0
7690	0
7691	0
7692	1
7693	0
7694	0
7695	1
7696	0
7697	0
7698	0
7699	0
7700	1
7701	0
7702	1
7703	0
7704	0
7705	0
7706	0
7707	0
7708	0
7709	1
7710	1
7711	1
7712	0
7713	0
7714	0
7715	0
7716	0
7717	0
7718	0
7719	0
7720	0
7721	1
7722	0
7723	0
7724	0
7725	0
7726	1
7727	0
7728	0
7729	1
7730	0
7731	0
7732	1
7733	0
7734	2
7735	0
7736	0
7737	0
7738	0
7739	1
7740	0
7741	0
7742	1
7743	0
7744	0
7745	0
7746	0
7747	0
7748	0
7749	0
7750	0
7751	0
7752	0
7753	0
7754	1
7755	1
7756	1
7757	0
7758	0
7759	0
7760	0
7761	0
7762	0
7763	0
7764	0
7765	2
7766	0
7767	0
7768	1
7769	2
7770	1
7771	0
7772	0
7773	0
7774	0
7775	0
7776	0
7777	0
7778	1
7779	0
7780	0
7781	0
7782	0
7783	0
7784	1
7785	0
7786	1
7787	0
7788	0
7789	0
7790	0
7791	1
7792	0
7793	0
7794	0
7795	0
7796	0
7797	0
7798	0
7799	0
7800	0
7801	0
7802	1
7803	0
7804	1
7805	1
7806	0
7807	1
7808	1
7809	0
7810	1
7811	0
7812	0
7813	0
7814	0
7815	0
7816	0
7817	0
7818	1
7819	1
7820	0
7821	0
7822	0
7823	1
7824	1
7825	0
7826	1
7827	0
7828	0
7829	0
7830	1
7831	0
7832	0
7833	0
7834	0
7835	1
7836	1
7837	0
7838	0
7839	1
7840	0
7841	2
7842	1
7843	0
7844	0
7845	2
7846	1
7847	0
7848	0
7849	0
7850	0
7851	1
7852	0
7853	0
7854	0
7855	0
7856	0
7857	1
7858	0
7859	0
7860	0
7861	0
7862	0
7863	1
7864	1
7865	0
7866	0
7867	0
7868	0
7869	1
7870	0
7871	0
7872	0
7873	0
7874	0
7875	1
7876	0
7877	1
7878	0
7879	1
7880	0
7881	1
7882	0
7883	0
7884	0
7885	0
7886	0
7887	0
7888	2
7889	0
7890	0
7891	1
7892	0
7893	1
7894	0
7895	3
7896	0
7897	0
7898	1
7899	1
7900	0
7901	0
7902	0
7903	1
7904	1
7905	0
7906	0
7907	1
7908	0
7909	0
7910	0
7911	0
7912	0
7913	0
7914	0
7915	1
7916	0
7917	1
7918	1
7919	1
7920	1
7921	1
7922	0
7923	2
7924	2
7925	0
7926	1
7927	0
7928	0
7929	1
7930	1
7931	1
7932	0
7933	0
7934	3
7935	0
7936	0
7937	0
7938	1
7939	3
7940	1
7941	1
7942	1
7943	0
7944	1
7945	0
7946	0
7947	1
7948	0
7949	1
7950	0
7951	1
7952	2
7953	1
7954	2
7955	1
7956	0
7957	0
7958	3
7959	0
7960	0
7961	0
7962	1
7963	1
7964	0
7965	5
7966	1
7967	0
7968	0
7969	0
7970	0
7971	0
7972	1
7973	1
7974	2
7975	0
7976	0
7977	1
7978	1
7979	0
7980	1
7981	0
7982	0
7983	0
7984	0
7985	1
7986	0
7987	1
7988	1
7989	2
7990	1
7991	0
7992	1
7993	1
7994	1
7995	0
7996	1
7997	0
7998	0
7999	1
8000	1
8001	0
8002	1
8003	1
8004	1
8005	1
8006	2
8007	0
8008	1
8009	0
8010	0
8011	3
8012	1
8013	0
8014	2
8015	1
8016	0
8017	1
8018	0
8019	0
8020	0
8021	0
8022	0
8023	0
8024	0
8025	0
8026	0
8027	0
8028	0
8029	0
8030	0
8031	0
8032	0
8033	0
8034	0
8035	0
8036	0
8037	0
8038	0
8039	0
8040	0
8041	0
8042	0
8043	0
8044	0
8045	0
8046	0
8047	0
8048	0
8049	0
8050	0
8051	0
8052	0
8053	0
8054	0
8055	0
8056	0
8057	0
8058	0
8059	0
8060	0
8061	0
8062	0
8063	0
8064	0
8065	0
8066	0
8067	0
8068	0
8069	0
8070	0
8071	0
8072	0
8073	0
8074	0
8075	0
8076	0
8077	0
8078	0
8079	0
8080	0
8081	0
8082	0
8083	0
8084	0
8085	0
8086	0
8087	0
8088	0
8089	0
8090	0
8091	0
8092	0
8093	0
8094	0
8095	0
8096	0
8097	0
8098	0
8099	0
8100	0
8101	0
8102	0
8103	0
8104	0
8105	0
8106	0
8107	0
8108	0
8109	0
8110	0
8111	0
8112	0
8113	0
8114	0
8115	0
8116	0
8117	0
8118	0
8119	0
8120	0
8121	0
8122	0
8123	0
8124	0
8125	0
8126	0
8127	0
8128	0
8129	0
8130	0
8131	0
8132	0
8133	0
8134	0
8135	0
8136	0
8137	0
8138	0
8139	0
8140	0
8141	0
8142	0
8143	0
8144	0
8145	0
8146	0
8147	0
8148	0
8149	0
8150	0
8151	0
8152	0
8153	0
8154	0
8155	0
8156	0
8157	0
8158	0
8159	0
8160	0
8161	0
8162	0
8163	0
8164	0
8165	0
8166	0
8167	0
8168	0
8169	0
8170	0
8171	0
8172	0
8173	0
8174	0
8175	0
8176	0
8177	0
8178	0
8179	0
8180	0
8181	0
8182	0
8183	0
8184	0
8185	0
8186	0
8187	0
8188	0
8189	0
8190	0
8191	0
