0	0
1	0
2	0
3	0
4	0
5	0
6	0
7	0
8	0
9	0
10	0
11	0
12	0
13	0
14	0
15	0
16	0
17	0
18	0
19	0
20	0
21	0
22	0
23	0
24	0
25	0
26	0
27	0
28	0
29	0
30	0
31	0
32	0
33	1
34	1
35	0
36	0
37	0
38	1
39	1
40	1
41	2
42	1
43	5
44	27
45	109
46	164
47	220
48	237
49	192
50	182
51	188
52	166
53	135
54	126
55	112
56	114
57	101
58	92
59	156
60	119
61	118
62	120
63	118
64	115
65	109
66	99
67	120
68	106
69	102
70	106
71	119
72	109
73	129
74	99
75	107
76	107
77	126
78	117
79	81
80	104
81	99
82	99
83	123
84	104
85	96
86	111
87	97
88	106
89	110
90	111
91	101
92	103
93	106
94	93
95	104
96	95
97	97
98	87
99	121
100	105
101	92
102	87
103	98
104	120
105	99
106	100
107	88
108	100
109	112
110	96
111	110
112	96
113	90
114	122
115	89
116	106
117	99
118	97
119	111
120	95
121	87
122	113
123	107
124	120
125	133
126	105
127	112
128	123
129	106
130	113
131	110
132	108
133	99
134	97
135	105
136	112
137	99
138	111
139	145
140	113
141	108
142	128
143	118
144	135
145	127
146	126
147	105
148	126
149	119
150	141
151	114
152	121
153	125
154	117
155	120
156	124
157	135
158	121
159	129
160	123
161	114
162	129
163	117
164	125
165	131
166	141
167	118
168	138
169	122
170	133
171	150
172	135
173	134
174	135
175	131
176	128
177	133
178	128
179	126
180	140
181	121
182	144
183	143
184	153
185	132
186	151
187	131
188	147
189	148
190	126
191	135
192	146
193	137
194	147
195	160
196	155
197	170
198	161
199	169
200	163
201	159
202	156
203	170
204	162
205	140
206	149
207	162
208	143
209	150
210	162
211	163
212	174
213	154
214	178
215	176
216	151
217	169
218	160
219	173
220	153
221	172
222	164
223	202
224	169
225	178
226	175
227	182
228	174
229	204
230	194
231	219
232	196
233	180
234	195
235	202
236	200
237	206
238	197
239	191
240	238
241	202
242	196
243	213
244	207
245	206
246	204
247	203
248	218
249	226
250	220
251	256
252	194
253	222
254	239
255	199
256	210
257	217
258	226
259	228
260	211
261	223
262	219
263	207
264	226
265	204
266	197
267	183
268	206
269	205
270	206
271	202
272	218
273	204
274	220
275	212
276	218
277	218
278	192
279	188
280	211
281	185
282	199
283	222
284	210
285	204
286	222
287	182
288	186
289	196
290	229
291	208
292	184
293	217
294	210
295	219
296	191
297	187
298	190
299	176
300	213
301	201
302	203
303	201
304	211
305	188
306	195
307	197
308	177
309	198
310	193
311	169
312	188
313	164
314	173
315	203
316	192
317	195
318	178
319	189
320	176
321	183
322	184
323	190
324	198
325	180
326	156
327	170
328	188
329	185
330	190
331	192
332	176
333	151
334	199
335	164
336	205
337	171
338	174
339	196
340	172
341	190
342	169
343	205
344	207
345	166
346	183
347	181
348	197
349	184
350	185
351	207
352	182
353	189
354	175
355	160
356	177
357	212
358	197
359	184
360	224
361	178
362	185
363	190
364	175
365	170
366	175
367	179
368	195
369	169
370	188
371	186
372	199
373	195
374	181
375	151
376	203
377	218
378	172
379	175
380	154
381	200
382	201
383	189
384	166
385	185
386	177
387	165
388	167
389	186
390	175
391	211
392	179
393	163
394	169
395	185
396	173
397	160
398	170
399	188
400	186
401	181
402	180
403	172
404	182
405	172
406	187
407	173
408	186
409	195
410	190
411	181
412	164
413	212
414	174
415	195
416	183
417	205
418	172
419	177
420	195
421	170
422	171
423	185
424	213
425	172
426	169
427	196
428	173
429	174
430	199
431	185
432	177
433	197
434	187
435	175
436	194
437	170
438	172
439	217
440	203
441	190
442	192
443	185
444	193
445	177
446	165
447	184
448	168
449	194
450	193
451	175
452	175
453	168
454	164
455	182
456	161
457	184
458	179
459	160
460	163
461	141
462	174
463	147
464	176
465	172
466	177
467	166
468	168
469	163
470	169
471	177
472	194
473	161
474	176
475	178
476	180
477	180
478	182
479	154
480	162
481	200
482	190
483	168
484	178
485	166
486	184
487	168
488	185
489	179
490	165
491	171
492	168
493	153
494	165
495	166
496	173
497	149
498	174
499	160
500	179
501	167
502	153
503	176
504	164
505	162
506	153
507	192
508	198
509	183
510	162
511	172
512	157
513	148
514	173
515	146
516	194
517	193
518	167
519	146
520	170
521	180
522	151
523	172
524	156
525	179
526	153
527	184
528	173
529	159
530	144
531	168
532	184
533	151
534	161
535	158
536	205
537	169
538	154
539	157
540	178
541	185
542	159
543	194
544	180
545	154
546	193
547	173
548	215
549	189
550	166
551	176
552	191
553	156
554	208
555	171
556	172
557	172
558	194
559	196
560	173
561	165
562	173
563	176
564	164
565	205
566	179
567	191
568	186
569	198
570	187
571	174
572	192
573	178
574	192
575	215
576	182
577	172
578	199
579	200
580	191
581	194
582	174
583	214
584	216
585	191
586	166
587	170
588	173
589	197
590	184
591	170
592	192
593	191
594	183
595	217
596	176
597	196
598	171
599	198
600	196
601	193
602	175
603	172
604	202
605	167
606	179
607	187
608	203
609	198
610	180
611	161
612	176
613	185
614	174
615	182
616	184
617	176
618	178
619	181
620	194
621	164
622	167
623	170
624	175
625	179
626	172
627	174
628	176
629	169
630	197
631	170
632	182
633	182
634	160
635	184
636	176
637	177
638	183
639	186
640	181
641	190
642	138
643	179
644	174
645	154
646	154
647	167
648	174
649	158
650	181
651	169
652	172
653	169
654	161
655	159
656	174
657	157
658	175
659	152
660	157
661	176
662	163
663	155
664	177
665	152
666	164
667	140
668	153
669	155
670	149
671	157
672	158
673	142
674	157
675	164
676	136
677	170
678	144
679	144
680	167
681	170
682	168
683	168
684	156
685	165
686	175
687	175
688	147
689	149
690	176
691	150
692	183
693	168
694	161
695	157
696	134
697	170
698	153
699	170
700	183
701	151
702	169
703	157
704	143
705	177
706	184
707	152
708	176
709	172
710	145
711	163
712	171
713	158
714	153
715	154
716	135
717	159
718	155
719	178
720	134
721	160
722	166
723	158
724	154
725	149
726	152
727	142
728	157
729	170
730	142
731	155
732	162
733	169
734	172
735	176
736	164
737	155
738	160
739	167
740	169
741	155
742	158
743	151
744	163
745	157
746	162
747	140
748	154
749	144
750	137
751	155
752	154
753	159
754	153
755	149
756	147
757	157
758	139
759	152
760	136
761	119
762	147
763	142
764	156
765	162
766	135
767	112
768	144
769	148
770	161
771	176
772	156
773	136
774	146
775	123
776	146
777	138
778	140
779	155
780	147
781	136
782	137
783	156
784	127
785	171
786	163
787	137
788	149
789	115
790	145
791	145
792	157
793	152
794	135
795	143
796	147
797	133
798	148
799	160
800	157
801	158
802	150
803	126
804	123
805	157
806	122
807	147
808	142
809	151
810	149
811	125
812	128
813	145
814	141
815	116
816	135
817	146
818	146
819	140
820	130
821	143
822	150
823	148
824	108
825	127
826	145
827	133
828	111
829	123
830	146
831	153
832	134
833	140
834	140
835	135
836	159
837	116
838	128
839	133
840	138
841	147
842	137
843	137
844	120
845	128
846	133
847	151
848	145
849	126
850	141
851	133
852	120
853	133
854	138
855	139
856	146
857	142
858	165
859	129
860	139
861	149
862	123
863	127
864	132
865	134
866	114
867	123
868	134
869	135
870	143
871	137
872	151
873	154
874	138
875	111
876	119
877	123
878	137
879	142
880	139
881	136
882	130
883	144
884	131
885	134
886	133
887	138
888	139
889	142
890	135
891	140
892	141
893	129
894	130
895	141
896	110
897	117
898	123
899	129
900	128
901	134
902	150
903	145
904	127
905	142
906	122
907	128
908	143
909	120
910	123
911	126
912	125
913	147
914	156
915	151
916	130
917	157
918	109
919	121
920	130
921	136
922	136
923	131
924	134
925	133
926	128
927	136
928	142
929	116
930	123
931	153
932	142
933	142
934	135
935	126
936	125
937	139
938	149
939	134
940	132
941	145
942	159
943	119
944	123
945	122
946	126
947	124
948	118
949	127
950	151
951	148
952	112
953	133
954	123
955	145
956	129
957	133
958	153
959	134
960	138
961	144
962	148
963	134
964	156
965	146
966	139
967	133
968	130
969	131
970	128
971	151
972	143
973	124
974	137
975	130
976	110
977	139
978	138
979	137
980	144
981	119
982	149
983	120
984	120
985	138
986	123
987	145
988	140
989	134
990	154
991	145
992	148
993	131
994	158
995	121
996	110
997	138
998	133
999	115
1000	142
1001	119
1002	137
1003	145
1004	126
1005	127
1006	100
1007	129
1008	129
1009	124
1010	133
1011	118
1012	127
1013	121
1014	139
1015	112
1016	137
1017	145
1018	129
1019	121
1020	137
1021	110
1022	136
1023	114
1024	138
1025	129
1026	142
1027	129
1028	125
1029	108
1030	136
1031	111
1032	126
1033	126
1034	111
1035	117
1036	111
1037	112
1038	84
1039	135
1040	124
1041	143
1042	124
1043	123
1044	118
1045	104
1046	112
1047	119
1048	129
1049	118
1050	122
1051	126
1052	110
1053	129
1054	103
1055	108
1056	112
1057	118
1058	95
1059	120
1060	106
1061	105
1062	107
1063	99
1064	99
1065	90
1066	95
1067	107
1068	104
1069	93
1070	107
1071	92
1072	103
1073	108
1074	93
1075	97
1076	99
1077	120
1078	98
1079	95
1080	93
1081	77
1082	80
1083	82
1084	87
1085	111
1086	82
1087	104
1088	91
1089	88
1090	85
1091	96
1092	76
1093	92
1094	83
1095	103
1096	88
1097	87
1098	82
1099	98
1100	75
1101	80
1102	102
1103	92
1104	88
1105	106
1106	96
1107	91
1108	114
1109	80
1110	73
1111	82
1112	88
1113	79
1114	80
1115	90
1116	74
1117	86
1118	80
1119	82
1120	70
1121	78
1122	67
1123	90
1124	86
1125	75
1126	78
1127	71
1128	85
1129	88
1130	86
1131	87
1132	91
1133	88
1134	81
1135	74
1136	70
1137	66
1138	80
1139	88
1140	60
1141	70
1142	88
1143	65
1144	80
1145	63
1146	74
1147	81
1148	77
1149	83
1150	69
1151	50
1152	77
1153	76
1154	69
1155	77
1156	84
1157	84
1158	84
1159	85
1160	74
1161	73
1162	66
1163	59
1164	74
1165	86
1166	66
1167	78
1168	73
1169	82
1170	70
1171	77
1172	63
1173	78
1174	78
1175	80
1176	84
1177	65
1178	77
1179	58
1180	76
1181	73
1182	64
1183	59
1184	57
1185	53
1186	77
1187	78
1188	74
1189	83
1190	72
1191	69
1192	74
1193	73
1194	88
1195	66
1196	72
1197	72
1198	81
1199	69
1200	65
1201	57
1202	76
1203	67
1204	87
1205	72
1206	59
1207	83
1208	69
1209	76
1210	82
1211	66
1212	64
1213	75
1214	68
1215	66
1216	75
1217	69
1218	65
1219	72
1220	74
1221	65
1222	65
1223	58
1224	71
1225	69
1226	66
1227	66
1228	69
1229	73
1230	59
1231	76
1232	64
1233	55
1234	70
1235	63
1236	70
1237	76
1238	64
1239	71
1240	76
1241	67
1242	75
1243	63
1244	83
1245	76
1246	56
1247	63
1248	52
1249	81
1250	81
1251	70
1252	76
1253	72
1254	56
1255	57
1256	77
1257	73
1258	69
1259	79
1260	61
1261	51
1262	70
1263	77
1264	70
1265	80
1266	75
1267	73
1268	71
1269	77
1270	60
1271	67
1272	71
1273	72
1274	68
1275	67
1276	86
1277	57
1278	68
1279	54
1280	81
1281	56
1282	65
1283	62
1284	68
1285	70
1286	67
1287	71
1288	79
1289	68
1290	73
1291	75
1292	65
1293	72
1294	75
1295	63
1296	71
1297	56
1298	92
1299	81
1300	73
1301	76
1302	65
1303	72
1304	82
1305	84
1306	69
1307	85
1308	78
1309	83
1310	88
1311	74
1312	77
1313	72
1314	75
1315	72
1316	61
1317	73
1318	70
1319	62
1320	74
1321	74
1322	77
1323	85
1324	61
1325	73
1326	83
1327	65
1328	58
1329	69
1330	84
1331	82
1332	70
1333	79
1334	74
1335	82
1336	86
1337	79
1338	66
1339	67
1340	76
1341	76
1342	83
1343	84
1344	92
1345	80
1346	82
1347	101
1348	78
1349	59
1350	62
1351	80
1352	71
1353	68
1354	81
1355	70
1356	79
1357	72
1358	68
1359	74
1360	82
1361	72
1362	54
1363	74
1364	69
1365	71
1366	74
1367	94
1368	75
1369	60
1370	68
1371	81
1372	70
1373	81
1374	90
1375	100
1376	66
1377	74
1378	65
1379	94
1380	69
1381	84
1382	75
1383	74
1384	87
1385	90
1386	67
1387	79
1388	73
1389	61
1390	72
1391	73
1392	83
1393	86
1394	56
1395	84
1396	73
1397	89
1398	73
1399	72
1400	75
1401	69
1402	58
1403	70
1404	79
1405	78
1406	58
1407	72
1408	74
1409	93
1410	84
1411	64
1412	74
1413	76
1414	92
1415	78
1416	103
1417	72
1418	66
1419	81
1420	69
1421	82
1422	74
1423	71
1424	71
1425	57
1426	72
1427	86
1428	98
1429	70
1430	81
1431	66
1432	80
1433	80
1434	78
1435	79
1436	79
1437	81
1438	101
1439	80
1440	69
1441	72
1442	90
1443	76
1444	75
1445	78
1446	73
1447	92
1448	93
1449	77
1450	87
1451	80
1452	95
1453	84
1454	89
1455	76
1456	85
1457	75
1458	81
1459	85
1460	74
1461	80
1462	80
1463	69
1464	88
1465	87
1466	76
1467	81
1468	99
1469	101
1470	82
1471	81
1472	76
1473	69
1474	100
1475	101
1476	88
1477	84
1478	106
1479	91
1480	87
1481	100
1482	89
1483	90
1484	86
1485	96
1486	75
1487	92
1488	86
1489	99
1490	108
1491	105
1492	80
1493	101
1494	111
1495	110
1496	127
1497	115
1498	112
1499	107
1500	108
1501	139
1502	145
1503	111
1504	145
1505	134
1506	127
1507	142
1508	153
1509	148
1510	140
1511	138
1512	137
1513	130
1514	184
1515	155
1516	155
1517	165
1518	174
1519	181
1520	164
1521	178
1522	192
1523	184
1524	173
1525	194
1526	201
1527	205
1528	199
1529	180
1530	188
1531	204
1532	214
1533	208
1534	245
1535	249
1536	219
1537	242
1538	262
1539	234
1540	247
1541	239
1542	285
1543	290
1544	259
1545	306
1546	291
1547	271
1548	309
1549	312
1550	284
1551	355
1552	353
1553	333
1554	352
1555	357
1556	364
1557	352
1558	368
1559	388
1560	361
1561	405
1562	431
1563	407
1564	427
1565	426
1566	434
1567	453
1568	424
1569	446
1570	456
1571	469
1572	471
1573	494
1574	506
1575	483
1576	522
1577	511
1578	512
1579	581
1580	562
1581	566
1582	551
1583	581
1584	571
1585	577
1586	589
1587	575
1588	637
1589	647
1590	602
1591	656
1592	620
1593	656
1594	718
1595	659
1596	673
1597	709
1598	645
1599	710
1600	738
1601	682
1602	720
1603	704
1604	775
1605	759
1606	735
1607	728
1608	759
1609	807
1610	786
1611	757
1612	747
1613	795
1614	801
1615	779
1616	848
1617	812
1618	811
1619	797
1620	786
1621	827
1622	848
1623	862
1624	764
1625	871
1626	835
1627	829
1628	868
1629	831
1630	811
1631	890
1632	879
1633	879
1634	850
1635	842
1636	855
1637	903
1638	917
1639	852
1640	851
1641	893
1642	887
1643	909
1644	824
1645	849
1646	851
1647	906
1648	898
1649	851
1650	893
1651	875
1652	896
1653	866
1654	855
1655	799
1656	835
1657	804
1658	799
1659	805
1660	839
1661	783
1662	813
1663	771
1664	831
1665	802
1666	814
1667	828
1668	782
1669	785
1670	731
1671	755
1672	705
1673	735
1674	680
1675	717
1676	717
1677	722
1678	673
1679	677
1680	679
1681	670
1682	660
1683	639
1684	687
1685	599
1686	613
1687	632
1688	599
1689	585
1690	549
1691	523
1692	578
1693	560
1694	536
1695	560
1696	551
1697	538
1698	505
1699	476
1700	477
1701	462
1702	430
1703	414
1704	432
1705	431
1706	452
1707	412
1708	421
1709	396
1710	381
1711	441
1712	374
1713	353
1714	345
1715	365
1716	368
1717	373
1718	339
1719	348
1720	297
1721	304
1722	307
1723	304
1724	290
1725	266
1726	251
1727	260
1728	256
1729	281
1730	259
1731	228
1732	210
1733	225
1734	222
1735	211
1736	229
1737	212
1738	157
1739	173
1740	189
1741	183
1742	163
1743	165
1744	155
1745	156
1746	150
1747	143
1748	131
1749	156
1750	119
1751	117
1752	131
1753	131
1754	119
1755	117
1756	120
1757	120
1758	99
1759	97
1760	113
1761	102
1762	111
1763	87
1764	89
1765	90
1766	88
1767	79
1768	77
1769	75
1770	90
1771	74
1772	67
1773	77
1774	70
1775	87
1776	65
1777	66
1778	56
1779	61
1780	64
1781	51
1782	77
1783	54
1784	47
1785	44
1786	49
1787	49
1788	51
1789	47
1790	50
1791	57
1792	58
1793	37
1794	41
1795	50
1796	45
1797	51
1798	44
1799	39
1800	38
1801	47
1802	49
1803	41
1804	42
1805	26
1806	38
1807	36
1808	40
1809	27
1810	43
1811	39
1812	40
1813	35
1814	41
1815	32
1816	34
1817	34
1818	31
1819	39
1820	24
1821	39
1822	34
1823	40
1824	32
1825	34
1826	36
1827	35
1828	41
1829	28
1830	32
1831	31
1832	33
1833	35
1834	24
1835	29
1836	33
1837	38
1838	26
1839	30
1840	29
1841	32
1842	46
1843	31
1844	28
1845	29
1846	36
1847	29
1848	25
1849	21
1850	22
1851	30
1852	28
1853	36
1854	40
1855	27
1856	32
1857	26
1858	19
1859	40
1860	32
1861	30
1862	42
1863	34
1864	34
1865	40
1866	28
1867	24
1868	32
1869	37
1870	34
1871	17
1872	25
1873	32
1874	29
1875	29
1876	41
1877	43
1878	37
1879	32
1880	30
1881	17
1882	43
1883	38
1884	27
1885	24
1886	46
1887	32
1888	25
1889	28
1890	22
1891	29
1892	31
1893	29
1894	22
1895	29
1896	30
1897	24
1898	36
1899	34
1900	30
1901	24
1902	32
1903	36
1904	26
1905	36
1906	31
1907	34
1908	30
1909	38
1910	33
1911	21
1912	36
1913	30
1914	36
1915	40
1916	40
1917	26
1918	33
1919	35
1920	22
1921	37
1922	39
1923	26
1924	37
1925	24
1926	33
1927	28
1928	35
1929	36
1930	24
1931	36
1932	34
1933	24
1934	27
1935	24
1936	29
1937	38
1938	34
1939	30
1940	22
1941	32
1942	35
1943	22
1944	30
1945	35
1946	26
1947	27
1948	29
1949	33
1950	22
1951	32
1952	25
1953	24
1954	26
1955	17
1956	28
1957	32
1958	34
1959	20
1960	35
1961	24
1962	33
1963	32
1964	35
1965	22
1966	28
1967	24
1968	28
1969	23
1970	28
1971	32
1972	36
1973	27
1974	33
1975	31
1976	32
1977	35
1978	24
1979	32
1980	32
1981	28
1982	37
1983	36
1984	37
1985	40
1986	30
1987	35
1988	29
1989	24
1990	29
1991	29
1992	32
1993	28
1994	30
1995	28
1996	30
1997	33
1998	20
1999	25
2000	25
2001	28
2002	28
2003	35
2004	31
2005	30
2006	28
2007	29
2008	18
2009	31
2010	25
2011	19
2012	28
2013	35
2014	29
2015	40
2016	25
2017	33
2018	36
2019	31
2020	25
2021	28
2022	33
2023	39
2024	30
2025	33
2026	26
2027	33
2028	32
2029	25
2030	22
2031	26
2032	38
2033	30
2034	28
2035	25
2036	31
2037	30
2038	41
2039	25
2040	37
2041	30
2042	26
2043	31
2044	26
2045	27
2046	27
2047	32
2048	32
2049	25
2050	35
2051	32
2052	32
2053	24
2054	25
2055	33
2056	21
2057	30
2058	30
2059	26
2060	31
2061	38
2062	28
2063	22
2064	36
2065	30
2066	29
2067	22
2068	32
2069	30
2070	46
2071	27
2072	28
2073	29
2074	25
2075	29
2076	19
2077	22
2078	39
2079	21
2080	23
2081	29
2082	26
2083	24
2084	28
2085	26
2086	20
2087	28
2088	27
2089	27
2090	28
2091	29
2092	28
2093	24
2094	33
2095	29
2096	26
2097	33
2098	25
2099	30
2100	25
2101	28
2102	29
2103	39
2104	33
2105	41
2106	36
2107	21
2108	26
2109	31
2110	24
2111	20
2112	29
2113	40
2114	28
2115	24
2116	30
2117	32
2118	28
2119	32
2120	34
2121	27
2122	30
2123	28
2124	29
2125	34
2126	28
2127	21
2128	29
2129	27
2130	29
2131	25
2132	34
2133	26
2134	21
2135	36
2136	28
2137	32
2138	29
2139	22
2140	32
2141	34
2142	36
2143	22
2144	34
2145	28
2146	20
2147	32
2148	43
2149	28
2150	30
2151	25
2152	25
2153	28
2154	24
2155	26
2156	32
2157	33
2158	22
2159	20
2160	35
2161	40
2162	33
2163	24
2164	21
2165	35
2166	27
2167	25
2168	27
2169	31
2170	26
2171	30
2172	27
2173	31
2174	32
2175	37
2176	16
2177	25
2178	31
2179	35
2180	28
2181	27
2182	38
2183	33
2184	22
2185	27
2186	24
2187	25
2188	24
2189	24
2190	37
2191	21
2192	25
2193	28
2194	31
2195	38
2196	27
2197	24
2198	22
2199	35
2200	30
2201	32
2202	26
2203	32
2204	20
2205	26
2206	21
2207	34
2208	25
2209	20
2210	28
2211	25
2212	33
2213	34
2214	17
2215	20
2216	37
2217	35
2218	35
2219	25
2220	31
2221	36
2222	28
2223	29
2224	19
2225	24
2226	31
2227	22
2228	29
2229	27
2230	29
2231	27
2232	27
2233	35
2234	34
2235	35
2236	29
2237	20
2238	26
2239	24
2240	32
2241	20
2242	31
2243	28
2244	23
2245	29
2246	29
2247	33
2248	26
2249	20
2250	24
2251	24
2252	21
2253	29
2254	33
2255	33
2256	23
2257	21
2258	33
2259	28
2260	27
2261	27
2262	31
2263	35
2264	16
2265	29
2266	15
2267	41
2268	29
2269	33
2270	35
2271	23
2272	28
2273	35
2274	37
2275	22
2276	29
2277	23
2278	30
2279	19
2280	29
2281	36
2282	26
2283	28
2284	34
2285	32
2286	20
2287	28
2288	35
2289	23
2290	28
2291	32
2292	25
2293	24
2294	23
2295	34
2296	29
2297	25
2298	19
2299	24
2300	25
2301	34
2302	29
2303	34
2304	39
2305	28
2306	30
2307	31
2308	20
2309	26
2310	23
2311	12
2312	16
2313	24
2314	27
2315	30
2316	29
2317	25
2318	31
2319	26
2320	26
2321	29
2322	29
2323	25
2324	26
2325	32
2326	29
2327	22
2328	31
2329	24
2330	25
2331	32
2332	34
2333	23
2334	29
2335	28
2336	28
2337	35
2338	28
2339	33
2340	26
2341	40
2342	27
2343	22
2344	33
2345	17
2346	35
2347	31
2348	26
2349	29
2350	27
2351	27
2352	33
2353	35
2354	25
2355	30
2356	23
2357	26
2358	28
2359	24
2360	27
2361	32
2362	32
2363	17
2364	21
2365	29
2366	26
2367	26
2368	34
2369	30
2370	25
2371	39
2372	35
2373	25
2374	18
2375	28
2376	24
2377	25
2378	22
2379	21
2380	31
2381	26
2382	32
2383	19
2384	24
2385	32
2386	25
2387	28
2388	23
2389	25
2390	37
2391	18
2392	31
2393	25
2394	26
2395	19
2396	31
2397	30
2398	28
2399	22
2400	21
2401	36
2402	36
2403	29
2404	24
2405	20
2406	17
2407	33
2408	30
2409	33
2410	24
2411	28
2412	26
2413	25
2414	24
2415	24
2416	36
2417	23
2418	27
2419	22
2420	26
2421	22
2422	27
2423	30
2424	33
2425	30
2426	41
2427	21
2428	32
2429	36
2430	29
2431	27
2432	32
2433	23
2434	26
2435	27
2436	21
2437	32
2438	27
2439	16
2440	34
2441	30
2442	37
2443	26
2444	25
2445	26
2446	23
2447	19
2448	43
2449	25
2450	28
2451	27
2452	35
2453	36
2454	31
2455	32
2456	23
2457	26
2458	23
2459	20
2460	34
2461	30
2462	33
2463	36
2464	25
2465	28
2466	39
2467	27
2468	32
2469	26
2470	18
2471	27
2472	20
2473	30
2474	28
2475	26
2476	28
2477	20
2478	19
2479	33
2480	32
2481	19
2482	21
2483	35
2484	37
2485	35
2486	25
2487	21
2488	27
2489	22
2490	32
2491	25
2492	25
2493	30
2494	29
2495	31
2496	24
2497	21
2498	33
2499	20
2500	20
2501	34
2502	36
2503	23
2504	25
2505	36
2506	19
2507	25
2508	27
2509	26
2510	29
2511	25
2512	32
2513	38
2514	21
2515	29
2516	37
2517	26
2518	23
2519	40
2520	30
2521	19
2522	33
2523	28
2524	34
2525	23
2526	37
2527	22
2528	32
2529	29
2530	29
2531	29
2532	28
2533	18
2534	34
2535	32
2536	28
2537	24
2538	27
2539	31
2540	25
2541	27
2542	33
2543	25
2544	34
2545	24
2546	22
2547	27
2548	24
2549	27
2550	32
2551	31
2552	42
2553	19
2554	34
2555	31
2556	28
2557	26
2558	22
2559	30
2560	25
2561	29
2562	36
2563	30
2564	21
2565	30
2566	31
2567	38
2568	22
2569	26
2570	28
2571	33
2572	42
2573	14
2574	24
2575	28
2576	20
2577	29
2578	33
2579	26
2580	33
2581	36
2582	26
2583	20
2584	26
2585	27
2586	25
2587	33
2588	26
2589	33
2590	30
2591	31
2592	28
2593	26
2594	28
2595	28
2596	39
2597	23
2598	31
2599	24
2600	25
2601	33
2602	18
2603	33
2604	27
2605	25
2606	25
2607	29
2608	20
2609	25
2610	18
2611	26
2612	23
2613	28
2614	28
2615	32
2616	28
2617	22
2618	29
2619	39
2620	28
2621	27
2622	22
2623	22
2624	24
2625	36
2626	25
2627	24
2628	32
2629	36
2630	35
2631	37
2632	26
2633	26
2634	25
2635	23
2636	27
2637	30
2638	34
2639	35
2640	21
2641	35
2642	23
2643	20
2644	27
2645	24
2646	29
2647	28
2648	41
2649	25
2650	25
2651	28
2652	30
2653	26
2654	36
2655	25
2656	29
2657	24
2658	32
2659	19
2660	31
2661	31
2662	29
2663	30
2664	23
2665	18
2666	25
2667	33
2668	25
2669	22
2670	25
2671	27
2672	34
2673	36
2674	25
2675	32
2676	23
2677	30
2678	33
2679	31
2680	32
2681	35
2682	30
2683	28
2684	31
2685	25
2686	31
2687	32
2688	30
2689	27
2690	23
2691	25
2692	31
2693	31
2694	25
2695	22
2696	29
2697	28
2698	31
2699	34
2700	35
2701	24
2702	18
2703	40
2704	24
2705	20
2706	27
2707	33
2708	28
2709	20
2710	23
2711	26
2712	17
2713	15
2714	33
2715	27
2716	37
2717	17
2718	37
2719	26
2720	30
2721	36
2722	31
2723	28
2724	29
2725	25
2726	36
2727	36
2728	36
2729	30
2730	26
2731	35
2732	23
2733	24
2734	36
2735	22
2736	29
2737	26
2738	33
2739	32
2740	26
2741	35
2742	24
2743	28
2744	30
2745	19
2746	40
2747	35
2748	33
2749	23
2750	21
2751	28
2752	29
2753	29
2754	34
2755	32
2756	29
2757	28
2758	34
2759	24
2760	23
2761	24
2762	25
2763	30
2764	34
2765	37
2766	31
2767	37
2768	37
2769	33
2770	29
2771	32
2772	26
2773	29
2774	23
2775	29
2776	29
2777	28
2778	24
2779	33
2780	24
2781	25
2782	33
2783	18
2784	28
2785	21
2786	37
2787	29
2788	27
2789	27
2790	33
2791	24
2792	36
2793	28
2794	26
2795	29
2796	37
2797	26
2798	24
2799	33
2800	19
2801	31
2802	24
2803	24
2804	27
2805	32
2806	33
2807	35
2808	20
2809	23
2810	42
2811	29
2812	20
2813	32
2814	32
2815	27
2816	20
2817	27
2818	40
2819	26
2820	35
2821	36
2822	37
2823	26
2824	25
2825	24
2826	33
2827	28
2828	43
2829	31
2830	30
2831	30
2832	28
2833	33
2834	22
2835	30
2836	30
2837	29
2838	39
2839	30
2840	24
2841	32
2842	26
2843	32
2844	27
2845	23
2846	35
2847	25
2848	16
2849	38
2850	22
2851	26
2852	25
2853	36
2854	25
2855	27
2856	23
2857	33
2858	35
2859	26
2860	32
2861	24
2862	27
2863	28
2864	38
2865	34
2866	27
2867	32
2868	27
2869	23
2870	29
2871	21
2872	28
2873	25
2874	23
2875	31
2876	33
2877	45
2878	14
2879	27
2880	24
2881	26
2882	30
2883	37
2884	38
2885	32
2886	28
2887	28
2888	38
2889	31
2890	34
2891	31
2892	29
2893	34
2894	39
2895	37
2896	25
2897	35
2898	36
2899	30
2900	29
2901	15
2902	23
2903	30
2904	29
2905	31
2906	31
2907	27
2908	40
2909	32
2910	30
2911	23
2912	27
2913	26
2914	26
2915	27
2916	36
2917	24
2918	34
2919	18
2920	38
2921	31
2922	37
2923	24
2924	24
2925	38
2926	29
2927	38
2928	25
2929	33
2930	24
2931	26
2932	22
2933	30
2934	38
2935	34
2936	36
2937	27
2938	23
2939	30
2940	29
2941	41
2942	30
2943	30
2944	22
2945	29
2946	31
2947	25
2948	47
2949	39
2950	28
2951	32
2952	33
2953	25
2954	28
2955	33
2956	37
2957	28
2958	34
2959	33
2960	30
2961	29
2962	35
2963	30
2964	34
2965	30
2966	21
2967	29
2968	29
2969	31
2970	31
2971	26
2972	20
2973	24
2974	26
2975	30
2976	28
2977	42
2978	26
2979	24
2980	34
2981	35
2982	28
2983	30
2984	22
2985	31
2986	29
2987	37
2988	34
2989	35
2990	15
2991	41
2992	22
2993	25
2994	33
2995	24
2996	40
2997	31
2998	40
2999	36
3000	28
3001	45
3002	32
3003	32
3004	22
3005	32
3006	39
3007	24
3008	30
3009	28
3010	26
3011	33
3012	31
3013	35
3014	29
3015	33
3016	27
3017	28
3018	27
3019	26
3020	30
3021	25
3022	30
3023	27
3024	33
3025	33
3026	36
3027	30
3028	24
3029	28
3030	33
3031	26
3032	36
3033	27
3034	41
3035	38
3036	24
3037	24
3038	23
3039	34
3040	29
3041	32
3042	26
3043	28
3044	35
3045	24
3046	38
3047	36
3048	37
3049	44
3050	33
3051	39
3052	23
3053	36
3054	33
3055	27
3056	31
3057	38
3058	27
3059	32
3060	33
3061	28
3062	33
3063	28
3064	29
3065	33
3066	30
3067	31
3068	27
3069	34
3070	34
3071	38
3072	37
3073	31
3074	28
3075	32
3076	28
3077	25
3078	23
3079	26
3080	39
3081	17
3082	32
3083	41
3084	32
3085	31
3086	37
3087	47
3088	27
3089	34
3090	31
3091	31
3092	30
3093	28
3094	34
3095	39
3096	31
3097	26
3098	28
3099	40
3100	30
3101	28
3102	25
3103	24
3104	27
3105	31
3106	31
3107	28
3108	34
3109	30
3110	27
3111	38
3112	30
3113	35
3114	18
3115	27
3116	30
3117	23
3118	27
3119	33
3120	33
3121	35
3122	34
3123	28
3124	31
3125	27
3126	38
3127	35
3128	36
3129	36
3130	30
3131	32
3132	24
3133	30
3134	31
3135	34
3136	27
3137	29
3138	35
3139	32
3140	35
3141	29
3142	30
3143	27
3144	33
3145	35
3146	31
3147	33
3148	24
3149	32
3150	31
3151	24
3152	24
3153	26
3154	37
3155	20
3156	23
3157	18
3158	37
3159	27
3160	28
3161	31
3162	31
3163	30
3164	22
3165	26
3166	39
3167	32
3168	20
3169	28
3170	32
3171	33
3172	24
3173	27
3174	25
3175	25
3176	23
3177	34
3178	27
3179	21
3180	30
3181	22
3182	27
3183	28
3184	32
3185	31
3186	30
3187	47
3188	26
3189	25
3190	23
3191	26
3192	14
3193	23
3194	27
3195	28
3196	31
3197	38
3198	30
3199	24
3200	31
3201	25
3202	19
3203	27
3204	31
3205	31
3206	31
3207	23
3208	24
3209	30
3210	25
3211	28
3212	30
3213	26
3214	32
3215	18
3216	28
3217	19
3218	22
3219	19
3220	27
3221	18
3222	29
3223	30
3224	21
3225	24
3226	22
3227	20
3228	22
3229	28
3230	25
3231	21
3232	22
3233	25
3234	20
3235	30
3236	27
3237	27
3238	24
3239	23
3240	30
3241	19
3242	22
3243	18
3244	28
3245	30
3246	21
3247	18
3248	38
3249	20
3250	17
3251	26
3252	20
3253	19
3254	23
3255	16
3256	24
3257	18
3258	25
3259	21
3260	21
3261	23
3262	22
3263	24
3264	19
3265	19
3266	17
3267	17
3268	21
3269	23
3270	18
3271	18
3272	22
3273	20
3274	21
3275	17
3276	16
3277	25
3278	13
3279	23
3280	18
3281	19
3282	22
3283	20
3284	21
3285	24
3286	16
3287	19
3288	22
3289	15
3290	26
3291	20
3292	18
3293	16
3294	23
3295	24
3296	23
3297	13
3298	13
3299	8
3300	10
3301	16
3302	16
3303	18
3304	23
3305	27
3306	19
3307	12
3308	11
3309	17
3310	13
3311	10
3312	24
3313	15
3314	13
3315	16
3316	20
3317	22
3318	17
3319	20
3320	15
3321	18
3322	16
3323	15
3324	20
3325	17
3326	18
3327	23
3328	15
3329	19
3330	7
3331	15
3332	16
3333	18
3334	16
3335	17
3336	12
3337	16
3338	11
3339	13
3340	12
3341	13
3342	11
3343	16
3344	17
3345	15
3346	13
3347	16
3348	9
3349	5
3350	20
3351	17
3352	16
3353	14
3354	18
3355	13
3356	12
3357	18
3358	10
3359	9
3360	12
3361	15
3362	19
3363	12
3364	25
3365	7
3366	15
3367	15
3368	17
3369	19
3370	17
3371	12
3372	13
3373	14
3374	13
3375	8
3376	13
3377	13
3378	16
3379	9
3380	12
3381	10
3382	9
3383	14
3384	12
3385	7
3386	11
3387	18
3388	7
3389	12
3390	12
3391	7
3392	19
3393	13
3394	9
3395	13
3396	12
3397	11
3398	7
3399	17
3400	11
3401	14
3402	12
3403	9
3404	7
3405	14
3406	15
3407	10
3408	16
3409	11
3410	13
3411	7
3412	8
3413	10
3414	14
3415	11
3416	10
3417	12
3418	14
3419	13
3420	13
3421	8
3422	15
3423	16
3424	10
3425	12
3426	10
3427	14
3428	9
3429	10
3430	13
3431	7
3432	9
3433	13
3434	18
3435	6
3436	18
3437	5
3438	14
3439	8
3440	9
3441	11
3442	15
3443	7
3444	8
3445	15
3446	4
3447	12
3448	7
3449	4
3450	4
3451	9
3452	7
3453	7
3454	6
3455	8
3456	6
3457	5
3458	5
3459	12
3460	13
3461	14
3462	7
3463	11
3464	8
3465	10
3466	6
3467	10
3468	7
3469	5
3470	9
3471	4
3472	7
3473	7
3474	6
3475	10
3476	4
3477	10
3478	11
3479	13
3480	9
3481	5
3482	9
3483	9
3484	11
3485	11
3486	4
3487	5
3488	6
3489	8
3490	13
3491	5
3492	6
3493	5
3494	9
3495	10
3496	10
3497	7
3498	5
3499	7
3500	12
3501	14
3502	7
3503	13
3504	6
3505	5
3506	7
3507	9
3508	6
3509	10
3510	4
3511	5
3512	7
3513	5
3514	4
3515	6
3516	9
3517	6
3518	7
3519	4
3520	13
3521	6
3522	5
3523	6
3524	8
3525	4
3526	8
3527	10
3528	6
3529	6
3530	7
3531	8
3532	9
3533	7
3534	5
3535	3
3536	9
3537	5
3538	8
3539	6
3540	7
3541	3
3542	2
3543	5
3544	6
3545	4
3546	5
3547	9
3548	6
3549	5
3550	7
3551	7
3552	8
3553	9
3554	7
3555	5
3556	7
3557	7
3558	6
3559	8
3560	7
3561	6
3562	3
3563	4
3564	5
3565	11
3566	5
3567	5
3568	6
3569	5
3570	6
3571	7
3572	5
3573	8
3574	5
3575	8
3576	6
3577	7
3578	9
3579	4
3580	5
3581	8
3582	6
3583	7
3584	8
3585	2
3586	8
3587	7
3588	9
3589	5
3590	8
3591	6
3592	7
3593	7
3594	5
3595	6
3596	6
3597	4
3598	1
3599	5
3600	3
3601	11
3602	8
3603	7
3604	7
3605	7
3606	3
3607	6
3608	7
3609	1
3610	5
3611	4
3612	9
3613	4
3614	12
3615	4
3616	5
3617	4
3618	4
3619	7
3620	6
3621	7
3622	5
3623	2
3624	4
3625	3
3626	5
3627	7
3628	9
3629	5
3630	10
3631	7
3632	4
3633	13
3634	7
3635	9
3636	6
3637	4
3638	6
3639	7
3640	4
3641	3
3642	6
3643	4
3644	10
3645	6
3646	3
3647	3
3648	8
3649	5
3650	8
3651	6
3652	5
3653	4
3654	5
3655	3
3656	5
3657	1
3658	7
3659	3
3660	5
3661	8
3662	8
3663	5
3664	4
3665	5
3666	3
3667	10
3668	4
3669	8
3670	6
3671	10
3672	6
3673	8
3674	10
3675	9
3676	4
3677	10
3678	3
3679	11
3680	7
3681	9
3682	3
3683	9
3684	7
3685	8
3686	8
3687	9
3688	9
3689	4
3690	5
3691	7
3692	4
3693	5
3694	8
3695	6
3696	6
3697	2
3698	8
3699	8
3700	7
3701	12
3702	6
3703	3
3704	8
3705	9
3706	12
3707	4
3708	8
3709	9
3710	4
3711	12
3712	7
3713	9
3714	10
3715	8
3716	5
3717	10
3718	10
3719	10
3720	7
3721	5
3722	12
3723	11
3724	6
3725	10
3726	9
3727	12
3728	13
3729	4
3730	13
3731	11
3732	12
3733	15
3734	13
3735	9
3736	10
3737	10
3738	15
3739	6
3740	10
3741	10
3742	19
3743	13
3744	11
3745	15
3746	12
3747	15
3748	16
3749	19
3750	13
3751	20
3752	12
3753	11
3754	12
3755	21
3756	17
3757	14
3758	17
3759	8
3760	14
3761	22
3762	18
3763	22
3764	17
3765	16
3766	17
3767	17
3768	12
3769	15
3770	13
3771	17
3772	16
3773	20
3774	19
3775	18
3776	19
3777	22
3778	33
3779	18
3780	22
3781	18
3782	18
3783	31
3784	21
3785	19
3786	26
3787	25
3788	23
3789	24
3790	20
3791	29
3792	25
3793	29
3794	28
3795	30
3796	28
3797	26
3798	34
3799	24
3800	38
3801	43
3802	32
3803	37
3804	27
3805	45
3806	35
3807	42
3808	30
3809	36
3810	40
3811	31
3812	32
3813	37
3814	37
3815	39
3816	45
3817	38
3818	34
3819	41
3820	40
3821	37
3822	36
3823	38
3824	40
3825	31
3826	40
3827	41
3828	39
3829	44
3830	38
3831	39
3832	51
3833	38
3834	47
3835	46
3836	39
3837	42
3838	51
3839	62
3840	50
3841	51
3842	60
3843	47
3844	50
3845	47
3846	62
3847	59
3848	47
3849	47
3850	59
3851	55
3852	51
3853	74
3854	42
3855	67
3856	52
3857	53
3858	74
3859	50
3860	56
3861	64
3862	58
3863	62
3864	86
3865	64
3866	65
3867	79
3868	71
3869	74
3870	92
3871	78
3872	73
3873	74
3874	82
3875	68
3876	94
3877	83
3878	94
3879	85
3880	84
3881	86
3882	74
3883	88
3884	84
3885	80
3886	92
3887	76
3888	83
3889	88
3890	101
3891	84
3892	100
3893	74
3894	70
3895	89
3896	105
3897	69
3898	82
3899	96
3900	82
3901	91
3902	77
3903	102
3904	75
3905	91
3906	95
3907	93
3908	92
3909	97
3910	114
3911	111
3912	96
3913	109
3914	112
3915	107
3916	107
3917	90
3918	102
3919	106
3920	113
3921	95
3922	95
3923	105
3924	101
3925	114
3926	110
3927	131
3928	94
3929	107
3930	110
3931	105
3932	112
3933	124
3934	112
3935	104
3936	114
3937	107
3938	120
3939	118
3940	112
3941	118
3942	115
3943	124
3944	138
3945	108
3946	121
3947	117
3948	94
3949	109
3950	123
3951	114
3952	123
3953	129
3954	106
3955	122
3956	122
3957	110
3958	118
3959	124
3960	102
3961	140
3962	113
3963	115
3964	106
3965	133
3966	141
3967	126
3968	129
3969	114
3970	142
3971	136
3972	129
3973	121
3974	111
3975	143
3976	125
3977	137
3978	136
3979	143
3980	137
3981	123
3982	138
3983	124
3984	121
3985	128
3986	129
3987	116
3988	121
3989	124
3990	114
3991	116
3992	127
3993	107
3994	132
3995	122
3996	133
3997	118
3998	144
3999	132
4000	140
4001	157
4002	136
4003	104
4004	119
4005	141
4006	109
4007	136
4008	107
4009	113
4010	136
4011	137
4012	113
4013	127
4014	121
4015	102
4016	123
4017	104
4018	118
4019	124
4020	107
4021	113
4022	115
4023	119
4024	103
4025	128
4026	119
4027	108
4028	125
4029	102
4030	104
4031	103
4032	107
4033	109
4034	115
4035	110
4036	114
4037	119
4038	116
4039	102
4040	115
4041	98
4042	110
4043	115
4044	115
4045	88
4046	105
4047	101
4048	95
4049	91
4050	102
4051	92
4052	102
4053	107
4054	91
4055	99
4056	104
4057	89
4058	101
4059	111
4060	79
4061	105
4062	82
4063	96
4064	93
4065	86
4066	111
4067	86
4068	81
4069	79
4070	70
4071	76
4072	71
4073	90
4074	74
4075	79
4076	71
4077	64
4078	83
4079	88
4080	97
4081	69
4082	72
4083	72
4084	69
4085	67
4086	83
4087	75
4088	79
4089	73
4090	78
4091	53
4092	58
4093	67
4094	59
4095	63
4096	64
4097	63
4098	49
4099	78
4100	89
4101	54
4102	65
4103	65
4104	72
4105	67
4106	61
4107	62
4108	56
4109	72
4110	50
4111	58
4112	44
4113	52
4114	55
4115	64
4116	59
4117	52
4118	47
4119	57
4120	49
4121	49
4122	43
4123	55
4124	37
4125	52
4126	46
4127	35
4128	55
4129	49
4130	41
4131	36
4132	41
4133	51
4134	45
4135	46
4136	38
4137	58
4138	29
4139	40
4140	39
4141	32
4142	28
4143	30
4144	31
4145	35
4146	36
4147	39
4148	32
4149	34
4150	42
4151	49
4152	37
4153	27
4154	33
4155	30
4156	30
4157	28
4158	18
4159	34
4160	26
4161	30
4162	26
4163	28
4164	27
4165	20
4166	21
4167	23
4168	31
4169	24
4170	23
4171	23
4172	25
4173	21
4174	27
4175	17
4176	19
4177	23
4178	14
4179	25
4180	21
4181	19
4182	16
4183	18
4184	25
4185	16
4186	15
4187	17
4188	20
4189	13
4190	11
4191	13
4192	21
4193	20
4194	11
4195	10
4196	12
4197	10
4198	16
4199	11
4200	22
4201	17
4202	10
4203	7
4204	13
4205	10
4206	13
4207	12
4208	14
4209	12
4210	15
4211	14
4212	10
4213	13
4214	9
4215	1
4216	18
4217	12
4218	10
4219	12
4220	11
4221	10
4222	6
4223	3
4224	8
4225	5
4226	3
4227	9
4228	5
4229	9
4230	9
4231	13
4232	7
4233	10
4234	8
4235	10
4236	12
4237	7
4238	7
4239	5
4240	6
4241	3
4242	5
4243	8
4244	5
4245	10
4246	4
4247	3
4248	4
4249	6
4250	10
4251	7
4252	9
4253	8
4254	7
4255	6
4256	2
4257	5
4258	7
4259	5
4260	5
4261	4
4262	2
4263	1
4264	7
4265	4
4266	3
4267	10
4268	4
4269	6
4270	3
4271	5
4272	5
4273	2
4274	8
4275	8
4276	3
4277	8
4278	3
4279	2
4280	4
4281	2
4282	9
4283	4
4284	2
4285	0
4286	3
4287	3
4288	3
4289	2
4290	6
4291	3
4292	3
4293	3
4294	0
4295	5
4296	4
4297	5
4298	3
4299	2
4300	4
4301	5
4302	4
4303	2
4304	0
4305	5
4306	2
4307	3
4308	3
4309	2
4310	3
4311	4
4312	3
4313	2
4314	2
4315	1
4316	0
4317	0
4318	2
4319	0
4320	2
4321	2
4322	1
4323	1
4324	3
4325	4
4326	2
4327	2
4328	3
4329	0
4330	3
4331	1
4332	0
4333	2
4334	3
4335	3
4336	3
4337	3
4338	3
4339	0
4340	1
4341	3
4342	0
4343	1
4344	2
4345	2
4346	2
4347	2
4348	0
4349	3
4350	4
4351	3
4352	2
4353	3
4354	2
4355	4
4356	3
4357	1
4358	1
4359	5
4360	4
4361	2
4362	2
4363	2
4364	4
4365	1
4366	2
4367	4
4368	2
4369	4
4370	2
4371	2
4372	2
4373	4
4374	1
4375	0
4376	2
4377	1
4378	0
4379	4
4380	3
4381	0
4382	2
4383	2
4384	2
4385	1
4386	1
4387	1
4388	3
4389	0
4390	2
4391	4
4392	1
4393	1
4394	4
4395	3
4396	3
4397	3
4398	5
4399	4
4400	1
4401	5
4402	0
4403	1
4404	4
4405	0
4406	4
4407	1
4408	5
4409	6
4410	5
4411	3
4412	2
4413	0
4414	0
4415	1
4416	0
4417	4
4418	3
4419	1
4420	2
4421	1
4422	2
4423	0
4424	4
4425	1
4426	2
4427	1
4428	1
4429	4
4430	3
4431	1
4432	3
4433	5
4434	3
4435	2
4436	4
4437	3
4438	4
4439	2
4440	0
4441	2
4442	1
4443	1
4444	4
4445	1
4446	0
4447	1
4448	1
4449	2
4450	2
4451	1
4452	1
4453	3
4454	3
4455	2
4456	3
4457	1
4458	2
4459	4
4460	4
4461	2
4462	3
4463	2
4464	6
4465	1
4466	3
4467	6
4468	0
4469	1
4470	5
4471	4
4472	3
4473	4
4474	1
4475	5
4476	3
4477	1
4478	4
4479	3
4480	2
4481	2
4482	2
4483	2
4484	1
4485	0
4486	1
4487	3
4488	2
4489	3
4490	4
4491	2
4492	7
4493	2
4494	3
4495	2
4496	4
4497	2
4498	5
4499	0
4500	3
4501	3
4502	2
4503	1
4504	4
4505	2
4506	1
4507	4
4508	6
4509	2
4510	3
4511	2
4512	3
4513	0
4514	2
4515	4
4516	4
4517	3
4518	2
4519	2
4520	2
4521	2
4522	2
4523	2
4524	0
4525	3
4526	1
4527	1
4528	7
4529	4
4530	4
4531	4
4532	2
4533	3
4534	4
4535	1
4536	5
4537	3
4538	7
4539	3
4540	1
4541	2
4542	4
4543	1
4544	3
4545	2
4546	2
4547	2
4548	2
4549	1
4550	2
4551	3
4552	3
4553	5
4554	4
4555	5
4556	6
4557	6
4558	2
4559	3
4560	4
4561	3
4562	3
4563	5
4564	2
4565	4
4566	2
4567	3
4568	5
4569	3
4570	6
4571	3
4572	3
4573	3
4574	1
4575	6
4576	8
4577	4
4578	5
4579	5
4580	5
4581	3
4582	4
4583	5
4584	3
4585	3
4586	1
4587	2
4588	3
4589	2
4590	2
4591	5
4592	3
4593	5
4594	4
4595	2
4596	6
4597	1
4598	7
4599	4
4600	5
4601	4
4602	5
4603	3
4604	2
4605	2
4606	6
4607	2
4608	4
4609	1
4610	2
4611	1
4612	6
4613	0
4614	2
4615	2
4616	4
4617	4
4618	2
4619	5
4620	4
4621	2
4622	2
4623	2
4624	3
4625	4
4626	3
4627	2
4628	3
4629	0
4630	0
4631	3
4632	4
4633	3
4634	3
4635	0
4636	1
4637	1
4638	3
4639	4
4640	1
4641	2
4642	3
4643	2
4644	5
4645	1
4646	2
4647	4
4648	4
4649	1
4650	2
4651	5
4652	3
4653	2
4654	1
4655	5
4656	1
4657	1
4658	2
4659	0
4660	4
4661	3
4662	1
4663	1
4664	3
4665	2
4666	2
4667	3
4668	2
4669	3
4670	2
4671	2
4672	1
4673	0
4674	2
4675	1
4676	1
4677	3
4678	2
4679	2
4680	3
4681	3
4682	2
4683	1
4684	0
4685	2
4686	2
4687	1
4688	1
4689	3
4690	2
4691	2
4692	3
4693	1
4694	3
4695	0
4696	2
4697	1
4698	4
4699	2
4700	0
4701	1
4702	3
4703	2
4704	1
4705	2
4706	1
4707	2
4708	1
4709	2
4710	1
4711	2
4712	1
4713	1
4714	1
4715	1
4716	1
4717	2
4718	2
4719	1
4720	1
4721	0
4722	1
4723	1
4724	1
4725	0
4726	2
4727	0
4728	3
4729	4
4730	3
4731	0
4732	0
4733	1
4734	1
4735	2
4736	1
4737	2
4738	1
4739	0
4740	1
4741	3
4742	1
4743	0
4744	1
4745	1
4746	0
4747	0
4748	3
4749	2
4750	1
4751	1
4752	2
4753	1
4754	1
4755	0
4756	0
4757	3
4758	2
4759	1
4760	1
4761	0
4762	1
4763	0
4764	2
4765	2
4766	1
4767	0
4768	2
4769	1
4770	0
4771	4
4772	0
4773	1
4774	1
4775	2
4776	3
4777	1
4778	0
4779	0
4780	2
4781	2
4782	0
4783	0
4784	0
4785	2
4786	1
4787	3
4788	2
4789	0
4790	2
4791	0
4792	1
4793	2
4794	2
4795	0
4796	1
4797	2
4798	1
4799	2
4800	1
4801	3
4802	3
4803	0
4804	1
4805	2
4806	1
4807	0
4808	0
4809	1
4810	1
4811	1
4812	1
4813	1
4814	0
4815	1
4816	2
4817	1
4818	1
4819	0
4820	1
4821	0
4822	0
4823	2
4824	1
4825	3
4826	2
4827	1
4828	2
4829	0
4830	0
4831	1
4832	2
4833	0
4834	2
4835	1
4836	2
4837	1
4838	0
4839	1
4840	1
4841	0
4842	1
4843	2
4844	0
4845	0
4846	3
4847	0
4848	0
4849	2
4850	0
4851	1
4852	1
4853	1
4854	2
4855	3
4856	0
4857	2
4858	0
4859	1
4860	2
4861	0
4862	0
4863	1
4864	0
4865	1
4866	0
4867	1
4868	2
4869	0
4870	2
4871	1
4872	1
4873	0
4874	0
4875	2
4876	0
4877	1
4878	1
4879	1
4880	0
4881	1
4882	1
4883	2
4884	1
4885	1
4886	0
4887	1
4888	0
4889	3
4890	1
4891	1
4892	0
4893	1
4894	1
4895	0
4896	3
4897	1
4898	1
4899	0
4900	2
4901	1
4902	1
4903	1
4904	2
4905	1
4906	3
4907	0
4908	2
4909	0
4910	0
4911	2
4912	1
4913	0
4914	1
4915	0
4916	1
4917	0
4918	2
4919	0
4920	2
4921	1
4922	2
4923	0
4924	0
4925	1
4926	0
4927	0
4928	2
4929	0
4930	0
4931	1
4932	0
4933	0
4934	0
4935	0
4936	3
4937	1
4938	2
4939	1
4940	2
4941	0
4942	1
4943	2
4944	0
4945	2
4946	1
4947	1
4948	1
4949	2
4950	2
4951	1
4952	2
4953	0
4954	2
4955	0
4956	0
4957	2
4958	0
4959	1
4960	0
4961	1
4962	1
4963	3
4964	0
4965	0
4966	2
4967	1
4968	0
4969	0
4970	2
4971	2
4972	1
4973	0
4974	2
4975	2
4976	2
4977	0
4978	0
4979	0
4980	0
4981	0
4982	0
4983	0
4984	0
4985	0
4986	0
4987	1
4988	1
4989	0
4990	0
4991	0
4992	0
4993	0
4994	2
4995	0
4996	0
4997	0
4998	0
4999	2
5000	3
5001	3
5002	2
5003	1
5004	2
5005	1
5006	0
5007	2
5008	0
5009	1
5010	1
5011	0
5012	3
5013	0
5014	1
5015	0
5016	0
5017	1
5018	1
5019	3
5020	0
5021	0
5022	0
5023	2
5024	1
5025	0
5026	0
5027	0
5028	0
5029	1
5030	0
5031	0
5032	0
5033	0
5034	0
5035	1
5036	2
5037	0
5038	2
5039	1
5040	1
5041	1
5042	3
5043	1
5044	0
5045	1
5046	0
5047	0
5048	0
5049	0
5050	0
5051	2
5052	0
5053	2
5054	1
5055	1
5056	2
5057	1
5058	1
5059	1
5060	1
5061	2
5062	0
5063	0
5064	0
5065	0
5066	1
5067	0
5068	0
5069	0
5070	2
5071	1
5072	1
5073	0
5074	1
5075	2
5076	0
5077	1
5078	1
5079	1
5080	1
5081	0
5082	0
5083	1
5084	2
5085	0
5086	1
5087	1
5088	0
5089	0
5090	0
5091	1
5092	2
5093	0
5094	0
5095	1
5096	0
5097	0
5098	3
5099	0
5100	0
5101	0
5102	0
5103	0
5104	0
5105	1
5106	0
5107	0
5108	0
5109	0
5110	1
5111	1
5112	0
5113	1
5114	1
5115	1
5116	0
5117	0
5118	0
5119	0
5120	0
5121	0
5122	1
5123	0
5124	0
5125	0
5126	1
5127	0
5128	0
5129	0
5130	0
5131	1
5132	1
5133	0
5134	1
5135	0
5136	0
5137	0
5138	0
5139	0
5140	0
5141	0
5142	0
5143	0
5144	0
5145	1
5146	0
5147	1
5148	0
5149	1
5150	0
5151	0
5152	1
5153	1
5154	0
5155	2
5156	0
5157	0
5158	1
5159	0
5160	1
5161	2
5162	0
5163	0
5164	1
5165	0
5166	1
5167	0
5168	0
5169	0
5170	2
5171	1
5172	1
5173	1
5174	0
5175	0
5176	0
5177	1
5178	1
5179	0
5180	0
5181	0
5182	0
5183	0
5184	0
5185	0
5186	0
5187	0
5188	0
5189	0
5190	0
5191	0
5192	0
5193	2
5194	0
5195	0
5196	0
5197	0
5198	0
5199	1
5200	0
5201	0
5202	1
5203	0
5204	0
5205	0
5206	2
5207	1
5208	0
5209	0
5210	1
5211	0
5212	1
5213	0
5214	2
5215	0
5216	0
5217	0
5218	0
5219	0
5220	0
5221	1
5222	0
5223	2
5224	0
5225	0
5226	0
5227	0
5228	1
5229	0
5230	0
5231	0
5232	0
5233	0
5234	0
5235	1
5236	0
5237	1
5238	0
5239	0
5240	0
5241	0
5242	1
5243	0
5244	0
5245	1
5246	2
5247	1
5248	0
5249	0
5250	0
5251	0
5252	0
5253	1
5254	0
5255	0
5256	1
5257	0
5258	0
5259	0
5260	1
5261	2
5262	0
5263	0
5264	1
5265	0
5266	0
5267	0
5268	1
5269	0
5270	0
5271	0
5272	1
5273	0
5274	0
5275	0
5276	0
5277	0
5278	1
5279	1
5280	0
5281	0
5282	0
5283	0
5284	0
5285	2
5286	1
5287	0
5288	1
5289	2
5290	0
5291	0
5292	1
5293	2
5294	1
5295	1
5296	0
5297	0
5298	2
5299	1
5300	0
5301	1
5302	0
5303	0
5304	0
5305	0
5306	0
5307	1
5308	0
5309	2
5310	0
5311	0
5312	1
5313	1
5314	1
5315	1
5316	0
5317	0
5318	0
5319	0
5320	1
5321	1
5322	1
5323	4
5324	0
5325	1
5326	0
5327	0
5328	0
5329	0
5330	0
5331	0
5332	1
5333	0
5334	0
5335	0
5336	0
5337	0
5338	1
5339	0
5340	0
5341	1
5342	0
5343	0
5344	0
5345	1
5346	0
5347	1
5348	1
5349	0
5350	0
5351	0
5352	0
5353	0
5354	2
5355	3
5356	1
5357	0
5358	1
5359	0
5360	0
5361	0
5362	0
5363	0
5364	1
5365	0
5366	1
5367	0
5368	3
5369	0
5370	2
5371	0
5372	0
5373	0
5374	0
5375	0
5376	1
5377	0
5378	0
5379	0
5380	0
5381	0
5382	0
5383	0
5384	2
5385	1
5386	0
5387	1
5388	1
5389	0
5390	0
5391	1
5392	0
5393	2
5394	0
5395	0
5396	1
5397	0
5398	1
5399	0
5400	2
5401	1
5402	0
5403	2
5404	0
5405	0
5406	1
5407	2
5408	0
5409	0
5410	1
5411	1
5412	0
5413	0
5414	2
5415	1
5416	0
5417	0
5418	0
5419	1
5420	1
5421	1
5422	1
5423	0
5424	0
5425	1
5426	1
5427	0
5428	1
5429	1
5430	0
5431	0
5432	1
5433	0
5434	1
5435	0
5436	1
5437	0
5438	2
5439	0
5440	1
5441	1
5442	2
5443	0
5444	1
5445	1
5446	0
5447	0
5448	0
5449	0
5450	0
5451	0
5452	2
5453	2
5454	1
5455	1
5456	1
5457	1
5458	1
5459	0
5460	1
5461	2
5462	1
5463	2
5464	1
5465	1
5466	0
5467	1
5468	0
5469	2
5470	0
5471	0
5472	0
5473	1
5474	2
5475	1
5476	0
5477	0
5478	4
5479	0
5480	2
5481	1
5482	0
5483	2
5484	2
5485	3
5486	3
5487	2
5488	0
5489	1
5490	0
5491	2
5492	3
5493	1
5494	1
5495	1
5496	2
5497	1
5498	0
5499	1
5500	1
5501	2
5502	1
5503	2
5504	4
5505	1
5506	0
5507	0
5508	2
5509	0
5510	0
5511	1
5512	0
5513	0
5514	0
5515	0
5516	3
5517	1
5518	0
5519	1
5520	1
5521	2
5522	2
5523	1
5524	1
5525	0
5526	1
5527	0
5528	1
5529	0
5530	1
5531	1
5532	1
5533	0
5534	1
5535	2
5536	0
5537	0
5538	3
5539	0
5540	3
5541	2
5542	1
5543	0
5544	1
5545	1
5546	0
5547	0
5548	1
5549	1
5550	0
5551	1
5552	1
5553	1
5554	0
5555	0
5556	0
5557	1
5558	1
5559	2
5560	1
5561	0
5562	1
5563	1
5564	2
5565	2
5566	2
5567	1
5568	2
5569	1
5570	1
5571	0
5572	4
5573	1
5574	0
5575	3
5576	0
5577	1
5578	1
5579	0
5580	1
5581	2
5582	1
5583	4
5584	1
5585	2
5586	1
5587	2
5588	0
5589	2
5590	2
5591	0
5592	2
5593	3
5594	0
5595	0
5596	3
5597	0
5598	2
5599	0
5600	0
5601	2
5602	0
5603	0
5604	1
5605	1
5606	2
5607	0
5608	1
5609	0
5610	1
5611	2
5612	3
5613	1
5614	1
5615	2
5616	1
5617	1
5618	1
5619	0
5620	2
5621	0
5622	3
5623	3
5624	0
5625	3
5626	0
5627	0
5628	1
5629	1
5630	0
5631	2
5632	2
5633	2
5634	0
5635	2
5636	3
5637	2
5638	1
5639	0
5640	0
5641	2
5642	0
5643	0
5644	1
5645	0
5646	0
5647	3
5648	0
5649	1
5650	0
5651	2
5652	1
5653	0
5654	0
5655	2
5656	2
5657	3
5658	1
5659	0
5660	0
5661	3
5662	1
5663	1
5664	1
5665	3
5666	2
5667	2
5668	1
5669	0
5670	0
5671	2
5672	1
5673	0
5674	2
5675	1
5676	1
5677	2
5678	2
5679	4
5680	2
5681	1
5682	4
5683	0
5684	1
5685	1
5686	1
5687	2
5688	0
5689	1
5690	0
5691	2
5692	0
5693	2
5694	1
5695	0
5696	2
5697	3
5698	0
5699	1
5700	0
5701	0
5702	1
5703	0
5704	2
5705	0
5706	0
5707	1
5708	3
5709	1
5710	2
5711	0
5712	1
5713	1
5714	0
5715	2
5716	1
5717	2
5718	0
5719	2
5720	2
5721	3
5722	0
5723	0
5724	2
5725	0
5726	0
5727	1
5728	0
5729	1
5730	3
5731	0
5732	2
5733	1
5734	1
5735	1
5736	0
5737	1
5738	0
5739	2
5740	1
5741	2
5742	1
5743	1
5744	2
5745	2
5746	0
5747	0
5748	2
5749	0
5750	0
5751	1
5752	0
5753	2
5754	1
5755	1
5756	2
5757	1
5758	2
5759	2
5760	2
5761	0
5762	1
5763	0
5764	0
5765	0
5766	1
5767	1
5768	0
5769	1
5770	0
5771	0
5772	1
5773	0
5774	0
5775	0
5776	2
5777	1
5778	1
5779	1
5780	2
5781	0
5782	1
5783	0
5784	1
5785	1
5786	0
5787	0
5788	0
5789	0
5790	1
5791	0
5792	0
5793	2
5794	0
5795	2
5796	1
5797	0
5798	0
5799	1
5800	0
5801	2
5802	1
5803	2
5804	1
5805	0
5806	2
5807	1
5808	0
5809	0
5810	1
5811	0
5812	1
5813	1
5814	0
5815	0
5816	1
5817	0
5818	0
5819	2
5820	0
5821	0
5822	1
5823	0
5824	1
5825	0
5826	0
5827	0
5828	0
5829	0
5830	0
5831	0
5832	0
5833	2
5834	1
5835	0
5836	0
5837	1
5838	1
5839	0
5840	0
5841	1
5842	1
5843	1
5844	0
5845	1
5846	0
5847	0
5848	0
5849	0
5850	1
5851	2
5852	0
5853	1
5854	0
5855	1
5856	1
5857	0
5858	1
5859	0
5860	0
5861	0
5862	0
5863	1
5864	0
5865	0
5866	1
5867	0
5868	1
5869	0
5870	1
5871	0
5872	0
5873	0
5874	1
5875	1
5876	0
5877	1
5878	0
5879	0
5880	1
5881	1
5882	1
5883	0
5884	2
5885	0
5886	0
5887	0
5888	0
5889	0
5890	0
5891	0
5892	0
5893	0
5894	0
5895	1
5896	0
5897	0
5898	2
5899	0
5900	0
5901	0
5902	0
5903	1
5904	0
5905	0
5906	0
5907	0
5908	0
5909	1
5910	0
5911	0
5912	1
5913	0
5914	0
5915	0
5916	1
5917	0
5918	0
5919	1
5920	0
5921	1
5922	0
5923	0
5924	1
5925	0
5926	0
5927	0
5928	0
5929	0
5930	0
5931	0
5932	1
5933	0
5934	1
5935	0
5936	0
5937	0
5938	0
5939	1
5940	0
5941	0
5942	1
5943	0
5944	0
5945	0
5946	0
5947	0
5948	0
5949	1
5950	0
5951	0
5952	0
5953	0
5954	0
5955	0
5956	1
5957	1
5958	0
5959	0
5960	0
5961	0
5962	0
5963	1
5964	0
5965	2
5966	0
5967	0
5968	0
5969	0
5970	0
5971	1
5972	0
5973	0
5974	0
5975	1
5976	0
5977	0
5978	0
5979	0
5980	0
5981	0
5982	0
5983	0
5984	0
5985	0
5986	1
5987	1
5988	0
5989	0
5990	0
5991	0
5992	0
5993	0
5994	0
5995	1
5996	0
5997	1
5998	0
5999	1
6000	0
6001	1
6002	0
6003	0
6004	0
6005	1
6006	0
6007	2
6008	0
6009	0
6010	0
6011	0
6012	0
6013	0
6014	0
6015	0
6016	0
6017	0
6018	0
6019	0
6020	0
6021	0
6022	0
6023	0
6024	0
6025	1
6026	0
6027	0
6028	0
6029	0
6030	0
6031	1
6032	0
6033	2
6034	0
6035	1
6036	0
6037	1
6038	0
6039	0
6040	0
6041	1
6042	0
6043	1
6044	1
6045	0
6046	1
6047	0
6048	0
6049	0
6050	0
6051	0
6052	0
6053	0
6054	0
6055	0
6056	0
6057	1
6058	0
6059	0
6060	0
6061	0
6062	0
6063	1
6064	0
6065	0
6066	0
6067	0
6068	1
6069	1
6070	0
6071	0
6072	0
6073	0
6074	0
6075	0
6076	0
6077	0
6078	1
6079	0
6080	0
6081	1
6082	0
6083	0
6084	1
6085	0
6086	0
6087	0
6088	0
6089	0
6090	0
6091	0
6092	0
6093	0
6094	0
6095	0
6096	0
6097	0
6098	1
6099	0
6100	2
6101	0
6102	0
6103	0
6104	0
6105	1
6106	1
6107	0
6108	0
6109	0
6110	0
6111	0
6112	0
6113	0
6114	1
6115	0
6116	0
6117	1
6118	1
6119	0
6120	0
6121	0
6122	0
6123	0
6124	1
6125	0
6126	0
6127	0
6128	0
6129	0
6130	0
6131	0
6132	0
6133	0
6134	0
6135	0
6136	0
6137	0
6138	0
6139	1
6140	0
6141	0
6142	0
6143	0
6144	0
6145	0
6146	0
6147	0
6148	0
6149	0
6150	2
6151	0
6152	0
6153	0
6154	1
6155	0
6156	0
6157	0
6158	0
6159	1
6160	0
6161	0
6162	0
6163	0
6164	0
6165	0
6166	0
6167	0
6168	0
6169	0
6170	0
6171	1
6172	0
6173	0
6174	0
6175	1
6176	0
6177	0
6178	0
6179	1
6180	1
6181	0
6182	1
6183	0
6184	0
6185	0
6186	0
6187	0
6188	0
6189	0
6190	0
6191	0
6192	0
6193	0
6194	0
6195	0
6196	2
6197	0
6198	1
6199	0
6200	0
6201	0
6202	1
6203	0
6204	0
6205	0
6206	0
6207	0
6208	0
6209	0
6210	0
6211	0
6212	1
6213	0
6214	0
6215	0
6216	1
6217	1
6218	0
6219	0
6220	0
6221	0
6222	1
6223	1
6224	0
6225	0
6226	0
6227	0
6228	0
6229	2
6230	1
6231	0
6232	0
6233	0
6234	0
6235	1
6236	1
6237	0
6238	0
6239	0
6240	0
6241	0
6242	0
6243	1
6244	0
6245	0
6246	0
6247	0
6248	0
6249	0
6250	1
6251	0
6252	0
6253	0
6254	0
6255	1
6256	0
6257	1
6258	0
6259	0
6260	0
6261	0
6262	0
6263	0
6264	0
6265	1
6266	0
6267	0
6268	0
6269	0
6270	0
6271	0
6272	1
6273	0
6274	0
6275	0
6276	0
6277	1
6278	0
6279	0
6280	0
6281	0
6282	0
6283	1
6284	0
6285	0
6286	0
6287	0
6288	0
6289	0
6290	0
6291	0
6292	0
6293	0
6294	0
6295	0
6296	0
6297	0
6298	0
6299	0
6300	0
6301	0
6302	0
6303	0
6304	0
6305	0
6306	0
6307	0
6308	0
6309	0
6310	0
6311	0
6312	0
6313	0
6314	0
6315	0
6316	0
6317	0
6318	0
6319	0
6320	0
6321	0
6322	0
6323	0
6324	0
6325	0
6326	0
6327	0
6328	0
6329	0
6330	0
6331	0
6332	0
6333	0
6334	1
6335	0
6336	0
6337	0
6338	0
6339	1
6340	0
6341	0
6342	0
6343	0
6344	0
6345	1
6346	0
6347	2
6348	1
6349	1
6350	0
6351	0
6352	0
6353	0
6354	0
6355	0
6356	0
6357	1
6358	0
6359	0
6360	0
6361	0
6362	0
6363	0
6364	0
6365	1
6366	0
6367	0
6368	0
6369	0
6370	0
6371	1
6372	0
6373	0
6374	0
6375	0
6376	1
6377	0
6378	2
6379	0
6380	1
6381	0
6382	0
6383	0
6384	0
6385	0
6386	0
6387	0
6388	0
6389	1
6390	1
6391	0
6392	0
6393	0
6394	0
6395	2
6396	0
6397	0
6398	2
6399	0
6400	0
6401	0
6402	0
6403	1
6404	0
6405	0
6406	0
6407	0
6408	0
6409	0
6410	0
6411	0
6412	1
6413	0
6414	0
6415	0
6416	0
6417	0
6418	0
6419	0
6420	0
6421	0
6422	1
6423	0
6424	0
6425	0
6426	0
6427	0
6428	0
6429	0
6430	0
6431	1
6432	1
6433	0
6434	0
6435	0
6436	0
6437	0
6438	0
6439	1
6440	0
6441	0
6442	0
6443	0
6444	0
6445	1
6446	0
6447	1
6448	0
6449	0
6450	0
6451	0
6452	0
6453	0
6454	0
6455	0
6456	0
6457	0
6458	0
6459	0
6460	0
6461	1
6462	0
6463	0
6464	0
6465	0
6466	0
6467	0
6468	0
6469	1
6470	0
6471	0
6472	0
6473	0
6474	0
6475	0
6476	0
6477	0
6478	0
6479	0
6480	0
6481	0
6482	0
6483	0
6484	0
6485	0
6486	0
6487	1
6488	1
6489	0
6490	0
6491	0
6492	1
6493	0
6494	0
6495	0
6496	0
6497	0
6498	0
6499	0
6500	0
6501	1
6502	0
6503	0
6504	0
6505	0
6506	1
6507	0
6508	1
6509	0
6510	0
6511	0
6512	0
6513	0
6514	1
6515	0
6516	0
6517	0
6518	0
6519	0
6520	1
6521	0
6522	0
6523	0
6524	0
6525	0
6526	1
6527	0
6528	0
6529	0
6530	0
6531	1
6532	0
6533	0
6534	1
6535	0
6536	0
6537	0
6538	1
6539	0
6540	0
6541	0
6542	0
6543	0
6544	2
6545	0
6546	0
6547	0
6548	1
6549	0
6550	0
6551	0
6552	0
6553	0
6554	0
6555	0
6556	0
6557	1
6558	0
6559	0
6560	0
6561	0
6562	0
6563	0
6564	0
6565	0
6566	0
6567	1
6568	0
6569	1
6570	0
6571	0
6572	0
6573	0
6574	0
6575	0
6576	0
6577	0
6578	0
6579	1
6580	0
6581	0
6582	0
6583	1
6584	0
6585	1
6586	0
6587	0
6588	0
6589	0
6590	1
6591	0
6592	0
6593	0
6594	0
6595	0
6596	2
6597	0
6598	0
6599	0
6600	0
6601	0
6602	0
6603	1
6604	0
6605	0
6606	1
6607	0
6608	0
6609	1
6610	0
6611	1
6612	0
6613	1
6614	2
6615	0
6616	0
6617	0
6618	0
6619	2
6620	0
6621	0
6622	0
6623	0
6624	0
6625	0
6626	0
6627	0
6628	0
6629	1
6630	1
6631	0
6632	0
6633	0
6634	1
6635	0
6636	0
6637	0
6638	0
6639	0
6640	1
6641	0
6642	1
6643	0
6644	0
6645	0
6646	0
6647	0
6648	0
6649	0
6650	0
6651	1
6652	0
6653	0
6654	0
6655	0
6656	0
6657	0
6658	0
6659	1
6660	0
6661	0
6662	0
6663	0
6664	0
6665	0
6666	0
6667	1
6668	0
6669	0
6670	1
6671	0
6672	0
6673	0
6674	1
6675	3
6676	0
6677	0
6678	0
6679	1
6680	0
6681	0
6682	1
6683	0
6684	0
6685	0
6686	0
6687	0
6688	1
6689	0
6690	0
6691	0
6692	1
6693	0
6694	0
6695	1
6696	0
6697	0
6698	0
6699	0
6700	0
6701	0
6702	0
6703	0
6704	0
6705	0
6706	0
6707	1
6708	0
6709	0
6710	0
6711	0
6712	0
6713	0
6714	0
6715	0
6716	0
6717	0
6718	0
6719	0
6720	0
6721	0
6722	0
6723	0
6724	1
6725	0
6726	0
6727	0
6728	1
6729	1
6730	0
6731	1
6732	1
6733	1
6734	0
6735	1
6736	0
6737	0
6738	1
6739	1
6740	0
6741	1
6742	0
6743	0
6744	0
6745	0
6746	1
6747	1
6748	0
6749	0
6750	1
6751	1
6752	0
6753	0
6754	0
6755	0
6756	0
6757	1
6758	1
6759	0
6760	0
6761	0
6762	0
6763	0
6764	0
6765	2
6766	0
6767	0
6768	4
6769	0
6770	0
6771	0
6772	0
6773	1
6774	0
6775	0
6776	0
6777	0
6778	1
6779	1
6780	0
6781	0
6782	0
6783	0
6784	0
6785	0
6786	1
6787	1
6788	0
6789	0
6790	0
6791	0
6792	2
6793	0
6794	0
6795	0
6796	0
6797	0
6798	1
6799	0
6800	0
6801	0
6802	0
6803	0
6804	0
6805	0
6806	0
6807	0
6808	0
6809	2
6810	0
6811	1
6812	0
6813	0
6814	0
6815	0
6816	1
6817	0
6818	0
6819	0
6820	1
6821	0
6822	2
6823	1
6824	0
6825	0
6826	0
6827	0
6828	0
6829	0
6830	1
6831	0
6832	0
6833	0
6834	1
6835	0
6836	0
6837	0
6838	0
6839	0
6840	0
6841	0
6842	0
6843	0
6844	0
6845	0
6846	0
6847	0
6848	0
6849	0
6850	1
6851	0
6852	0
6853	0
6854	0
6855	0
6856	0
6857	0
6858	0
6859	0
6860	1
6861	0
6862	0
6863	1
6864	0
6865	0
6866	1
6867	0
6868	0
6869	0
6870	0
6871	0
6872	0
6873	0
6874	0
6875	0
6876	0
6877	0
6878	0
6879	0
6880	0
6881	0
6882	0
6883	0
6884	0
6885	0
6886	0
6887	0
6888	0
6889	0
6890	0
6891	0
6892	0
6893	0
6894	0
6895	2
6896	0
6897	0
6898	0
6899	0
6900	1
6901	2
6902	0
6903	0
6904	0
6905	0
6906	1
6907	0
6908	0
6909	0
6910	0
6911	0
6912	1
6913	0
6914	1
6915	0
6916	0
6917	0
6918	0
6919	1
6920	0
6921	0
6922	1
6923	1
6924	0
6925	0
6926	0
6927	0
6928	0
6929	0
6930	1
6931	0
6932	0
6933	0
6934	0
6935	0
6936	0
6937	1
6938	0
6939	0
6940	0
6941	0
6942	0
6943	0
6944	0
6945	0
6946	0
6947	0
6948	0
6949	0
6950	0
6951	0
6952	2
6953	0
6954	1
6955	0
6956	0
6957	0
6958	0
6959	0
6960	0
6961	0
6962	0
6963	1
6964	0
6965	0
6966	0
6967	0
6968	0
6969	1
6970	0
6971	0
6972	0
6973	0
6974	0
6975	1
6976	0
6977	0
6978	0
6979	0
6980	0
6981	1
6982	2
6983	0
6984	0
6985	0
6986	0
6987	0
6988	0
6989	0
6990	0
6991	0
6992	1
6993	0
6994	0
6995	1
6996	0
6997	0
6998	0
6999	0
7000	0
7001	0
7002	0
7003	1
7004	0
7005	0
7006	0
7007	0
7008	1
7009	0
7010	0
7011	0
7012	0
7013	1
7014	0
7015	1
7016	1
7017	0
7018	0
7019	0
7020	0
7021	0
7022	0
7023	0
7024	1
7025	0
7026	1
7027	0
7028	0
7029	0
7030	1
7031	0
7032	0
7033	0
7034	0
7035	0
7036	0
7037	0
7038	0
7039	0
7040	1
7041	0
7042	0
7043	0
7044	0
7045	0
7046	0
7047	0
7048	0
7049	0
7050	0
7051	0
7052	0
7053	0
7054	0
7055	0
7056	1
7057	0
7058	0
7059	0
7060	0
7061	1
7062	0
7063	0
7064	0
7065	0
7066	0
7067	0
7068	1
7069	0
7070	0
7071	0
7072	0
7073	0
7074	0
7075	0
7076	0
7077	0
7078	0
7079	0
7080	0
7081	0
7082	0
7083	0
7084	0
7085	0
7086	0
7087	0
7088	0
7089	0
7090	0
7091	0
7092	0
7093	0
7094	0
7095	0
7096	0
7097	0
7098	0
7099	0
7100	0
7101	0
7102	1
7103	0
7104	0
7105	0
7106	0
7107	0
7108	0
7109	0
7110	0
7111	0
7112	0
7113	0
7114	0
7115	0
7116	0
7117	0
7118	0
7119	0
7120	0
7121	0
7122	0
7123	0
7124	0
7125	0
7126	0
7127	0
7128	0
7129	0
7130	0
7131	0
7132	0
7133	0
7134	0
7135	0
7136	0
7137	0
7138	0
7139	0
7140	0
7141	0
7142	0
7143	0
7144	0
7145	0
7146	0
7147	1
7148	0
7149	1
7150	0
7151	0
7152	0
7153	0
7154	1
7155	0
7156	0
7157	0
7158	0
7159	0
7160	0
7161	0
7162	0
7163	1
7164	0
7165	0
7166	0
7167	0
7168	0
7169	0
7170	0
7171	0
7172	0
7173	0
7174	0
7175	0
7176	0
7177	0
7178	0
7179	1
7180	0
7181	1
7182	0
7183	0
7184	0
7185	0
7186	0
7187	0
7188	0
7189	1
7190	0
7191	0
7192	0
7193	0
7194	0
7195	0
7196	0
7197	0
7198	0
7199	0
7200	0
7201	1
7202	0
7203	0
7204	0
7205	0
7206	1
7207	0
7208	0
7209	0
7210	0
7211	0
7212	0
7213	0
7214	0
7215	0
7216	0
7217	0
7218	0
7219	0
7220	0
7221	0
7222	0
7223	0
7224	0
7225	0
7226	0
7227	0
7228	0
7229	0
7230	0
7231	0
7232	0
7233	0
7234	0
7235	1
7236	0
7237	0
7238	0
7239	0
7240	0
7241	0
7242	0
7243	0
7244	0
7245	0
7246	0
7247	0
7248	1
7249	0
7250	0
7251	0
7252	0
7253	0
7254	0
7255	0
7256	0
7257	0
7258	0
7259	0
7260	0
7261	0
7262	0
7263	1
7264	0
7265	0
7266	0
7267	0
7268	0
7269	0
7270	0
7271	0
7272	0
7273	0
7274	0
7275	0
7276	0
7277	0
7278	0
7279	0
7280	0
7281	0
7282	0
7283	0
7284	0
7285	0
7286	0
7287	0
7288	0
7289	0
7290	0
7291	0
7292	1
7293	0
7294	1
7295	0
7296	0
7297	0
7298	1
7299	0
7300	0
7301	0
7302	0
7303	0
7304	0
7305	0
7306	0
7307	1
7308	0
7309	0
7310	0
7311	0
7312	0
7313	0
7314	0
7315	0
7316	0
7317	0
7318	0
7319	0
7320	0
7321	0
7322	0
7323	0
7324	0
7325	0
7326	0
7327	0
7328	0
7329	0
7330	0
7331	0
7332	0
7333	0
7334	0
7335	0
7336	0
7337	1
7338	0
7339	0
7340	0
7341	0
7342	0
7343	1
7344	0
7345	0
7346	0
7347	1
7348	1
7349	0
7350	1
7351	0
7352	0
7353	0
7354	0
7355	0
7356	0
7357	0
7358	0
7359	0
7360	0
7361	1
7362	0
7363	0
7364	0
7365	0
7366	0
7367	0
7368	0
7369	1
7370	1
7371	0
7372	0
7373	0
7374	0
7375	0
7376	0
7377	0
7378	0
7379	0
7380	0
7381	0
7382	0
7383	0
7384	0
7385	0
7386	0
7387	0
7388	1
7389	0
7390	1
7391	0
7392	0
7393	0
7394	0
7395	0
7396	0
7397	0
7398	0
7399	0
7400	0
7401	0
7402	0
7403	0
7404	0
7405	0
7406	0
7407	0
7408	0
7409	0
7410	0
7411	0
7412	0
7413	0
7414	0
7415	0
7416	0
7417	1
7418	1
7419	0
7420	0
7421	0
7422	0
7423	0
7424	0
7425	0
7426	0
7427	0
7428	2
7429	0
7430	1
7431	0
7432	0
7433	0
7434	0
7435	1
7436	0
7437	0
7438	0
7439	1
7440	0
7441	0
7442	0
7443	0
7444	0
7445	0
7446	0
7447	0
7448	0
7449	0
7450	0
7451	0
7452	0
7453	0
7454	0
7455	1
7456	0
7457	0
7458	0
7459	0
7460	0
7461	0
7462	0
7463	0
7464	0
7465	0
7466	0
7467	0
7468	0
7469	0
7470	0
7471	0
7472	0
7473	0
7474	0
7475	0
7476	0
7477	0
7478	0
7479	0
7480	0
7481	0
7482	0
7483	0
7484	0
7485	0
7486	0
7487	0
7488	0
7489	0
7490	0
7491	0
7492	0
7493	0
7494	0
7495	0
7496	0
7497	0
7498	0
7499	0
7500	0
7501	1
7502	0
7503	0
7504	0
7505	0
7506	1
7507	0
7508	0
7509	0
7510	0
7511	0
7512	0
7513	0
7514	0
7515	0
7516	0
7517	0
7518	0
7519	0
7520	1
7521	0
7522	0
7523	1
7524	1
7525	0
7526	0
7527	0
7528	0
7529	0
7530	0
7531	0
7532	0
7533	2
7534	0
7535	0
7536	0
7537	0
7538	0
7539	0
7540	0
7541	0
7542	0
7543	0
7544	0
7545	0
7546	0
7547	0
7548	0
7549	0
7550	0
7551	0
7552	0
7553	1
7554	0
7555	0
7556	0
7557	0
7558	0
7559	0
7560	0
7561	0
7562	0
7563	0
7564	0
7565	0
7566	0
7567	0
7568	0
7569	0
7570	0
7571	1
7572	0
7573	0
7574	0
7575	0
7576	0
7577	0
7578	0
7579	0
7580	0
7581	0
7582	0
7583	0
7584	1
7585	0
7586	1
7587	0
7588	0
7589	0
7590	0
7591	0
7592	0
7593	0
7594	0
7595	0
7596	0
7597	0
7598	0
7599	0
7600	0
7601	0
7602	0
7603	0
7604	0
7605	0
7606	0
7607	0
7608	0
7609	0
7610	1
7611	0
7612	0
7613	0
7614	1
7615	1
7616	1
7617	0
7618	0
7619	0
7620	0
7621	0
7622	0
7623	0
7624	1
7625	0
7626	1
7627	0
7628	0
7629	0
7630	0
7631	0
7632	0
7633	0
7634	0
7635	0
7636	0
7637	0
7638	0
7639	0
7640	0
7641	0
7642	0
7643	0
7644	0
7645	0
7646	0
7647	0
7648	0
7649	0
7650	0
7651	0
7652	0
7653	0
7654	0
7655	0
7656	0
7657	0
7658	0
7659	1
7660	0
7661	0
7662	0
7663	0
7664	0
7665	0
7666	0
7667	0
7668	0
7669	0
7670	0
7671	0
7672	0
7673	0
7674	0
7675	0
7676	0
7677	0
7678	0
7679	0
7680	1
7681	0
7682	0
7683	0
7684	0
7685	0
7686	0
7687	0
7688	0
7689	0
7690	0
7691	0
7692	0
7693	0
7694	0
7695	0
7696	0
7697	1
7698	0
7699	0
7700	0
7701	0
7702	0
7703	0
7704	0
7705	0
7706	0
7707	0
7708	0
7709	0
7710	0
7711	0
7712	1
7713	1
7714	1
7715	0
7716	0
7717	1
7718	0
7719	0
7720	0
7721	0
7722	0
7723	0
7724	0
7725	0
7726	0
7727	0
7728	0
7729	0
7730	0
7731	1
7732	0
7733	0
7734	0
7735	1
7736	0
7737	0
7738	0
7739	0
7740	0
7741	0
7742	0
7743	0
7744	0
7745	1
7746	0
7747	0
7748	1
7749	1
7750	0
7751	0
7752	0
7753	0
7754	0
7755	1
7756	0
7757	0
7758	0
7759	0
7760	0
7761	0
7762	0
7763	0
7764	0
7765	0
7766	0
7767	0
7768	0
7769	0
7770	1
7771	0
7772	0
7773	1
7774	0
7775	1
7776	1
7777	0
7778	0
7779	0
7780	0
7781	0
7782	0
7783	0
7784	0
7785	0
7786	0
7787	0
7788	0
7789	0
7790	0
7791	0
7792	0
7793	0
7794	0
7795	1
7796	0
7797	0
7798	0
7799	0
7800	0
7801	0
7802	0
7803	0
7804	1
7805	0
7806	0
7807	0
7808	0
7809	0
7810	0
7811	0
7812	2
7813	0
7814	0
7815	0
7816	0
7817	0
7818	1
7819	0
7820	0
7821	0
7822	0
7823	0
7824	0
7825	0
7826	0
7827	0
7828	0
7829	0
7830	0
7831	1
7832	0
7833	0
7834	0
7835	0
7836	0
7837	1
7838	0
7839	0
7840	0
7841	0
7842	0
7843	0
7844	0
7845	0
7846	0
7847	0
7848	0
7849	1
7850	0
7851	0
7852	0
7853	0
7854	0
7855	0
7856	0
7857	0
7858	1
7859	0
7860	0
7861	0
7862	0
7863	1
7864	1
7865	1
7866	1
7867	0
7868	0
7869	0
7870	0
7871	0
7872	0
7873	0
7874	0
7875	0
7876	0
7877	0
7878	0
7879	0
7880	0
7881	0
7882	1
7883	0
7884	0
7885	0
7886	1
7887	0
7888	0
7889	0
7890	0
7891	0
7892	1
7893	0
7894	0
7895	1
7896	0
7897	0
7898	0
7899	1
7900	2
7901	0
7902	0
7903	0
7904	0
7905	0
7906	0
7907	0
7908	0
7909	0
7910	0
7911	0
7912	0
7913	1
7914	0
7915	0
7916	0
7917	2
7918	0
7919	0
7920	0
7921	0
7922	1
7923	0
7924	0
7925	1
7926	0
7927	0
7928	0
7929	0
7930	0
7931	1
7932	0
7933	0
7934	0
7935	0
7936	1
7937	1
7938	0
7939	0
7940	0
7941	0
7942	1
7943	0
7944	0
7945	0
7946	0
7947	0
7948	1
7949	0
7950	1
7951	1
7952	1
7953	0
7954	2
7955	0
7956	1
7957	0
7958	1
7959	2
7960	2
7961	0
7962	0
7963	0
7964	0
7965	1
7966	1
7967	1
7968	0
7969	0
7970	0
7971	0
7972	0
7973	0
7974	1
7975	0
7976	0
7977	1
7978	1
7979	0
7980	0
7981	0
7982	1
7983	0
7984	0
7985	0
7986	0
7987	0
7988	0
7989	0
7990	0
7991	1
7992	0
7993	1
7994	0
7995	1
7996	0
7997	0
7998	0
7999	0
8000	0
8001	0
8002	0
8003	0
8004	1
8005	0
8006	1
8007	1
8008	2
8009	0
8010	0
8011	0
8012	0
8013	1
8014	1
8015	0
8016	0
8017	0
8018	0
8019	0
8020	0
8021	0
8022	0
8023	0
8024	0
8025	0
8026	0
8027	0
8028	0
8029	0
8030	0
8031	0
8032	0
8033	0
8034	0
8035	0
8036	0
8037	0
8038	0
8039	0
8040	0
8041	0
8042	0
8043	0
8044	0
8045	0
8046	0
8047	0
8048	0
8049	0
8050	0
8051	0
8052	0
8053	0
8054	0
8055	0
8056	0
8057	0
8058	0
8059	0
8060	0
8061	0
8062	0
8063	0
8064	0
8065	0
8066	0
8067	0
8068	0
8069	0
8070	0
8071	0
8072	0
8073	0
8074	0
8075	0
8076	0
8077	0
8078	0
8079	0
8080	0
8081	0
8082	0
8083	0
8084	0
8085	0
8086	0
8087	0
8088	0
8089	0
8090	0
8091	0
8092	0
8093	0
8094	0
8095	0
8096	0
8097	0
8098	0
8099	0
8100	0
8101	0
8102	0
8103	0
8104	0
8105	0
8106	0
8107	0
8108	0
8109	0
8110	0
8111	0
8112	0
8113	0
8114	0
8115	0
8116	0
8117	0
8118	0
8119	0
8120	0
8121	0
8122	0
8123	0
8124	0
8125	0
8126	0
8127	0
8128	0
8129	0
8130	0
8131	0
8132	0
8133	0
8134	0
8135	0
8136	0
8137	0
8138	0
8139	0
8140	0
8141	0
8142	0
8143	0
8144	0
8145	0
8146	0
8147	0
8148	0
8149	0
8150	0
8151	0
8152	0
8153	0
8154	0
8155	0
8156	0
8157	0
8158	0
8159	0
8160	0
8161	0
8162	0
8163	0
8164	0
8165	0
8166	0
8167	0
8168	0
8169	0
8170	0
8171	0
8172	0
8173	0
8174	0
8175	0
8176	0
8177	0
8178	0
8179	0
8180	0
8181	0
8182	0
8183	0
8184	0
8185	0
8186	0
8187	0
8188	0
8189	0
8190	0
8191	0
