0	0
1	0
2	0
3	0
4	0
5	0
6	0
7	0
8	0
9	0
10	0
11	0
12	0
13	0
14	0
15	0
16	0
17	0
18	0
19	0
20	0
21	0
22	0
23	0
24	0
25	0
26	0
27	0
28	0
29	0
30	1
31	0
32	0
33	1
34	0
35	1
36	0
37	0
38	0
39	0
40	2
41	0
42	0
43	4
44	26
45	114
46	151
47	174
48	193
49	163
50	150
51	150
52	129
53	125
54	110
55	116
56	120
57	97
58	114
59	138
60	100
61	111
62	95
63	119
64	103
65	104
66	89
67	91
68	99
69	107
70	114
71	92
72	112
73	97
74	86
75	82
76	101
77	96
78	103
79	102
80	113
81	91
82	92
83	91
84	83
85	76
86	80
87	96
88	93
89	97
90	102
91	99
92	81
93	85
94	98
95	91
96	94
97	73
98	96
99	91
100	82
101	102
102	90
103	105
104	101
105	94
106	87
107	83
108	81
109	96
110	79
111	109
112	111
113	101
114	83
115	95
116	91
117	78
118	113
119	108
120	82
121	95
122	100
123	104
124	100
125	76
126	99
127	100
128	102
129	99
130	97
131	98
132	88
133	110
134	117
135	99
136	101
137	117
138	94
139	107
140	88
141	92
142	101
143	85
144	107
145	106
146	115
147	102
148	115
149	109
150	107
151	124
152	111
153	122
154	104
155	116
156	103
157	131
158	122
159	98
160	104
161	118
162	101
163	108
164	102
165	110
166	136
167	131
168	120
169	123
170	113
171	119
172	107
173	118
174	139
175	139
176	124
177	130
178	128
179	147
180	136
181	138
182	139
183	133
184	152
185	146
186	132
187	148
188	134
189	140
190	140
191	147
192	133
193	163
194	129
195	135
196	151
197	126
198	151
199	128
200	161
201	129
202	160
203	156
204	169
205	146
206	153
207	158
208	156
209	147
210	163
211	151
212	152
213	158
214	181
215	155
216	160
217	171
218	164
219	170
220	169
221	182
222	158
223	174
224	168
225	179
226	193
227	163
228	178
229	170
230	179
231	182
232	197
233	174
234	212
235	185
236	169
237	175
238	200
239	188
240	175
241	178
242	203
243	184
244	187
245	226
246	225
247	203
248	210
249	213
250	216
251	218
252	202
253	215
254	197
255	225
256	209
257	218
258	236
259	205
260	181
261	197
262	187
263	203
264	201
265	233
266	230
267	212
268	203
269	184
270	193
271	200
272	203
273	196
274	238
275	196
276	238
277	189
278	194
279	201
280	178
281	212
282	198
283	188
284	196
285	192
286	191
287	237
288	190
289	209
290	196
291	217
292	178
293	198
294	224
295	204
296	203
297	209
298	200
299	182
300	191
301	215
302	195
303	182
304	198
305	169
306	197
307	193
308	210
309	187
310	202
311	210
312	199
313	208
314	214
315	182
316	209
317	203
318	205
319	203
320	210
321	218
322	210
323	193
324	193
325	211
326	220
327	168
328	200
329	201
330	199
331	216
332	201
333	197
334	199
335	206
336	192
337	196
338	190
339	178
340	194
341	176
342	202
343	198
344	165
345	206
346	216
347	186
348	214
349	194
350	195
351	198
352	213
353	174
354	178
355	186
356	183
357	178
358	186
359	208
360	206
361	183
362	194
363	209
364	201
365	179
366	207
367	188
368	188
369	209
370	195
371	168
372	203
373	223
374	185
375	187
376	181
377	180
378	195
379	193
380	186
381	185
382	190
383	191
384	183
385	213
386	198
387	180
388	179
389	201
390	172
391	211
392	185
393	168
394	190
395	183
396	184
397	174
398	186
399	181
400	210
401	185
402	180
403	170
404	200
405	194
406	195
407	203
408	193
409	167
410	193
411	214
412	208
413	165
414	185
415	174
416	154
417	186
418	200
419	173
420	195
421	174
422	177
423	178
424	201
425	182
426	197
427	178
428	177
429	188
430	186
431	152
432	215
433	213
434	167
435	184
436	173
437	183
438	181
439	214
440	163
441	162
442	180
443	159
444	157
445	168
446	170
447	197
448	179
449	174
450	179
451	193
452	163
453	150
454	177
455	159
456	169
457	149
458	177
459	177
460	175
461	195
462	166
463	169
464	182
465	186
466	186
467	176
468	152
469	169
470	185
471	184
472	158
473	182
474	183
475	191
476	172
477	165
478	182
479	187
480	171
481	164
482	191
483	194
484	172
485	168
486	175
487	163
488	177
489	162
490	181
491	201
492	171
493	169
494	156
495	180
496	186
497	176
498	158
499	165
500	172
501	154
502	175
503	182
504	152
505	186
506	163
507	154
508	174
509	146
510	183
511	162
512	164
513	191
514	151
515	145
516	169
517	165
518	134
519	160
520	162
521	162
522	172
523	180
524	157
525	164
526	187
527	153
528	184
529	178
530	155
531	146
532	148
533	187
534	153
535	150
536	159
537	191
538	164
539	143
540	174
541	149
542	180
543	155
544	156
545	188
546	177
547	157
548	176
549	163
550	187
551	177
552	164
553	171
554	146
555	157
556	158
557	169
558	171
559	182
560	172
561	164
562	180
563	176
564	173
565	179
566	146
567	165
568	161
569	180
570	157
571	173
572	172
573	201
574	163
575	161
576	162
577	158
578	178
579	153
580	139
581	177
582	173
583	165
584	157
585	165
586	164
587	158
588	178
589	153
590	183
591	164
592	169
593	174
594	147
595	165
596	176
597	162
598	178
599	180
600	177
601	176
602	154
603	181
604	161
605	174
606	176
607	182
608	172
609	157
610	161
611	172
612	182
613	173
614	160
615	145
616	165
617	166
618	170
619	162
620	170
621	149
622	155
623	165
624	159
625	171
626	137
627	147
628	162
629	143
630	139
631	137
632	150
633	139
634	151
635	137
636	166
637	133
638	143
639	170
640	148
641	149
642	155
643	164
644	150
645	157
646	134
647	143
648	126
649	141
650	145
651	152
652	145
653	175
654	168
655	158
656	139
657	151
658	138
659	141
660	146
661	135
662	120
663	161
664	130
665	152
666	141
667	131
668	129
669	149
670	156
671	158
672	158
673	147
674	143
675	133
676	134
677	158
678	137
679	135
680	139
681	146
682	128
683	136
684	138
685	147
686	135
687	145
688	143
689	129
690	138
691	132
692	149
693	131
694	146
695	136
696	130
697	138
698	120
699	138
700	162
701	165
702	134
703	151
704	147
705	139
706	148
707	133
708	154
709	150
710	137
711	140
712	151
713	143
714	125
715	157
716	148
717	146
718	139
719	140
720	136
721	148
722	142
723	128
724	136
725	140
726	138
727	127
728	143
729	144
730	138
731	137
732	127
733	135
734	145
735	137
736	135
737	135
738	138
739	123
740	125
741	141
742	132
743	140
744	141
745	130
746	142
747	146
748	127
749	142
750	130
751	133
752	118
753	111
754	122
755	148
756	136
757	141
758	130
759	123
760	120
761	135
762	134
763	145
764	120
765	130
766	135
767	134
768	128
769	127
770	136
771	132
772	140
773	105
774	149
775	116
776	128
777	158
778	125
779	127
780	127
781	127
782	138
783	133
784	130
785	106
786	107
787	136
788	141
789	109
790	130
791	116
792	120
793	129
794	136
795	101
796	116
797	133
798	132
799	121
800	139
801	134
802	120
803	112
804	127
805	133
806	118
807	122
808	122
809	104
810	125
811	117
812	136
813	116
814	126
815	116
816	132
817	119
818	107
819	129
820	118
821	128
822	120
823	114
824	118
825	120
826	118
827	112
828	137
829	110
830	116
831	111
832	114
833	100
834	132
835	106
836	118
837	119
838	118
839	132
840	105
841	134
842	108
843	124
844	143
845	121
846	120
847	111
848	112
849	121
850	110
851	107
852	117
853	125
854	118
855	113
856	122
857	123
858	134
859	123
860	122
861	116
862	111
863	118
864	106
865	110
866	124
867	113
868	98
869	95
870	117
871	131
872	122
873	107
874	132
875	120
876	122
877	126
878	111
879	110
880	111
881	112
882	104
883	117
884	112
885	111
886	103
887	110
888	119
889	108
890	109
891	114
892	109
893	97
894	125
895	110
896	107
897	109
898	117
899	123
900	115
901	94
902	109
903	109
904	118
905	97
906	92
907	94
908	123
909	126
910	121
911	125
912	108
913	97
914	105
915	110
916	121
917	128
918	122
919	101
920	125
921	127
922	125
923	102
924	123
925	107
926	99
927	114
928	110
929	127
930	107
931	127
932	94
933	102
934	100
935	115
936	112
937	106
938	108
939	112
940	114
941	102
942	112
943	119
944	93
945	124
946	105
947	107
948	108
949	112
950	117
951	111
952	119
953	112
954	113
955	105
956	103
957	107
958	101
959	110
960	104
961	105
962	100
963	136
964	103
965	100
966	107
967	125
968	104
969	109
970	111
971	130
972	98
973	119
974	107
975	104
976	96
977	117
978	95
979	110
980	97
981	139
982	91
983	105
984	108
985	108
986	111
987	105
988	111
989	114
990	108
991	105
992	106
993	112
994	107
995	108
996	98
997	99
998	123
999	90
1000	105
1001	107
1002	101
1003	115
1004	100
1005	115
1006	84
1007	113
1008	107
1009	97
1010	114
1011	109
1012	119
1013	106
1014	107
1015	97
1016	93
1017	90
1018	100
1019	107
1020	100
1021	124
1022	88
1023	101
1024	87
1025	111
1026	63
1027	100
1028	82
1029	81
1030	101
1031	106
1032	108
1033	116
1034	96
1035	99
1036	91
1037	100
1038	108
1039	94
1040	94
1041	85
1042	75
1043	88
1044	90
1045	87
1046	82
1047	93
1048	94
1049	104
1050	94
1051	90
1052	107
1053	94
1054	100
1055	74
1056	86
1057	76
1058	74
1059	87
1060	91
1061	91
1062	100
1063	95
1064	76
1065	80
1066	87
1067	83
1068	89
1069	86
1070	81
1071	94
1072	81
1073	76
1074	61
1075	74
1076	75
1077	87
1078	79
1079	85
1080	66
1081	83
1082	77
1083	78
1084	92
1085	87
1086	86
1087	70
1088	62
1089	87
1090	83
1091	92
1092	89
1093	69
1094	82
1095	82
1096	67
1097	57
1098	78
1099	73
1100	60
1101	84
1102	82
1103	89
1104	62
1105	57
1106	84
1107	71
1108	81
1109	67
1110	62
1111	69
1112	80
1113	57
1114	76
1115	70
1116	59
1117	78
1118	66
1119	69
1120	94
1121	79
1122	73
1123	89
1124	62
1125	62
1126	79
1127	66
1128	78
1129	58
1130	60
1131	78
1132	60
1133	80
1134	71
1135	70
1136	86
1137	80
1138	73
1139	71
1140	78
1141	63
1142	93
1143	71
1144	73
1145	56
1146	75
1147	75
1148	82
1149	60
1150	67
1151	66
1152	52
1153	62
1154	62
1155	57
1156	51
1157	65
1158	73
1159	52
1160	56
1161	65
1162	76
1163	64
1164	70
1165	67
1166	74
1167	58
1168	62
1169	63
1170	59
1171	54
1172	64
1173	70
1174	60
1175	68
1176	73
1177	67
1178	61
1179	56
1180	69
1181	62
1182	69
1183	56
1184	50
1185	56
1186	52
1187	66
1188	70
1189	58
1190	60
1191	62
1192	69
1193	63
1194	60
1195	60
1196	59
1197	75
1198	64
1199	61
1200	51
1201	65
1202	48
1203	62
1204	58
1205	60
1206	74
1207	68
1208	49
1209	44
1210	50
1211	65
1212	58
1213	55
1214	64
1215	58
1216	62
1217	62
1218	65
1219	67
1220	63
1221	57
1222	60
1223	60
1224	69
1225	65
1226	58
1227	54
1228	68
1229	60
1230	65
1231	63
1232	76
1233	61
1234	56
1235	64
1236	57
1237	67
1238	61
1239	51
1240	54
1241	55
1242	68
1243	55
1244	65
1245	61
1246	57
1247	67
1248	63
1249	57
1250	68
1251	58
1252	55
1253	56
1254	55
1255	50
1256	74
1257	48
1258	49
1259	57
1260	60
1261	57
1262	74
1263	63
1264	44
1265	60
1266	51
1267	58
1268	65
1269	57
1270	70
1271	72
1272	58
1273	61
1274	63
1275	53
1276	62
1277	49
1278	61
1279	52
1280	71
1281	56
1282	53
1283	52
1284	67
1285	64
1286	54
1287	67
1288	68
1289	57
1290	41
1291	72
1292	80
1293	63
1294	51
1295	62
1296	57
1297	67
1298	65
1299	72
1300	46
1301	50
1302	54
1303	45
1304	46
1305	62
1306	74
1307	58
1308	48
1309	67
1310	49
1311	62
1312	68
1313	79
1314	51
1315	64
1316	55
1317	63
1318	62
1319	69
1320	53
1321	62
1322	49
1323	66
1324	54
1325	52
1326	70
1327	56
1328	67
1329	73
1330	74
1331	68
1332	67
1333	65
1334	72
1335	46
1336	80
1337	74
1338	70
1339	65
1340	64
1341	79
1342	66
1343	67
1344	47
1345	66
1346	64
1347	68
1348	66
1349	78
1350	51
1351	58
1352	56
1353	78
1354	67
1355	63
1356	57
1357	74
1358	66
1359	65
1360	62
1361	79
1362	70
1363	62
1364	59
1365	70
1366	80
1367	71
1368	65
1369	74
1370	60
1371	62
1372	80
1373	76
1374	68
1375	68
1376	65
1377	65
1378	66
1379	69
1380	77
1381	63
1382	72
1383	47
1384	88
1385	55
1386	76
1387	69
1388	72
1389	81
1390	65
1391	82
1392	73
1393	84
1394	68
1395	69
1396	57
1397	73
1398	58
1399	77
1400	68
1401	64
1402	86
1403	73
1404	65
1405	58
1406	64
1407	68
1408	81
1409	68
1410	79
1411	65
1412	77
1413	67
1414	76
1415	73
1416	62
1417	79
1418	60
1419	66
1420	61
1421	72
1422	84
1423	65
1424	61
1425	72
1426	80
1427	69
1428	67
1429	77
1430	73
1431	66
1432	65
1433	84
1434	70
1435	70
1436	81
1437	83
1438	68
1439	84
1440	70
1441	66
1442	58
1443	81
1444	74
1445	70
1446	59
1447	83
1448	74
1449	76
1450	73
1451	85
1452	91
1453	74
1454	79
1455	59
1456	86
1457	97
1458	83
1459	69
1460	92
1461	74
1462	62
1463	103
1464	71
1465	75
1466	90
1467	74
1468	80
1469	88
1470	83
1471	68
1472	69
1473	78
1474	77
1475	82
1476	90
1477	76
1478	90
1479	74
1480	86
1481	76
1482	80
1483	90
1484	75
1485	77
1486	69
1487	85
1488	88
1489	85
1490	81
1491	99
1492	96
1493	102
1494	103
1495	82
1496	109
1497	95
1498	108
1499	109
1500	96
1501	100
1502	113
1503	120
1504	105
1505	103
1506	103
1507	111
1508	123
1509	111
1510	139
1511	139
1512	125
1513	124
1514	111
1515	150
1516	136
1517	144
1518	144
1519	140
1520	138
1521	129
1522	169
1523	174
1524	137
1525	167
1526	158
1527	176
1528	168
1529	152
1530	174
1531	163
1532	206
1533	185
1534	171
1535	202
1536	201
1537	173
1538	227
1539	194
1540	191
1541	194
1542	228
1543	184
1544	227
1545	240
1546	250
1547	226
1548	245
1549	222
1550	269
1551	266
1552	242
1553	280
1554	290
1555	251
1556	265
1557	302
1558	279
1559	309
1560	313
1561	295
1562	290
1563	323
1564	332
1565	317
1566	337
1567	358
1568	338
1569	362
1570	340
1571	365
1572	383
1573	377
1574	375
1575	396
1576	400
1577	366
1578	361
1579	410
1580	428
1581	404
1582	381
1583	403
1584	415
1585	437
1586	474
1587	458
1588	449
1589	447
1590	480
1591	459
1592	490
1593	469
1594	493
1595	482
1596	469
1597	518
1598	522
1599	519
1600	493
1601	551
1602	542
1603	515
1604	540
1605	582
1606	558
1607	568
1608	637
1609	529
1610	529
1611	573
1612	594
1613	573
1614	578
1615	558
1616	580
1617	578
1618	571
1619	597
1620	647
1621	589
1622	588
1623	646
1624	627
1625	618
1626	645
1627	637
1628	636
1629	651
1630	660
1631	629
1632	614
1633	623
1634	629
1635	641
1636	625
1637	649
1638	619
1639	656
1640	683
1641	622
1642	629
1643	642
1644	648
1645	643
1646	609
1647	633
1648	623
1649	617
1650	622
1651	619
1652	603
1653	628
1654	599
1655	599
1656	631
1657	588
1658	583
1659	653
1660	597
1661	620
1662	575
1663	553
1664	558
1665	562
1666	546
1667	594
1668	547
1669	528
1670	555
1671	526
1672	532
1673	552
1674	496
1675	478
1676	478
1677	531
1678	536
1679	494
1680	481
1681	502
1682	460
1683	446
1684	486
1685	446
1686	422
1687	441
1688	427
1689	428
1690	397
1691	410
1692	431
1693	399
1694	389
1695	381
1696	386
1697	344
1698	367
1699	352
1700	345
1701	338
1702	362
1703	341
1704	280
1705	342
1706	300
1707	290
1708	318
1709	317
1710	266
1711	311
1712	300
1713	261
1714	276
1715	251
1716	272
1717	257
1718	234
1719	238
1720	216
1721	225
1722	246
1723	216
1724	212
1725	212
1726	196
1727	183
1728	194
1729	182
1730	202
1731	190
1732	159
1733	150
1734	145
1735	178
1736	148
1737	150
1738	152
1739	133
1740	126
1741	142
1742	123
1743	118
1744	119
1745	119
1746	111
1747	98
1748	103
1749	108
1750	111
1751	122
1752	99
1753	87
1754	94
1755	89
1756	99
1757	88
1758	103
1759	90
1760	84
1761	74
1762	82
1763	83
1764	78
1765	64
1766	62
1767	71
1768	61
1769	71
1770	73
1771	83
1772	58
1773	78
1774	61
1775	50
1776	55
1777	49
1778	52
1779	54
1780	51
1781	52
1782	54
1783	66
1784	50
1785	40
1786	45
1787	44
1788	48
1789	52
1790	48
1791	48
1792	46
1793	31
1794	37
1795	35
1796	27
1797	36
1798	53
1799	46
1800	48
1801	36
1802	62
1803	48
1804	37
1805	38
1806	40
1807	47
1808	40
1809	31
1810	48
1811	48
1812	24
1813	37
1814	37
1815	36
1816	38
1817	45
1818	27
1819	33
1820	39
1821	34
1822	40
1823	33
1824	40
1825	34
1826	31
1827	34
1828	37
1829	33
1830	33
1831	38
1832	35
1833	32
1834	34
1835	35
1836	27
1837	34
1838	38
1839	26
1840	30
1841	28
1842	35
1843	32
1844	43
1845	32
1846	33
1847	25
1848	40
1849	43
1850	32
1851	36
1852	30
1853	38
1854	37
1855	34
1856	25
1857	31
1858	41
1859	34
1860	37
1861	50
1862	31
1863	41
1864	29
1865	44
1866	28
1867	40
1868	29
1869	40
1870	33
1871	41
1872	31
1873	30
1874	35
1875	32
1876	35
1877	36
1878	38
1879	39
1880	39
1881	49
1882	40
1883	34
1884	36
1885	32
1886	30
1887	24
1888	32
1889	33
1890	24
1891	36
1892	40
1893	39
1894	31
1895	27
1896	36
1897	40
1898	34
1899	29
1900	40
1901	40
1902	30
1903	47
1904	33
1905	29
1906	37
1907	35
1908	35
1909	31
1910	29
1911	21
1912	35
1913	45
1914	31
1915	41
1916	38
1917	38
1918	27
1919	37
1920	31
1921	31
1922	36
1923	27
1924	36
1925	36
1926	39
1927	39
1928	26
1929	33
1930	42
1931	31
1932	37
1933	36
1934	26
1935	32
1936	31
1937	32
1938	41
1939	31
1940	33
1941	18
1942	41
1943	30
1944	33
1945	32
1946	25
1947	35
1948	20
1949	33
1950	31
1951	34
1952	25
1953	30
1954	35
1955	29
1956	47
1957	32
1958	32
1959	37
1960	31
1961	36
1962	36
1963	28
1964	26
1965	28
1966	33
1967	31
1968	24
1969	42
1970	34
1971	39
1972	29
1973	38
1974	27
1975	29
1976	30
1977	30
1978	36
1979	25
1980	23
1981	38
1982	28
1983	28
1984	34
1985	39
1986	38
1987	18
1988	26
1989	32
1990	32
1991	31
1992	36
1993	41
1994	33
1995	26
1996	31
1997	22
1998	31
1999	36
2000	24
2001	35
2002	31
2003	38
2004	34
2005	36
2006	36
2007	33
2008	38
2009	27
2010	36
2011	46
2012	28
2013	26
2014	29
2015	30
2016	33
2017	33
2018	43
2019	44
2020	37
2021	29
2022	38
2023	35
2024	26
2025	27
2026	21
2027	29
2028	28
2029	34
2030	33
2031	32
2032	28
2033	33
2034	36
2035	28
2036	41
2037	29
2038	34
2039	28
2040	29
2041	35
2042	32
2043	37
2044	37
2045	20
2046	26
2047	37
2048	44
2049	42
2050	33
2051	37
2052	16
2053	31
2054	33
2055	40
2056	27
2057	28
2058	30
2059	28
2060	34
2061	40
2062	35
2063	26
2064	29
2065	40
2066	31
2067	34
2068	28
2069	38
2070	37
2071	33
2072	38
2073	35
2074	36
2075	35
2076	36
2077	28
2078	34
2079	36
2080	41
2081	41
2082	35
2083	34
2084	29
2085	14
2086	36
2087	37
2088	26
2089	24
2090	37
2091	29
2092	26
2093	31
2094	31
2095	34
2096	35
2097	33
2098	31
2099	27
2100	42
2101	36
2102	33
2103	22
2104	29
2105	31
2106	31
2107	30
2108	34
2109	37
2110	27
2111	27
2112	24
2113	27
2114	38
2115	40
2116	29
2117	45
2118	30
2119	27
2120	34
2121	35
2122	31
2123	46
2124	34
2125	35
2126	33
2127	33
2128	41
2129	32
2130	24
2131	36
2132	28
2133	37
2134	27
2135	33
2136	34
2137	33
2138	33
2139	28
2140	45
2141	32
2142	30
2143	29
2144	35
2145	34
2146	43
2147	25
2148	34
2149	29
2150	30
2151	28
2152	31
2153	38
2154	32
2155	29
2156	37
2157	41
2158	34
2159	41
2160	31
2161	31
2162	38
2163	39
2164	30
2165	26
2166	30
2167	26
2168	33
2169	19
2170	48
2171	28
2172	37
2173	30
2174	36
2175	20
2176	27
2177	31
2178	33
2179	22
2180	27
2181	37
2182	24
2183	27
2184	35
2185	35
2186	34
2187	35
2188	26
2189	17
2190	38
2191	25
2192	34
2193	33
2194	33
2195	37
2196	28
2197	30
2198	23
2199	26
2200	25
2201	27
2202	23
2203	31
2204	33
2205	36
2206	31
2207	26
2208	26
2209	30
2210	25
2211	35
2212	32
2213	32
2214	26
2215	31
2216	31
2217	21
2218	33
2219	26
2220	24
2221	21
2222	26
2223	35
2224	31
2225	32
2226	35
2227	36
2228	44
2229	26
2230	26
2231	36
2232	31
2233	35
2234	28
2235	28
2236	36
2237	19
2238	33
2239	35
2240	21
2241	30
2242	25
2243	28
2244	16
2245	27
2246	35
2247	44
2248	20
2249	31
2250	30
2251	31
2252	27
2253	17
2254	36
2255	29
2256	35
2257	40
2258	31
2259	33
2260	31
2261	39
2262	32
2263	29
2264	30
2265	36
2266	35
2267	37
2268	27
2269	30
2270	30
2271	32
2272	30
2273	33
2274	28
2275	40
2276	31
2277	35
2278	31
2279	31
2280	33
2281	30
2282	36
2283	38
2284	24
2285	33
2286	29
2287	32
2288	39
2289	38
2290	36
2291	28
2292	45
2293	30
2294	27
2295	31
2296	27
2297	29
2298	31
2299	31
2300	32
2301	42
2302	28
2303	28
2304	30
2305	27
2306	29
2307	41
2308	33
2309	36
2310	27
2311	34
2312	22
2313	33
2314	28
2315	29
2316	40
2317	40
2318	27
2319	32
2320	23
2321	40
2322	29
2323	33
2324	28
2325	39
2326	24
2327	25
2328	32
2329	21
2330	31
2331	26
2332	34
2333	29
2334	31
2335	30
2336	28
2337	33
2338	22
2339	26
2340	34
2341	24
2342	27
2343	32
2344	39
2345	29
2346	36
2347	32
2348	24
2349	37
2350	29
2351	23
2352	18
2353	34
2354	37
2355	24
2356	30
2357	43
2358	34
2359	40
2360	28
2361	36
2362	25
2363	29
2364	28
2365	28
2366	28
2367	32
2368	42
2369	42
2370	30
2371	23
2372	32
2373	26
2374	26
2375	36
2376	31
2377	25
2378	29
2379	31
2380	27
2381	32
2382	27
2383	29
2384	36
2385	23
2386	25
2387	26
2388	38
2389	21
2390	35
2391	30
2392	28
2393	33
2394	32
2395	33
2396	23
2397	22
2398	20
2399	29
2400	33
2401	37
2402	32
2403	45
2404	33
2405	36
2406	29
2407	35
2408	37
2409	29
2410	36
2411	31
2412	34
2413	37
2414	20
2415	28
2416	37
2417	24
2418	34
2419	38
2420	38
2421	34
2422	29
2423	36
2424	30
2425	28
2426	33
2427	23
2428	30
2429	39
2430	37
2431	34
2432	40
2433	30
2434	22
2435	29
2436	29
2437	33
2438	36
2439	28
2440	45
2441	32
2442	29
2443	29
2444	35
2445	32
2446	31
2447	30
2448	31
2449	30
2450	32
2451	37
2452	36
2453	27
2454	27
2455	33
2456	37
2457	34
2458	30
2459	25
2460	30
2461	30
2462	30
2463	36
2464	35
2465	39
2466	27
2467	33
2468	42
2469	27
2470	27
2471	36
2472	37
2473	28
2474	36
2475	30
2476	49
2477	28
2478	24
2479	34
2480	20
2481	40
2482	43
2483	34
2484	29
2485	31
2486	27
2487	31
2488	29
2489	28
2490	32
2491	31
2492	28
2493	27
2494	25
2495	32
2496	30
2497	30
2498	32
2499	32
2500	34
2501	25
2502	27
2503	31
2504	29
2505	33
2506	29
2507	32
2508	34
2509	28
2510	26
2511	37
2512	25
2513	23
2514	32
2515	28
2516	33
2517	39
2518	31
2519	26
2520	39
2521	44
2522	37
2523	26
2524	32
2525	33
2526	33
2527	29
2528	30
2529	31
2530	31
2531	28
2532	43
2533	26
2534	23
2535	37
2536	31
2537	27
2538	34
2539	33
2540	38
2541	31
2542	27
2543	32
2544	35
2545	35
2546	45
2547	23
2548	29
2549	28
2550	27
2551	31
2552	28
2553	24
2554	31
2555	29
2556	23
2557	23
2558	30
2559	31
2560	27
2561	38
2562	31
2563	31
2564	38
2565	25
2566	28
2567	23
2568	33
2569	29
2570	30
2571	34
2572	20
2573	32
2574	32
2575	31
2576	25
2577	40
2578	28
2579	25
2580	29
2581	33
2582	28
2583	29
2584	33
2585	25
2586	35
2587	21
2588	42
2589	38
2590	42
2591	41
2592	36
2593	25
2594	24
2595	33
2596	30
2597	26
2598	36
2599	31
2600	37
2601	45
2602	31
2603	24
2604	30
2605	28
2606	39
2607	32
2608	23
2609	28
2610	28
2611	36
2612	35
2613	36
2614	20
2615	32
2616	28
2617	33
2618	24
2619	31
2620	24
2621	38
2622	36
2623	32
2624	29
2625	24
2626	32
2627	28
2628	28
2629	28
2630	33
2631	36
2632	29
2633	24
2634	35
2635	50
2636	31
2637	33
2638	32
2639	25
2640	43
2641	30
2642	26
2643	38
2644	21
2645	29
2646	28
2647	28
2648	32
2649	35
2650	35
2651	23
2652	35
2653	28
2654	37
2655	25
2656	23
2657	30
2658	29
2659	24
2660	34
2661	27
2662	32
2663	32
2664	40
2665	21
2666	30
2667	36
2668	33
2669	39
2670	21
2671	38
2672	24
2673	31
2674	36
2675	27
2676	31
2677	28
2678	29
2679	34
2680	40
2681	37
2682	31
2683	33
2684	42
2685	33
2686	23
2687	26
2688	26
2689	33
2690	37
2691	31
2692	38
2693	38
2694	35
2695	36
2696	34
2697	32
2698	27
2699	24
2700	33
2701	43
2702	33
2703	33
2704	28
2705	32
2706	30
2707	35
2708	32
2709	36
2710	37
2711	28
2712	36
2713	34
2714	27
2715	23
2716	31
2717	23
2718	23
2719	37
2720	28
2721	35
2722	33
2723	30
2724	27
2725	28
2726	35
2727	35
2728	27
2729	35
2730	34
2731	24
2732	32
2733	23
2734	26
2735	25
2736	29
2737	32
2738	38
2739	30
2740	30
2741	40
2742	30
2743	40
2744	37
2745	32
2746	33
2747	38
2748	20
2749	28
2750	31
2751	30
2752	35
2753	25
2754	28
2755	26
2756	30
2757	35
2758	22
2759	35
2760	30
2761	37
2762	32
2763	41
2764	33
2765	27
2766	37
2767	32
2768	39
2769	29
2770	34
2771	29
2772	31
2773	40
2774	32
2775	43
2776	42
2777	34
2778	25
2779	17
2780	27
2781	22
2782	31
2783	35
2784	28
2785	30
2786	38
2787	37
2788	27
2789	25
2790	32
2791	26
2792	38
2793	25
2794	34
2795	40
2796	36
2797	33
2798	34
2799	39
2800	30
2801	32
2802	25
2803	39
2804	30
2805	31
2806	23
2807	34
2808	25
2809	21
2810	37
2811	26
2812	35
2813	36
2814	24
2815	30
2816	33
2817	35
2818	26
2819	32
2820	36
2821	34
2822	30
2823	28
2824	28
2825	34
2826	38
2827	31
2828	38
2829	38
2830	28
2831	28
2832	23
2833	29
2834	29
2835	24
2836	33
2837	35
2838	31
2839	31
2840	30
2841	33
2842	36
2843	29
2844	31
2845	33
2846	29
2847	29
2848	39
2849	32
2850	43
2851	32
2852	27
2853	36
2854	33
2855	32
2856	29
2857	40
2858	29
2859	23
2860	31
2861	26
2862	30
2863	39
2864	34
2865	31
2866	17
2867	41
2868	35
2869	37
2870	32
2871	34
2872	32
2873	30
2874	28
2875	35
2876	29
2877	52
2878	40
2879	33
2880	29
2881	28
2882	47
2883	33
2884	33
2885	30
2886	40
2887	23
2888	35
2889	24
2890	31
2891	31
2892	39
2893	37
2894	34
2895	36
2896	30
2897	26
2898	39
2899	30
2900	39
2901	36
2902	36
2903	30
2904	29
2905	31
2906	29
2907	42
2908	43
2909	44
2910	33
2911	30
2912	37
2913	32
2914	30
2915	33
2916	27
2917	33
2918	37
2919	31
2920	31
2921	34
2922	34
2923	32
2924	40
2925	37
2926	27
2927	32
2928	40
2929	37
2930	17
2931	29
2932	27
2933	25
2934	33
2935	24
2936	39
2937	28
2938	36
2939	37
2940	28
2941	38
2942	23
2943	32
2944	32
2945	27
2946	28
2947	35
2948	32
2949	20
2950	32
2951	26
2952	22
2953	38
2954	28
2955	48
2956	30
2957	28
2958	36
2959	40
2960	37
2961	42
2962	33
2963	37
2964	40
2965	43
2966	36
2967	34
2968	43
2969	29
2970	28
2971	34
2972	27
2973	26
2974	23
2975	37
2976	38
2977	31
2978	37
2979	31
2980	33
2981	32
2982	43
2983	39
2984	38
2985	30
2986	31
2987	36
2988	34
2989	33
2990	30
2991	34
2992	31
2993	38
2994	32
2995	24
2996	27
2997	32
2998	37
2999	27
3000	42
3001	33
3002	44
3003	36
3004	24
3005	42
3006	39
3007	39
3008	37
3009	41
3010	32
3011	43
3012	33
3013	45
3014	32
3015	37
3016	34
3017	29
3018	34
3019	32
3020	45
3021	33
3022	33
3023	36
3024	39
3025	25
3026	35
3027	32
3028	30
3029	32
3030	30
3031	31
3032	38
3033	36
3034	40
3035	30
3036	34
3037	31
3038	34
3039	25
3040	39
3041	37
3042	34
3043	32
3044	37
3045	36
3046	42
3047	53
3048	33
3049	40
3050	26
3051	36
3052	30
3053	30
3054	33
3055	40
3056	36
3057	31
3058	31
3059	33
3060	31
3061	35
3062	33
3063	33
3064	31
3065	30
3066	37
3067	31
3068	36
3069	31
3070	40
3071	41
3072	36
3073	31
3074	40
3075	26
3076	37
3077	35
3078	37
3079	44
3080	40
3081	41
3082	29
3083	33
3084	37
3085	33
3086	29
3087	41
3088	28
3089	40
3090	29
3091	26
3092	29
3093	24
3094	28
3095	46
3096	32
3097	21
3098	32
3099	23
3100	33
3101	34
3102	28
3103	34
3104	33
3105	38
3106	39
3107	33
3108	46
3109	38
3110	29
3111	20
3112	42
3113	33
3114	34
3115	41
3116	38
3117	31
3118	33
3119	46
3120	26
3121	28
3122	33
3123	48
3124	29
3125	33
3126	39
3127	27
3128	34
3129	31
3130	34
3131	32
3132	36
3133	25
3134	31
3135	35
3136	30
3137	37
3138	20
3139	35
3140	35
3141	26
3142	30
3143	29
3144	41
3145	35
3146	37
3147	46
3148	31
3149	41
3150	40
3151	30
3152	22
3153	31
3154	38
3155	33
3156	16
3157	25
3158	28
3159	28
3160	37
3161	40
3162	32
3163	28
3164	23
3165	30
3166	33
3167	37
3168	35
3169	31
3170	31
3171	37
3172	24
3173	34
3174	32
3175	27
3176	29
3177	23
3178	26
3179	26
3180	41
3181	30
3182	26
3183	22
3184	23
3185	19
3186	38
3187	25
3188	24
3189	37
3190	30
3191	28
3192	26
3193	30
3194	25
3195	40
3196	26
3197	26
3198	34
3199	29
3200	36
3201	21
3202	40
3203	35
3204	22
3205	35
3206	37
3207	27
3208	27
3209	36
3210	18
3211	19
3212	29
3213	32
3214	29
3215	24
3216	21
3217	31
3218	22
3219	26
3220	28
3221	22
3222	29
3223	27
3224	21
3225	23
3226	18
3227	21
3228	26
3229	13
3230	23
3231	29
3232	25
3233	36
3234	22
3235	20
3236	29
3237	27
3238	28
3239	21
3240	29
3241	21
3242	33
3243	31
3244	20
3245	19
3246	16
3247	22
3248	23
3249	28
3250	33
3251	17
3252	20
3253	27
3254	25
3255	22
3256	12
3257	28
3258	28
3259	28
3260	19
3261	18
3262	24
3263	13
3264	18
3265	20
3266	20
3267	22
3268	26
3269	18
3270	21
3271	27
3272	30
3273	23
3274	15
3275	29
3276	24
3277	16
3278	19
3279	24
3280	30
3281	25
3282	21
3283	17
3284	17
3285	30
3286	24
3287	18
3288	20
3289	19
3290	20
3291	19
3292	16
3293	24
3294	19
3295	22
3296	26
3297	31
3298	25
3299	20
3300	13
3301	13
3302	18
3303	15
3304	17
3305	30
3306	28
3307	17
3308	14
3309	23
3310	24
3311	10
3312	18
3313	10
3314	25
3315	24
3316	19
3317	27
3318	18
3319	17
3320	19
3321	16
3322	19
3323	19
3324	13
3325	15
3326	17
3327	13
3328	20
3329	18
3330	14
3331	24
3332	18
3333	11
3334	16
3335	21
3336	15
3337	14
3338	18
3339	18
3340	26
3341	22
3342	5
3343	10
3344	16
3345	13
3346	18
3347	21
3348	16
3349	16
3350	16
3351	14
3352	13
3353	12
3354	16
3355	13
3356	11
3357	14
3358	16
3359	11
3360	10
3361	10
3362	9
3363	5
3364	13
3365	11
3366	9
3367	9
3368	18
3369	11
3370	6
3371	12
3372	15
3373	10
3374	15
3375	20
3376	15
3377	8
3378	8
3379	24
3380	22
3381	13
3382	16
3383	12
3384	10
3385	13
3386	9
3387	13
3388	6
3389	13
3390	14
3391	12
3392	19
3393	14
3394	12
3395	17
3396	12
3397	19
3398	15
3399	14
3400	11
3401	7
3402	17
3403	14
3404	14
3405	16
3406	16
3407	15
3408	10
3409	20
3410	6
3411	10
3412	13
3413	16
3414	15
3415	12
3416	14
3417	19
3418	18
3419	8
3420	6
3421	16
3422	11
3423	16
3424	10
3425	7
3426	12
3427	13
3428	7
3429	12
3430	12
3431	13
3432	17
3433	11
3434	9
3435	11
3436	11
3437	11
3438	8
3439	12
3440	10
3441	13
3442	11
3443	17
3444	10
3445	11
3446	11
3447	13
3448	8
3449	12
3450	12
3451	9
3452	12
3453	8
3454	13
3455	9
3456	14
3457	10
3458	14
3459	10
3460	5
3461	8
3462	8
3463	9
3464	10
3465	14
3466	10
3467	13
3468	10
3469	6
3470	15
3471	12
3472	15
3473	12
3474	15
3475	12
3476	11
3477	13
3478	11
3479	8
3480	8
3481	11
3482	8
3483	14
3484	8
3485	6
3486	8
3487	16
3488	12
3489	10
3490	9
3491	9
3492	11
3493	15
3494	11
3495	3
3496	12
3497	12
3498	6
3499	10
3500	11
3501	9
3502	3
3503	9
3504	7
3505	18
3506	13
3507	11
3508	8
3509	16
3510	12
3511	12
3512	9
3513	5
3514	8
3515	6
3516	5
3517	8
3518	11
3519	15
3520	8
3521	13
3522	6
3523	10
3524	8
3525	9
3526	7
3527	7
3528	8
3529	13
3530	5
3531	8
3532	7
3533	13
3534	16
3535	11
3536	5
3537	8
3538	9
3539	12
3540	8
3541	8
3542	7
3543	9
3544	7
3545	6
3546	6
3547	14
3548	4
3549	9
3550	9
3551	6
3552	8
3553	11
3554	9
3555	8
3556	10
3557	5
3558	6
3559	11
3560	5
3561	6
3562	11
3563	4
3564	10
3565	6
3566	15
3567	6
3568	16
3569	11
3570	10
3571	6
3572	8
3573	6
3574	6
3575	9
3576	11
3577	9
3578	6
3579	6
3580	7
3581	6
3582	9
3583	12
3584	4
3585	4
3586	8
3587	7
3588	12
3589	14
3590	10
3591	13
3592	8
3593	9
3594	12
3595	6
3596	4
3597	12
3598	5
3599	9
3600	9
3601	5
3602	4
3603	6
3604	7
3605	11
3606	11
3607	14
3608	11
3609	10
3610	10
3611	8
3612	9
3613	8
3614	6
3615	9
3616	12
3617	10
3618	6
3619	10
3620	6
3621	6
3622	4
3623	12
3624	4
3625	10
3626	5
3627	7
3628	8
3629	9
3630	4
3631	6
3632	10
3633	6
3634	4
3635	11
3636	8
3637	10
3638	7
3639	9
3640	7
3641	13
3642	7
3643	9
3644	8
3645	8
3646	9
3647	3
3648	7
3649	10
3650	7
3651	8
3652	9
3653	7
3654	5
3655	3
3656	3
3657	6
3658	12
3659	4
3660	6
3661	7
3662	17
3663	8
3664	7
3665	9
3666	10
3667	8
3668	10
3669	5
3670	14
3671	7
3672	13
3673	7
3674	9
3675	4
3676	8
3677	9
3678	10
3679	11
3680	7
3681	7
3682	6
3683	7
3684	12
3685	6
3686	9
3687	5
3688	12
3689	10
3690	7
3691	11
3692	11
3693	8
3694	8
3695	6
3696	10
3697	11
3698	10
3699	8
3700	12
3701	7
3702	12
3703	5
3704	16
3705	8
3706	18
3707	10
3708	7
3709	9
3710	12
3711	8
3712	10
3713	8
3714	13
3715	11
3716	9
3717	10
3718	10
3719	10
3720	13
3721	15
3722	9
3723	12
3724	7
3725	14
3726	12
3727	14
3728	18
3729	23
3730	9
3731	5
3732	10
3733	11
3734	17
3735	12
3736	15
3737	16
3738	10
3739	11
3740	20
3741	15
3742	14
3743	11
3744	19
3745	16
3746	13
3747	22
3748	15
3749	15
3750	13
3751	33
3752	14
3753	15
3754	21
3755	15
3756	16
3757	15
3758	16
3759	16
3760	18
3761	23
3762	16
3763	14
3764	22
3765	26
3766	20
3767	17
3768	15
3769	20
3770	17
3771	22
3772	19
3773	19
3774	24
3775	26
3776	27
3777	12
3778	25
3779	24
3780	20
3781	27
3782	17
3783	23
3784	21
3785	25
3786	35
3787	28
3788	28
3789	39
3790	36
3791	32
3792	27
3793	27
3794	21
3795	32
3796	44
3797	26
3798	31
3799	31
3800	31
3801	39
3802	30
3803	37
3804	47
3805	35
3806	47
3807	31
3808	31
3809	41
3810	41
3811	46
3812	41
3813	27
3814	45
3815	30
3816	43
3817	44
3818	32
3819	47
3820	47
3821	46
3822	33
3823	49
3824	28
3825	49
3826	42
3827	62
3828	34
3829	36
3830	41
3831	48
3832	37
3833	45
3834	66
3835	51
3836	61
3837	68
3838	61
3839	43
3840	59
3841	45
3842	54
3843	49
3844	45
3845	66
3846	62
3847	68
3848	51
3849	58
3850	59
3851	61
3852	67
3853	59
3854	71
3855	63
3856	78
3857	65
3858	76
3859	73
3860	64
3861	59
3862	82
3863	49
3864	78
3865	79
3866	66
3867	83
3868	72
3869	69
3870	78
3871	63
3872	77
3873	83
3874	82
3875	79
3876	82
3877	83
3878	97
3879	94
3880	73
3881	97
3882	113
3883	87
3884	94
3885	90
3886	105
3887	83
3888	106
3889	100
3890	94
3891	71
3892	97
3893	100
3894	92
3895	101
3896	116
3897	88
3898	96
3899	96
3900	114
3901	104
3902	105
3903	85
3904	111
3905	108
3906	107
3907	121
3908	99
3909	96
3910	115
3911	101
3912	111
3913	117
3914	123
3915	142
3916	102
3917	111
3918	114
3919	107
3920	119
3921	132
3922	121
3923	118
3924	126
3925	126
3926	103
3927	106
3928	126
3929	125
3930	111
3931	135
3932	117
3933	134
3934	141
3935	127
3936	96
3937	139
3938	137
3939	105
3940	123
3941	137
3942	126
3943	124
3944	124
3945	111
3946	141
3947	116
3948	144
3949	135
3950	115
3951	119
3952	145
3953	146
3954	145
3955	176
3956	129
3957	143
3958	145
3959	136
3960	147
3961	163
3962	134
3963	153
3964	151
3965	124
3966	128
3967	141
3968	134
3969	135
3970	133
3971	141
3972	144
3973	114
3974	153
3975	151
3976	148
3977	161
3978	142
3979	141
3980	127
3981	137
3982	152
3983	129
3984	133
3985	157
3986	142
3987	136
3988	133
3989	117
3990	149
3991	125
3992	131
3993	143
3994	126
3995	134
3996	150
3997	136
3998	118
3999	143
4000	155
4001	134
4002	114
4003	137
4004	144
4005	145
4006	129
4007	125
4008	136
4009	139
4010	129
4011	110
4012	142
4013	161
4014	129
4015	137
4016	131
4017	134
4018	126
4019	155
4020	130
4021	142
4022	148
4023	138
4024	132
4025	113
4026	130
4027	110
4028	133
4029	112
4030	142
4031	112
4032	121
4033	133
4034	134
4035	123
4036	106
4037	119
4038	129
4039	99
4040	115
4041	110
4042	122
4043	127
4044	118
4045	121
4046	111
4047	109
4048	110
4049	115
4050	109
4051	102
4052	114
4053	92
4054	95
4055	110
4056	118
4057	113
4058	114
4059	107
4060	98
4061	93
4062	121
4063	92
4064	107
4065	99
4066	110
4067	85
4068	93
4069	100
4070	104
4071	90
4072	86
4073	109
4074	98
4075	98
4076	88
4077	81
4078	92
4079	78
4080	87
4081	88
4082	64
4083	77
4084	73
4085	81
4086	84
4087	75
4088	80
4089	73
4090	92
4091	80
4092	65
4093	83
4094	79
4095	79
4096	70
4097	64
4098	80
4099	75
4100	59
4101	70
4102	65
4103	68
4104	47
4105	58
4106	61
4107	70
4108	57
4109	62
4110	71
4111	52
4112	62
4113	62
4114	55
4115	58
4116	54
4117	60
4118	54
4119	52
4120	62
4121	43
4122	49
4123	54
4124	58
4125	52
4126	42
4127	50
4128	46
4129	32
4130	37
4131	47
4132	41
4133	43
4134	50
4135	40
4136	40
4137	42
4138	45
4139	51
4140	63
4141	45
4142	39
4143	45
4144	37
4145	38
4146	41
4147	25
4148	33
4149	31
4150	44
4151	29
4152	27
4153	43
4154	31
4155	29
4156	26
4157	29
4158	32
4159	29
4160	28
4161	30
4162	29
4163	20
4164	37
4165	23
4166	28
4167	23
4168	21
4169	27
4170	33
4171	32
4172	26
4173	16
4174	18
4175	21
4176	24
4177	17
4178	11
4179	20
4180	25
4181	26
4182	23
4183	21
4184	14
4185	18
4186	22
4187	20
4188	25
4189	21
4190	12
4191	27
4192	22
4193	10
4194	20
4195	21
4196	18
4197	15
4198	17
4199	10
4200	16
4201	9
4202	14
4203	16
4204	8
4205	15
4206	10
4207	6
4208	10
4209	16
4210	9
4211	7
4212	12
4213	13
4214	12
4215	5
4216	11
4217	11
4218	10
4219	7
4220	3
4221	5
4222	12
4223	9
4224	4
4225	10
4226	11
4227	6
4228	17
4229	11
4230	6
4231	7
4232	7
4233	7
4234	10
4235	7
4236	6
4237	6
4238	6
4239	6
4240	7
4241	5
4242	3
4243	9
4244	8
4245	2
4246	8
4247	5
4248	8
4249	4
4250	3
4251	1
4252	7
4253	6
4254	7
4255	9
4256	2
4257	6
4258	9
4259	3
4260	6
4261	8
4262	3
4263	7
4264	1
4265	6
4266	2
4267	5
4268	4
4269	4
4270	0
4271	3
4272	4
4273	2
4274	7
4275	3
4276	2
4277	4
4278	5
4279	1
4280	1
4281	3
4282	3
4283	3
4284	5
4285	2
4286	1
4287	4
4288	5
4289	4
4290	2
4291	5
4292	4
4293	6
4294	3
4295	1
4296	3
4297	4
4298	3
4299	3
4300	2
4301	1
4302	2
4303	3
4304	0
4305	0
4306	4
4307	4
4308	4
4309	2
4310	4
4311	2
4312	4
4313	4
4314	0
4315	3
4316	4
4317	2
4318	0
4319	1
4320	2
4321	2
4322	3
4323	4
4324	2
4325	1
4326	4
4327	4
4328	2
4329	3
4330	4
4331	3
4332	0
4333	1
4334	2
4335	1
4336	3
4337	1
4338	3
4339	0
4340	4
4341	2
4342	1
4343	2
4344	3
4345	6
4346	2
4347	3
4348	3
4349	1
4350	0
4351	5
4352	2
4353	2
4354	3
4355	2
4356	2
4357	0
4358	3
4359	1
4360	3
4361	3
4362	2
4363	1
4364	3
4365	3
4366	1
4367	4
4368	0
4369	0
4370	1
4371	4
4372	2
4373	4
4374	6
4375	2
4376	10
4377	3
4378	2
4379	3
4380	5
4381	5
4382	1
4383	4
4384	4
4385	4
4386	2
4387	1
4388	2
4389	3
4390	3
4391	1
4392	2
4393	3
4394	0
4395	2
4396	2
4397	1
4398	0
4399	3
4400	2
4401	5
4402	1
4403	1
4404	1
4405	1
4406	1
4407	1
4408	2
4409	3
4410	1
4411	0
4412	1
4413	4
4414	3
4415	1
4416	1
4417	0
4418	3
4419	0
4420	5
4421	3
4422	0
4423	1
4424	2
4425	0
4426	2
4427	1
4428	0
4429	2
4430	1
4431	3
4432	2
4433	0
4434	0
4435	6
4436	3
4437	2
4438	2
4439	1
4440	2
4441	3
4442	3
4443	3
4444	3
4445	3
4446	4
4447	2
4448	1
4449	3
4450	3
4451	1
4452	1
4453	2
4454	4
4455	5
4456	1
4457	4
4458	4
4459	4
4460	5
4461	5
4462	2
4463	2
4464	6
4465	3
4466	3
4467	2
4468	3
4469	3
4470	7
4471	4
4472	4
4473	1
4474	1
4475	4
4476	0
4477	2
4478	1
4479	6
4480	5
4481	2
4482	4
4483	6
4484	2
4485	4
4486	2
4487	2
4488	3
4489	4
4490	4
4491	4
4492	1
4493	2
4494	4
4495	4
4496	5
4497	4
4498	3
4499	0
4500	2
4501	3
4502	5
4503	2
4504	2
4505	3
4506	8
4507	4
4508	5
4509	4
4510	2
4511	5
4512	3
4513	2
4514	3
4515	2
4516	4
4517	3
4518	0
4519	3
4520	1
4521	1
4522	2
4523	2
4524	5
4525	2
4526	6
4527	1
4528	3
4529	0
4530	4
4531	8
4532	1
4533	6
4534	4
4535	1
4536	3
4537	3
4538	4
4539	4
4540	5
4541	3
4542	2
4543	2
4544	5
4545	3
4546	4
4547	2
4548	5
4549	6
4550	1
4551	2
4552	2
4553	7
4554	2
4555	2
4556	1
4557	7
4558	3
4559	5
4560	2
4561	2
4562	0
4563	5
4564	2
4565	3
4566	4
4567	5
4568	4
4569	2
4570	6
4571	6
4572	2
4573	2
4574	1
4575	3
4576	4
4577	5
4578	4
4579	3
4580	4
4581	3
4582	3
4583	2
4584	3
4585	7
4586	7
4587	5
4588	8
4589	7
4590	5
4591	2
4592	3
4593	4
4594	7
4595	2
4596	2
4597	1
4598	3
4599	3
4600	4
4601	2
4602	4
4603	1
4604	2
4605	5
4606	5
4607	6
4608	3
4609	2
4610	5
4611	3
4612	2
4613	3
4614	2
4615	3
4616	3
4617	4
4618	1
4619	4
4620	2
4621	3
4622	3
4623	5
4624	4
4625	1
4626	3
4627	4
4628	3
4629	2
4630	1
4631	4
4632	4
4633	2
4634	3
4635	3
4636	1
4637	3
4638	5
4639	1
4640	4
4641	4
4642	2
4643	3
4644	4
4645	2
4646	5
4647	2
4648	0
4649	3
4650	5
4651	0
4652	2
4653	3
4654	1
4655	5
4656	5
4657	3
4658	2
4659	3
4660	3
4661	3
4662	6
4663	5
4664	3
4665	2
4666	5
4667	2
4668	3
4669	4
4670	3
4671	8
4672	3
4673	2
4674	1
4675	2
4676	4
4677	1
4678	5
4679	2
4680	1
4681	2
4682	1
4683	4
4684	1
4685	5
4686	2
4687	1
4688	1
4689	1
4690	1
4691	5
4692	2
4693	0
4694	5
4695	1
4696	3
4697	2
4698	3
4699	1
4700	1
4701	3
4702	3
4703	1
4704	2
4705	2
4706	3
4707	1
4708	2
4709	2
4710	2
4711	0
4712	4
4713	2
4714	1
4715	2
4716	0
4717	2
4718	1
4719	0
4720	2
4721	2
4722	0
4723	4
4724	1
4725	1
4726	0
4727	1
4728	1
4729	1
4730	0
4731	1
4732	1
4733	0
4734	0
4735	1
4736	2
4737	0
4738	1
4739	2
4740	0
4741	4
4742	0
4743	1
4744	1
4745	0
4746	1
4747	1
4748	1
4749	0
4750	0
4751	0
4752	0
4753	0
4754	1
4755	1
4756	1
4757	2
4758	0
4759	2
4760	1
4761	2
4762	1
4763	1
4764	3
4765	0
4766	1
4767	1
4768	0
4769	1
4770	0
4771	1
4772	1
4773	2
4774	2
4775	0
4776	0
4777	2
4778	0
4779	0
4780	2
4781	0
4782	2
4783	1
4784	2
4785	2
4786	1
4787	1
4788	2
4789	0
4790	2
4791	0
4792	0
4793	0
4794	1
4795	1
4796	2
4797	2
4798	1
4799	1
4800	0
4801	1
4802	0
4803	2
4804	0
4805	1
4806	1
4807	1
4808	2
4809	1
4810	0
4811	0
4812	1
4813	2
4814	0
4815	0
4816	1
4817	2
4818	0
4819	1
4820	1
4821	0
4822	0
4823	1
4824	1
4825	0
4826	0
4827	0
4828	2
4829	0
4830	1
4831	2
4832	1
4833	1
4834	0
4835	0
4836	1
4837	1
4838	2
4839	1
4840	0
4841	0
4842	1
4843	2
4844	1
4845	2
4846	0
4847	0
4848	2
4849	2
4850	0
4851	0
4852	0
4853	0
4854	1
4855	1
4856	0
4857	1
4858	1
4859	0
4860	0
4861	1
4862	2
4863	0
4864	1
4865	0
4866	0
4867	0
4868	1
4869	1
4870	3
4871	1
4872	0
4873	0
4874	3
4875	1
4876	0
4877	0
4878	0
4879	1
4880	2
4881	1
4882	0
4883	1
4884	0
4885	0
4886	3
4887	3
4888	1
4889	0
4890	1
4891	1
4892	1
4893	1
4894	0
4895	2
4896	0
4897	1
4898	1
4899	3
4900	1
4901	1
4902	3
4903	0
4904	1
4905	3
4906	0
4907	3
4908	1
4909	1
4910	1
4911	0
4912	1
4913	0
4914	1
4915	2
4916	2
4917	1
4918	1
4919	1
4920	0
4921	1
4922	0
4923	2
4924	0
4925	1
4926	0
4927	0
4928	0
4929	0
4930	1
4931	0
4932	1
4933	0
4934	0
4935	1
4936	0
4937	0
4938	1
4939	0
4940	0
4941	0
4942	0
4943	2
4944	0
4945	2
4946	1
4947	1
4948	0
4949	0
4950	1
4951	0
4952	1
4953	1
4954	3
4955	0
4956	2
4957	0
4958	1
4959	1
4960	1
4961	0
4962	1
4963	0
4964	1
4965	0
4966	0
4967	0
4968	0
4969	1
4970	1
4971	0
4972	1
4973	1
4974	3
4975	2
4976	0
4977	0
4978	1
4979	3
4980	0
4981	0
4982	2
4983	0
4984	2
4985	0
4986	0
4987	0
4988	2
4989	1
4990	1
4991	0
4992	0
4993	1
4994	0
4995	0
4996	1
4997	0
4998	1
4999	1
5000	0
5001	1
5002	0
5003	1
5004	2
5005	0
5006	1
5007	2
5008	0
5009	0
5010	0
5011	0
5012	0
5013	1
5014	0
5015	1
5016	0
5017	1
5018	0
5019	1
5020	0
5021	1
5022	2
5023	1
5024	1
5025	0
5026	0
5027	1
5028	1
5029	2
5030	1
5031	1
5032	0
5033	2
5034	0
5035	0
5036	1
5037	0
5038	0
5039	1
5040	2
5041	0
5042	2
5043	1
5044	3
5045	0
5046	0
5047	2
5048	3
5049	0
5050	0
5051	2
5052	0
5053	1
5054	0
5055	1
5056	0
5057	0
5058	1
5059	0
5060	2
5061	0
5062	0
5063	0
5064	1
5065	1
5066	0
5067	0
5068	0
5069	1
5070	0
5071	1
5072	0
5073	1
5074	0
5075	2
5076	0
5077	0
5078	0
5079	0
5080	0
5081	0
5082	2
5083	0
5084	0
5085	0
5086	0
5087	1
5088	0
5089	0
5090	0
5091	0
5092	0
5093	1
5094	1
5095	2
5096	2
5097	1
5098	0
5099	1
5100	1
5101	1
5102	0
5103	0
5104	0
5105	0
5106	0
5107	0
5108	1
5109	0
5110	0
5111	0
5112	1
5113	0
5114	2
5115	0
5116	2
5117	1
5118	0
5119	0
5120	0
5121	0
5122	1
5123	2
5124	0
5125	0
5126	0
5127	1
5128	1
5129	2
5130	0
5131	0
5132	0
5133	1
5134	0
5135	1
5136	1
5137	1
5138	0
5139	1
5140	1
5141	1
5142	0
5143	0
5144	2
5145	0
5146	1
5147	1
5148	1
5149	0
5150	0
5151	0
5152	1
5153	1
5154	1
5155	2
5156	0
5157	0
5158	0
5159	0
5160	1
5161	0
5162	0
5163	0
5164	0
5165	0
5166	0
5167	0
5168	1
5169	0
5170	0
5171	0
5172	1
5173	3
5174	1
5175	0
5176	0
5177	2
5178	1
5179	2
5180	1
5181	1
5182	0
5183	1
5184	2
5185	0
5186	0
5187	0
5188	0
5189	0
5190	1
5191	0
5192	0
5193	0
5194	1
5195	1
5196	0
5197	0
5198	1
5199	0
5200	0
5201	1
5202	0
5203	0
5204	1
5205	0
5206	2
5207	1
5208	0
5209	0
5210	0
5211	0
5212	1
5213	1
5214	0
5215	2
5216	1
5217	0
5218	1
5219	1
5220	0
5221	1
5222	1
5223	1
5224	0
5225	0
5226	0
5227	0
5228	2
5229	0
5230	1
5231	1
5232	0
5233	0
5234	0
5235	0
5236	1
5237	0
5238	3
5239	3
5240	1
5241	1
5242	2
5243	0
5244	0
5245	0
5246	2
5247	0
5248	0
5249	1
5250	0
5251	1
5252	0
5253	1
5254	2
5255	0
5256	1
5257	1
5258	0
5259	0
5260	0
5261	0
5262	0
5263	1
5264	0
5265	1
5266	0
5267	1
5268	0
5269	1
5270	1
5271	0
5272	1
5273	0
5274	0
5275	1
5276	0
5277	0
5278	0
5279	0
5280	0
5281	1
5282	0
5283	0
5284	3
5285	0
5286	1
5287	0
5288	0
5289	0
5290	0
5291	2
5292	1
5293	0
5294	0
5295	0
5296	0
5297	0
5298	0
5299	0
5300	4
5301	0
5302	0
5303	1
5304	0
5305	1
5306	0
5307	1
5308	0
5309	0
5310	1
5311	0
5312	1
5313	1
5314	1
5315	0
5316	1
5317	1
5318	0
5319	0
5320	0
5321	1
5322	0
5323	2
5324	2
5325	0
5326	3
5327	0
5328	1
5329	0
5330	0
5331	0
5332	0
5333	0
5334	0
5335	1
5336	0
5337	0
5338	1
5339	1
5340	0
5341	0
5342	0
5343	2
5344	0
5345	0
5346	0
5347	2
5348	0
5349	0
5350	0
5351	1
5352	0
5353	1
5354	1
5355	3
5356	0
5357	1
5358	0
5359	3
5360	1
5361	1
5362	0
5363	0
5364	2
5365	0
5366	1
5367	1
5368	0
5369	0
5370	1
5371	0
5372	0
5373	2
5374	0
5375	1
5376	1
5377	0
5378	0
5379	0
5380	2
5381	0
5382	0
5383	0
5384	0
5385	1
5386	0
5387	0
5388	0
5389	2
5390	1
5391	0
5392	1
5393	1
5394	1
5395	0
5396	1
5397	1
5398	0
5399	0
5400	0
5401	2
5402	0
5403	0
5404	2
5405	0
5406	0
5407	0
5408	0
5409	2
5410	0
5411	0
5412	0
5413	2
5414	1
5415	1
5416	0
5417	1
5418	1
5419	0
5420	0
5421	0
5422	2
5423	2
5424	1
5425	1
5426	0
5427	0
5428	0
5429	0
5430	1
5431	1
5432	1
5433	1
5434	0
5435	0
5436	2
5437	0
5438	0
5439	0
5440	0
5441	0
5442	0
5443	1
5444	0
5445	0
5446	0
5447	2
5448	0
5449	0
5450	1
5451	0
5452	0
5453	1
5454	2
5455	0
5456	0
5457	2
5458	0
5459	1
5460	1
5461	0
5462	0
5463	0
5464	0
5465	1
5466	0
5467	2
5468	2
5469	1
5470	1
5471	2
5472	0
5473	1
5474	1
5475	1
5476	1
5477	0
5478	1
5479	0
5480	0
5481	0
5482	0
5483	0
5484	0
5485	2
5486	0
5487	1
5488	1
5489	0
5490	0
5491	0
5492	2
5493	1
5494	1
5495	0
5496	1
5497	0
5498	0
5499	1
5500	1
5501	3
5502	0
5503	0
5504	0
5505	0
5506	1
5507	1
5508	1
5509	3
5510	1
5511	0
5512	0
5513	1
5514	1
5515	1
5516	1
5517	1
5518	3
5519	1
5520	1
5521	0
5522	2
5523	0
5524	2
5525	2
5526	0
5527	0
5528	1
5529	1
5530	0
5531	1
5532	0
5533	0
5534	1
5535	0
5536	2
5537	1
5538	2
5539	2
5540	0
5541	3
5542	1
5543	1
5544	0
5545	1
5546	1
5547	0
5548	1
5549	0
5550	2
5551	1
5552	1
5553	2
5554	1
5555	1
5556	2
5557	0
5558	1
5559	0
5560	0
5561	3
5562	2
5563	3
5564	1
5565	0
5566	1
5567	0
5568	1
5569	0
5570	1
5571	1
5572	1
5573	0
5574	0
5575	2
5576	0
5577	0
5578	1
5579	2
5580	0
5581	0
5582	2
5583	1
5584	0
5585	0
5586	1
5587	0
5588	1
5589	2
5590	1
5591	1
5592	0
5593	0
5594	2
5595	2
5596	1
5597	1
5598	2
5599	0
5600	3
5601	1
5602	2
5603	1
5604	1
5605	0
5606	0
5607	3
5608	1
5609	2
5610	0
5611	0
5612	1
5613	0
5614	1
5615	0
5616	1
5617	1
5618	1
5619	0
5620	0
5621	0
5622	4
5623	1
5624	2
5625	2
5626	1
5627	0
5628	2
5629	1
5630	0
5631	0
5632	1
5633	0
5634	2
5635	2
5636	0
5637	0
5638	0
5639	0
5640	0
5641	0
5642	2
5643	0
5644	2
5645	2
5646	1
5647	3
5648	0
5649	1
5650	1
5651	0
5652	0
5653	1
5654	0
5655	0
5656	1
5657	2
5658	1
5659	0
5660	0
5661	0
5662	0
5663	2
5664	0
5665	2
5666	0
5667	1
5668	3
5669	1
5670	1
5671	0
5672	1
5673	0
5674	0
5675	0
5676	0
5677	1
5678	1
5679	2
5680	0
5681	0
5682	0
5683	1
5684	1
5685	1
5686	1
5687	0
5688	0
5689	0
5690	1
5691	0
5692	0
5693	0
5694	2
5695	2
5696	1
5697	0
5698	2
5699	1
5700	1
5701	1
5702	0
5703	2
5704	1
5705	0
5706	1
5707	0
5708	1
5709	0
5710	0
5711	1
5712	0
5713	1
5714	1
5715	2
5716	0
5717	0
5718	0
5719	1
5720	1
5721	1
5722	1
5723	3
5724	2
5725	1
5726	2
5727	0
5728	0
5729	0
5730	0
5731	2
5732	0
5733	1
5734	0
5735	1
5736	0
5737	2
5738	0
5739	1
5740	1
5741	0
5742	0
5743	1
5744	1
5745	1
5746	1
5747	1
5748	1
5749	1
5750	2
5751	1
5752	0
5753	1
5754	1
5755	1
5756	0
5757	1
5758	1
5759	2
5760	0
5761	1
5762	0
5763	0
5764	0
5765	0
5766	1
5767	0
5768	0
5769	1
5770	2
5771	0
5772	1
5773	1
5774	1
5775	0
5776	0
5777	0
5778	1
5779	2
5780	1
5781	0
5782	0
5783	1
5784	0
5785	1
5786	0
5787	1
5788	0
5789	0
5790	1
5791	0
5792	1
5793	1
5794	1
5795	0
5796	1
5797	0
5798	1
5799	0
5800	1
5801	1
5802	0
5803	1
5804	0
5805	0
5806	0
5807	2
5808	0
5809	0
5810	0
5811	0
5812	1
5813	0
5814	0
5815	1
5816	0
5817	1
5818	2
5819	2
5820	1
5821	1
5822	0
5823	0
5824	0
5825	0
5826	0
5827	0
5828	1
5829	0
5830	1
5831	1
5832	0
5833	1
5834	2
5835	1
5836	0
5837	0
5838	0
5839	1
5840	0
5841	0
5842	0
5843	1
5844	1
5845	1
5846	0
5847	1
5848	0
5849	0
5850	0
5851	0
5852	0
5853	0
5854	1
5855	0
5856	0
5857	0
5858	1
5859	2
5860	0
5861	0
5862	0
5863	0
5864	1
5865	0
5866	0
5867	0
5868	1
5869	0
5870	0
5871	1
5872	0
5873	0
5874	0
5875	1
5876	0
5877	0
5878	1
5879	1
5880	0
5881	0
5882	0
5883	0
5884	1
5885	1
5886	0
5887	0
5888	2
5889	1
5890	1
5891	0
5892	0
5893	0
5894	0
5895	0
5896	0
5897	1
5898	0
5899	0
5900	0
5901	1
5902	0
5903	0
5904	0
5905	0
5906	0
5907	0
5908	0
5909	0
5910	1
5911	1
5912	0
5913	1
5914	0
5915	0
5916	0
5917	0
5918	0
5919	1
5920	0
5921	0
5922	0
5923	0
5924	2
5925	0
5926	0
5927	0
5928	0
5929	0
5930	0
5931	1
5932	0
5933	0
5934	0
5935	0
5936	3
5937	0
5938	0
5939	0
5940	0
5941	0
5942	1
5943	1
5944	1
5945	0
5946	0
5947	0
5948	0
5949	0
5950	0
5951	0
5952	0
5953	0
5954	0
5955	0
5956	0
5957	0
5958	1
5959	1
5960	0
5961	0
5962	0
5963	0
5964	1
5965	0
5966	0
5967	1
5968	0
5969	1
5970	0
5971	0
5972	0
5973	0
5974	0
5975	1
5976	0
5977	0
5978	0
5979	0
5980	0
5981	0
5982	0
5983	1
5984	0
5985	0
5986	0
5987	0
5988	0
5989	0
5990	0
5991	1
5992	1
5993	0
5994	0
5995	0
5996	0
5997	0
5998	0
5999	0
6000	0
6001	0
6002	0
6003	0
6004	1
6005	0
6006	0
6007	1
6008	0
6009	0
6010	0
6011	0
6012	0
6013	0
6014	0
6015	0
6016	0
6017	0
6018	0
6019	0
6020	0
6021	0
6022	0
6023	0
6024	0
6025	1
6026	0
6027	0
6028	0
6029	0
6030	1
6031	0
6032	0
6033	0
6034	1
6035	0
6036	0
6037	0
6038	1
6039	0
6040	0
6041	0
6042	1
6043	0
6044	0
6045	0
6046	0
6047	1
6048	1
6049	0
6050	1
6051	1
6052	0
6053	1
6054	0
6055	0
6056	0
6057	0
6058	0
6059	0
6060	0
6061	0
6062	0
6063	1
6064	0
6065	0
6066	0
6067	0
6068	0
6069	0
6070	0
6071	0
6072	0
6073	0
6074	0
6075	0
6076	0
6077	0
6078	0
6079	0
6080	0
6081	0
6082	0
6083	0
6084	1
6085	0
6086	2
6087	0
6088	1
6089	0
6090	0
6091	0
6092	0
6093	0
6094	1
6095	0
6096	1
6097	0
6098	0
6099	0
6100	0
6101	0
6102	1
6103	0
6104	0
6105	2
6106	0
6107	0
6108	0
6109	0
6110	0
6111	0
6112	0
6113	0
6114	0
6115	0
6116	0
6117	2
6118	0
6119	0
6120	1
6121	0
6122	0
6123	1
6124	0
6125	0
6126	0
6127	1
6128	0
6129	0
6130	0
6131	1
6132	1
6133	1
6134	0
6135	0
6136	0
6137	0
6138	0
6139	0
6140	0
6141	1
6142	1
6143	1
6144	0
6145	0
6146	0
6147	0
6148	0
6149	0
6150	0
6151	0
6152	1
6153	1
6154	0
6155	0
6156	1
6157	0
6158	0
6159	0
6160	0
6161	0
6162	1
6163	1
6164	0
6165	1
6166	1
6167	0
6168	0
6169	1
6170	0
6171	0
6172	0
6173	0
6174	0
6175	0
6176	0
6177	0
6178	0
6179	0
6180	0
6181	0
6182	0
6183	1
6184	0
6185	0
6186	1
6187	0
6188	0
6189	0
6190	0
6191	0
6192	0
6193	1
6194	0
6195	0
6196	0
6197	0
6198	0
6199	0
6200	0
6201	0
6202	1
6203	0
6204	0
6205	0
6206	0
6207	0
6208	0
6209	0
6210	0
6211	1
6212	0
6213	0
6214	0
6215	1
6216	0
6217	0
6218	0
6219	0
6220	1
6221	1
6222	1
6223	0
6224	0
6225	0
6226	0
6227	0
6228	1
6229	0
6230	0
6231	0
6232	0
6233	1
6234	0
6235	0
6236	0
6237	1
6238	0
6239	0
6240	0
6241	0
6242	0
6243	0
6244	1
6245	1
6246	2
6247	0
6248	0
6249	0
6250	0
6251	0
6252	0
6253	0
6254	0
6255	0
6256	1
6257	0
6258	0
6259	0
6260	0
6261	0
6262	0
6263	0
6264	1
6265	0
6266	0
6267	0
6268	0
6269	2
6270	1
6271	0
6272	0
6273	0
6274	0
6275	0
6276	0
6277	1
6278	0
6279	0
6280	1
6281	0
6282	0
6283	3
6284	1
6285	0
6286	1
6287	0
6288	1
6289	0
6290	0
6291	1
6292	0
6293	1
6294	1
6295	0
6296	0
6297	0
6298	0
6299	0
6300	0
6301	0
6302	1
6303	1
6304	0
6305	2
6306	0
6307	2
6308	0
6309	0
6310	0
6311	1
6312	0
6313	0
6314	0
6315	0
6316	0
6317	0
6318	0
6319	0
6320	0
6321	0
6322	0
6323	0
6324	0
6325	0
6326	0
6327	0
6328	0
6329	0
6330	0
6331	0
6332	0
6333	0
6334	0
6335	0
6336	0
6337	2
6338	0
6339	0
6340	0
6341	0
6342	1
6343	2
6344	0
6345	1
6346	2
6347	2
6348	1
6349	0
6350	0
6351	0
6352	1
6353	0
6354	0
6355	0
6356	0
6357	1
6358	1
6359	0
6360	0
6361	0
6362	0
6363	0
6364	0
6365	0
6366	1
6367	1
6368	0
6369	0
6370	1
6371	1
6372	0
6373	0
6374	0
6375	0
6376	0
6377	0
6378	1
6379	0
6380	0
6381	0
6382	0
6383	1
6384	0
6385	2
6386	1
6387	0
6388	1
6389	0
6390	0
6391	0
6392	0
6393	0
6394	0
6395	0
6396	0
6397	0
6398	0
6399	1
6400	0
6401	2
6402	1
6403	0
6404	0
6405	0
6406	0
6407	0
6408	0
6409	0
6410	0
6411	0
6412	0
6413	3
6414	0
6415	0
6416	0
6417	0
6418	0
6419	0
6420	1
6421	0
6422	0
6423	0
6424	0
6425	0
6426	0
6427	0
6428	1
6429	1
6430	0
6431	0
6432	0
6433	0
6434	0
6435	1
6436	0
6437	0
6438	0
6439	0
6440	1
6441	1
6442	1
6443	0
6444	1
6445	0
6446	0
6447	0
6448	0
6449	1
6450	0
6451	1
6452	0
6453	2
6454	0
6455	0
6456	0
6457	0
6458	0
6459	0
6460	0
6461	0
6462	0
6463	0
6464	1
6465	1
6466	1
6467	0
6468	1
6469	0
6470	0
6471	0
6472	0
6473	0
6474	0
6475	0
6476	1
6477	2
6478	0
6479	0
6480	0
6481	0
6482	0
6483	0
6484	0
6485	0
6486	1
6487	0
6488	0
6489	0
6490	0
6491	1
6492	0
6493	1
6494	0
6495	0
6496	1
6497	1
6498	1
6499	1
6500	3
6501	0
6502	1
6503	0
6504	0
6505	1
6506	0
6507	0
6508	0
6509	0
6510	0
6511	0
6512	0
6513	0
6514	0
6515	0
6516	0
6517	1
6518	0
6519	0
6520	3
6521	1
6522	0
6523	0
6524	0
6525	1
6526	0
6527	0
6528	0
6529	0
6530	1
6531	0
6532	1
6533	0
6534	0
6535	1
6536	0
6537	0
6538	1
6539	1
6540	1
6541	0
6542	1
6543	1
6544	0
6545	0
6546	0
6547	0
6548	0
6549	0
6550	1
6551	0
6552	2
6553	0
6554	1
6555	0
6556	0
6557	0
6558	0
6559	0
6560	1
6561	0
6562	0
6563	0
6564	1
6565	1
6566	0
6567	0
6568	0
6569	0
6570	0
6571	0
6572	0
6573	0
6574	1
6575	1
6576	2
6577	0
6578	1
6579	0
6580	1
6581	0
6582	0
6583	0
6584	0
6585	0
6586	0
6587	1
6588	0
6589	0
6590	0
6591	0
6592	0
6593	1
6594	0
6595	1
6596	1
6597	3
6598	0
6599	0
6600	2
6601	0
6602	0
6603	0
6604	0
6605	0
6606	0
6607	0
6608	0
6609	0
6610	0
6611	0
6612	0
6613	0
6614	1
6615	3
6616	0
6617	1
6618	0
6619	1
6620	1
6621	0
6622	0
6623	1
6624	0
6625	0
6626	1
6627	0
6628	0
6629	1
6630	0
6631	0
6632	0
6633	0
6634	0
6635	0
6636	0
6637	1
6638	0
6639	2
6640	1
6641	0
6642	1
6643	0
6644	0
6645	0
6646	0
6647	0
6648	1
6649	0
6650	0
6651	0
6652	1
6653	0
6654	0
6655	0
6656	0
6657	1
6658	0
6659	0
6660	1
6661	0
6662	0
6663	1
6664	0
6665	0
6666	1
6667	0
6668	0
6669	0
6670	1
6671	0
6672	1
6673	0
6674	0
6675	0
6676	0
6677	0
6678	1
6679	0
6680	0
6681	1
6682	0
6683	0
6684	1
6685	0
6686	1
6687	0
6688	0
6689	0
6690	0
6691	1
6692	1
6693	1
6694	0
6695	1
6696	0
6697	1
6698	0
6699	0
6700	0
6701	0
6702	2
6703	1
6704	1
6705	0
6706	0
6707	0
6708	0
6709	1
6710	0
6711	0
6712	0
6713	0
6714	0
6715	0
6716	0
6717	0
6718	0
6719	0
6720	0
6721	0
6722	2
6723	1
6724	0
6725	1
6726	0
6727	0
6728	0
6729	0
6730	0
6731	1
6732	1
6733	0
6734	2
6735	0
6736	0
6737	1
6738	3
6739	1
6740	1
6741	0
6742	0
6743	0
6744	1
6745	0
6746	0
6747	0
6748	1
6749	0
6750	0
6751	0
6752	0
6753	0
6754	1
6755	0
6756	0
6757	0
6758	0
6759	1
6760	0
6761	0
6762	0
6763	0
6764	0
6765	0
6766	1
6767	0
6768	0
6769	0
6770	0
6771	0
6772	0
6773	0
6774	0
6775	0
6776	0
6777	0
6778	0
6779	0
6780	1
6781	0
6782	2
6783	0
6784	1
6785	1
6786	2
6787	0
6788	0
6789	0
6790	1
6791	0
6792	0
6793	0
6794	1
6795	1
6796	0
6797	0
6798	3
6799	1
6800	0
6801	1
6802	0
6803	1
6804	1
6805	1
6806	0
6807	0
6808	1
6809	0
6810	0
6811	1
6812	0
6813	0
6814	0
6815	0
6816	0
6817	1
6818	0
6819	0
6820	0
6821	0
6822	0
6823	0
6824	0
6825	0
6826	0
6827	0
6828	1
6829	0
6830	0
6831	0
6832	1
6833	1
6834	1
6835	0
6836	1
6837	1
6838	0
6839	0
6840	0
6841	0
6842	0
6843	0
6844	0
6845	0
6846	0
6847	0
6848	0
6849	0
6850	0
6851	0
6852	0
6853	0
6854	0
6855	0
6856	0
6857	0
6858	1
6859	0
6860	0
6861	0
6862	0
6863	1
6864	0
6865	0
6866	0
6867	0
6868	0
6869	0
6870	0
6871	0
6872	0
6873	0
6874	0
6875	0
6876	0
6877	0
6878	0
6879	0
6880	2
6881	0
6882	0
6883	0
6884	0
6885	0
6886	0
6887	1
6888	0
6889	0
6890	0
6891	0
6892	1
6893	0
6894	0
6895	1
6896	0
6897	1
6898	0
6899	0
6900	0
6901	2
6902	0
6903	0
6904	0
6905	0
6906	0
6907	1
6908	1
6909	1
6910	1
6911	0
6912	0
6913	0
6914	0
6915	0
6916	0
6917	1
6918	0
6919	0
6920	0
6921	0
6922	0
6923	0
6924	0
6925	1
6926	0
6927	0
6928	0
6929	0
6930	0
6931	1
6932	1
6933	0
6934	0
6935	0
6936	0
6937	0
6938	1
6939	1
6940	0
6941	0
6942	0
6943	1
6944	0
6945	0
6946	0
6947	0
6948	1
6949	1
6950	0
6951	0
6952	0
6953	0
6954	0
6955	1
6956	0
6957	0
6958	0
6959	0
6960	1
6961	0
6962	0
6963	0
6964	0
6965	0
6966	0
6967	1
6968	0
6969	1
6970	0
6971	0
6972	0
6973	0
6974	0
6975	0
6976	0
6977	0
6978	0
6979	0
6980	0
6981	0
6982	0
6983	0
6984	0
6985	0
6986	0
6987	0
6988	0
6989	0
6990	1
6991	0
6992	0
6993	0
6994	0
6995	0
6996	0
6997	0
6998	1
6999	0
7000	0
7001	0
7002	1
7003	0
7004	0
7005	0
7006	0
7007	0
7008	0
7009	0
7010	0
7011	0
7012	0
7013	1
7014	1
7015	1
7016	1
7017	0
7018	0
7019	0
7020	0
7021	1
7022	1
7023	0
7024	0
7025	1
7026	0
7027	0
7028	0
7029	0
7030	1
7031	0
7032	0
7033	0
7034	0
7035	0
7036	0
7037	1
7038	0
7039	0
7040	0
7041	0
7042	0
7043	1
7044	0
7045	0
7046	0
7047	0
7048	0
7049	0
7050	0
7051	0
7052	0
7053	0
7054	0
7055	0
7056	0
7057	0
7058	0
7059	1
7060	0
7061	0
7062	0
7063	1
7064	0
7065	0
7066	0
7067	0
7068	1
7069	0
7070	1
7071	0
7072	0
7073	1
7074	0
7075	0
7076	0
7077	0
7078	0
7079	1
7080	0
7081	0
7082	0
7083	0
7084	0
7085	0
7086	0
7087	1
7088	0
7089	1
7090	0
7091	0
7092	0
7093	0
7094	0
7095	0
7096	0
7097	0
7098	0
7099	0
7100	1
7101	0
7102	0
7103	0
7104	0
7105	0
7106	1
7107	0
7108	0
7109	0
7110	0
7111	0
7112	1
7113	0
7114	0
7115	0
7116	0
7117	0
7118	0
7119	1
7120	0
7121	0
7122	0
7123	0
7124	0
7125	0
7126	0
7127	1
7128	0
7129	0
7130	0
7131	0
7132	0
7133	0
7134	0
7135	0
7136	0
7137	0
7138	0
7139	0
7140	0
7141	0
7142	0
7143	1
7144	0
7145	0
7146	0
7147	0
7148	0
7149	0
7150	0
7151	0
7152	0
7153	0
7154	0
7155	2
7156	0
7157	0
7158	0
7159	1
7160	0
7161	0
7162	0
7163	0
7164	1
7165	0
7166	0
7167	0
7168	0
7169	1
7170	1
7171	0
7172	0
7173	0
7174	0
7175	0
7176	0
7177	0
7178	0
7179	0
7180	0
7181	1
7182	0
7183	0
7184	0
7185	0
7186	0
7187	0
7188	0
7189	1
7190	1
7191	0
7192	0
7193	0
7194	0
7195	0
7196	1
7197	1
7198	0
7199	0
7200	0
7201	0
7202	0
7203	0
7204	0
7205	0
7206	0
7207	0
7208	0
7209	0
7210	0
7211	0
7212	0
7213	0
7214	1
7215	0
7216	1
7217	0
7218	0
7219	0
7220	0
7221	0
7222	0
7223	0
7224	0
7225	0
7226	0
7227	0
7228	0
7229	0
7230	1
7231	0
7232	0
7233	1
7234	0
7235	0
7236	0
7237	0
7238	0
7239	0
7240	0
7241	0
7242	1
7243	0
7244	0
7245	0
7246	0
7247	0
7248	1
7249	0
7250	0
7251	1
7252	0
7253	0
7254	0
7255	0
7256	0
7257	0
7258	0
7259	1
7260	0
7261	1
7262	0
7263	0
7264	0
7265	0
7266	0
7267	0
7268	0
7269	1
7270	1
7271	0
7272	0
7273	0
7274	0
7275	0
7276	0
7277	0
7278	1
7279	0
7280	0
7281	0
7282	0
7283	0
7284	0
7285	0
7286	0
7287	0
7288	0
7289	0
7290	0
7291	0
7292	0
7293	1
7294	0
7295	0
7296	0
7297	2
7298	1
7299	0
7300	1
7301	0
7302	1
7303	0
7304	0
7305	0
7306	0
7307	0
7308	0
7309	0
7310	1
7311	0
7312	0
7313	0
7314	0
7315	0
7316	0
7317	0
7318	0
7319	0
7320	0
7321	1
7322	0
7323	0
7324	0
7325	0
7326	0
7327	0
7328	0
7329	0
7330	0
7331	0
7332	1
7333	0
7334	0
7335	0
7336	1
7337	0
7338	0
7339	0
7340	0
7341	0
7342	0
7343	0
7344	0
7345	0
7346	0
7347	0
7348	0
7349	0
7350	0
7351	1
7352	0
7353	0
7354	0
7355	0
7356	0
7357	0
7358	0
7359	0
7360	1
7361	0
7362	0
7363	1
7364	0
7365	1
7366	1
7367	0
7368	0
7369	1
7370	0
7371	0
7372	0
7373	0
7374	0
7375	0
7376	0
7377	0
7378	0
7379	0
7380	1
7381	0
7382	0
7383	0
7384	0
7385	0
7386	1
7387	0
7388	0
7389	0
7390	0
7391	0
7392	0
7393	1
7394	1
7395	0
7396	0
7397	0
7398	0
7399	0
7400	0
7401	0
7402	0
7403	0
7404	1
7405	0
7406	0
7407	0
7408	0
7409	0
7410	0
7411	0
7412	0
7413	0
7414	0
7415	0
7416	0
7417	1
7418	0
7419	0
7420	0
7421	0
7422	0
7423	1
7424	0
7425	0
7426	0
7427	0
7428	0
7429	0
7430	0
7431	0
7432	0
7433	0
7434	0
7435	1
7436	0
7437	0
7438	0
7439	0
7440	0
7441	0
7442	1
7443	0
7444	0
7445	1
7446	0
7447	0
7448	0
7449	0
7450	1
7451	0
7452	0
7453	1
7454	1
7455	0
7456	0
7457	0
7458	0
7459	0
7460	1
7461	1
7462	0
7463	0
7464	0
7465	0
7466	0
7467	0
7468	0
7469	0
7470	1
7471	0
7472	0
7473	0
7474	0
7475	0
7476	0
7477	0
7478	0
7479	0
7480	0
7481	0
7482	0
7483	0
7484	0
7485	0
7486	0
7487	0
7488	0
7489	1
7490	0
7491	0
7492	0
7493	0
7494	0
7495	0
7496	1
7497	0
7498	0
7499	0
7500	0
7501	0
7502	0
7503	0
7504	0
7505	0
7506	0
7507	1
7508	0
7509	0
7510	1
7511	0
7512	0
7513	1
7514	0
7515	0
7516	0
7517	0
7518	0
7519	0
7520	0
7521	0
7522	0
7523	0
7524	0
7525	1
7526	1
7527	0
7528	0
7529	0
7530	1
7531	0
7532	0
7533	0
7534	1
7535	0
7536	0
7537	0
7538	0
7539	0
7540	0
7541	0
7542	0
7543	0
7544	0
7545	0
7546	0
7547	0
7548	0
7549	0
7550	0
7551	0
7552	1
7553	0
7554	0
7555	0
7556	0
7557	0
7558	0
7559	0
7560	0
7561	0
7562	1
7563	0
7564	0
7565	0
7566	0
7567	0
7568	0
7569	1
7570	1
7571	0
7572	0
7573	0
7574	0
7575	0
7576	0
7577	0
7578	0
7579	0
7580	0
7581	1
7582	0
7583	0
7584	0
7585	0
7586	0
7587	0
7588	0
7589	0
7590	0
7591	1
7592	0
7593	0
7594	0
7595	0
7596	0
7597	0
7598	0
7599	0
7600	2
7601	0
7602	0
7603	0
7604	0
7605	0
7606	1
7607	0
7608	1
7609	0
7610	1
7611	1
7612	0
7613	0
7614	0
7615	0
7616	0
7617	0
7618	0
7619	0
7620	0
7621	0
7622	1
7623	0
7624	0
7625	0
7626	0
7627	0
7628	0
7629	1
7630	0
7631	0
7632	0
7633	0
7634	0
7635	0
7636	0
7637	0
7638	0
7639	0
7640	0
7641	0
7642	0
7643	0
7644	0
7645	0
7646	0
7647	0
7648	0
7649	0
7650	0
7651	0
7652	0
7653	0
7654	1
7655	0
7656	0
7657	0
7658	0
7659	0
7660	0
7661	0
7662	0
7663	0
7664	1
7665	0
7666	1
7667	0
7668	1
7669	0
7670	0
7671	0
7672	0
7673	0
7674	0
7675	0
7676	1
7677	1
7678	0
7679	0
7680	0
7681	0
7682	0
7683	0
7684	0
7685	1
7686	1
7687	0
7688	0
7689	0
7690	0
7691	0
7692	0
7693	0
7694	0
7695	0
7696	0
7697	0
7698	0
7699	1
7700	0
7701	0
7702	0
7703	0
7704	0
7705	2
7706	1
7707	0
7708	0
7709	0
7710	0
7711	0
7712	1
7713	0
7714	0
7715	0
7716	1
7717	0
7718	0
7719	0
7720	0
7721	0
7722	0
7723	0
7724	1
7725	0
7726	0
7727	2
7728	0
7729	0
7730	1
7731	0
7732	0
7733	0
7734	0
7735	0
7736	0
7737	0
7738	0
7739	0
7740	0
7741	0
7742	0
7743	0
7744	0
7745	0
7746	1
7747	0
7748	1
7749	0
7750	0
7751	0
7752	0
7753	1
7754	0
7755	0
7756	0
7757	0
7758	0
7759	0
7760	0
7761	0
7762	0
7763	0
7764	0
7765	0
7766	0
7767	0
7768	0
7769	0
7770	0
7771	0
7772	0
7773	0
7774	0
7775	0
7776	0
7777	0
7778	0
7779	0
7780	0
7781	0
7782	0
7783	0
7784	1
7785	1
7786	0
7787	2
7788	1
7789	0
7790	0
7791	0
7792	0
7793	1
7794	0
7795	0
7796	0
7797	0
7798	0
7799	0
7800	0
7801	0
7802	0
7803	0
7804	0
7805	0
7806	0
7807	1
7808	0
7809	1
7810	0
7811	0
7812	1
7813	0
7814	0
7815	0
7816	0
7817	0
7818	0
7819	0
7820	0
7821	0
7822	0
7823	1
7824	0
7825	1
7826	0
7827	0
7828	0
7829	0
7830	0
7831	0
7832	1
7833	0
7834	0
7835	0
7836	0
7837	0
7838	0
7839	0
7840	0
7841	1
7842	2
7843	0
7844	0
7845	1
7846	0
7847	0
7848	0
7849	0
7850	0
7851	1
7852	2
7853	0
7854	0
7855	1
7856	0
7857	0
7858	0
7859	0
7860	0
7861	1
7862	0
7863	0
7864	0
7865	0
7866	0
7867	0
7868	0
7869	0
7870	0
7871	1
7872	0
7873	0
7874	0
7875	1
7876	0
7877	0
7878	2
7879	0
7880	0
7881	0
7882	0
7883	0
7884	0
7885	1
7886	0
7887	0
7888	0
7889	0
7890	0
7891	0
7892	1
7893	0
7894	0
7895	0
7896	0
7897	1
7898	0
7899	0
7900	0
7901	0
7902	1
7903	0
7904	0
7905	0
7906	0
7907	0
7908	0
7909	0
7910	0
7911	0
7912	0
7913	0
7914	2
7915	1
7916	0
7917	0
7918	0
7919	0
7920	0
7921	0
7922	0
7923	0
7924	0
7925	0
7926	0
7927	1
7928	0
7929	0
7930	0
7931	0
7932	0
7933	1
7934	0
7935	0
7936	1
7937	0
7938	1
7939	0
7940	0
7941	0
7942	0
7943	0
7944	0
7945	0
7946	0
7947	0
7948	0
7949	0
7950	0
7951	1
7952	0
7953	0
7954	1
7955	0
7956	0
7957	1
7958	1
7959	0
7960	1
7961	0
7962	0
7963	0
7964	1
7965	0
7966	1
7967	1
7968	0
7969	1
7970	1
7971	0
7972	1
7973	0
7974	0
7975	0
7976	2
7977	0
7978	2
7979	0
7980	0
7981	0
7982	0
7983	0
7984	0
7985	0
7986	2
7987	0
7988	1
7989	0
7990	0
7991	0
7992	0
7993	0
7994	1
7995	0
7996	0
7997	1
7998	0
7999	0
8000	0
8001	0
8002	0
8003	0
8004	0
8005	0
8006	0
8007	1
8008	1
8009	0
8010	1
8011	1
8012	0
8013	0
8014	0
8015	0
8016	0
8017	0
8018	0
8019	0
8020	0
8021	0
8022	0
8023	0
8024	0
8025	0
8026	0
8027	0
8028	0
8029	0
8030	0
8031	0
8032	0
8033	0
8034	0
8035	0
8036	0
8037	0
8038	0
8039	0
8040	0
8041	0
8042	0
8043	0
8044	0
8045	0
8046	0
8047	0
8048	0
8049	0
8050	0
8051	0
8052	0
8053	0
8054	0
8055	0
8056	0
8057	0
8058	0
8059	0
8060	0
8061	0
8062	0
8063	0
8064	0
8065	0
8066	0
8067	0
8068	0
8069	0
8070	0
8071	0
8072	0
8073	0
8074	0
8075	0
8076	0
8077	0
8078	0
8079	0
8080	0
8081	0
8082	0
8083	0
8084	0
8085	0
8086	0
8087	0
8088	0
8089	0
8090	0
8091	0
8092	0
8093	0
8094	0
8095	0
8096	0
8097	0
8098	0
8099	0
8100	0
8101	0
8102	0
8103	0
8104	0
8105	0
8106	0
8107	0
8108	0
8109	0
8110	0
8111	0
8112	0
8113	0
8114	0
8115	0
8116	0
8117	0
8118	0
8119	0
8120	0
8121	0
8122	0
8123	0
8124	0
8125	0
8126	0
8127	0
8128	0
8129	0
8130	0
8131	0
8132	0
8133	0
8134	0
8135	0
8136	0
8137	0
8138	0
8139	0
8140	0
8141	0
8142	0
8143	0
8144	0
8145	0
8146	0
8147	0
8148	0
8149	0
8150	0
8151	0
8152	0
8153	0
8154	0
8155	0
8156	0
8157	0
8158	0
8159	0
8160	0
8161	0
8162	0
8163	0
8164	0
8165	0
8166	0
8167	0
8168	0
8169	0
8170	0
8171	0
8172	0
8173	0
8174	0
8175	0
8176	0
8177	0
8178	0
8179	0
8180	0
8181	0
8182	0
8183	0
8184	0
8185	0
8186	0
8187	0
8188	0
8189	0
8190	0
8191	0
