0	0
1	0
2	0
3	0
4	0
5	0
6	0
7	0
8	0
9	0
10	0
11	0
12	0
13	0
14	0
15	0
16	0
17	0
18	0
19	0
20	0
21	0
22	0
23	0
24	0
25	0
26	0
27	0
28	0
29	0
30	0
31	0
32	1
33	0
34	0
35	0
36	1
37	0
38	0
39	0
40	1
41	1
42	0
43	3
44	28
45	87
46	162
47	167
48	177
49	180
50	189
51	149
52	149
53	110
54	107
55	87
56	112
57	84
58	103
59	99
60	84
61	100
62	97
63	92
64	105
65	94
66	109
67	92
68	102
69	89
70	85
71	79
72	88
73	75
74	73
75	88
76	89
77	84
78	85
79	115
80	106
81	110
82	98
83	79
84	76
85	67
86	78
87	75
88	105
89	82
90	95
91	78
92	90
93	91
94	94
95	87
96	77
97	89
98	80
99	74
100	84
101	77
102	71
103	92
104	75
105	82
106	77
107	96
108	95
109	76
110	97
111	85
112	99
113	88
114	83
115	86
116	91
117	87
118	71
119	81
120	90
121	78
122	87
123	86
124	88
125	94
126	76
127	92
128	84
129	92
130	97
131	118
132	81
133	90
134	85
135	98
136	112
137	105
138	98
139	98
140	97
141	100
142	80
143	83
144	101
145	129
146	103
147	108
148	95
149	86
150	110
151	99
152	98
153	94
154	98
155	112
156	96
157	114
158	102
159	86
160	97
161	112
162	110
163	130
164	112
165	120
166	105
167	112
168	108
169	113
170	108
171	126
172	114
173	101
174	108
175	113
176	117
177	125
178	115
179	130
180	105
181	105
182	122
183	123
184	107
185	110
186	128
187	130
188	108
189	125
190	115
191	91
192	147
193	120
194	113
195	146
196	141
197	125
198	125
199	136
200	122
201	132
202	125
203	141
204	137
205	134
206	149
207	131
208	123
209	138
210	139
211	123
212	129
213	148
214	150
215	141
216	147
217	155
218	149
219	126
220	131
221	139
222	138
223	138
224	136
225	155
226	161
227	158
228	131
229	131
230	152
231	165
232	164
233	146
234	170
235	152
236	177
237	174
238	159
239	148
240	156
241	180
242	197
243	159
244	183
245	173
246	172
247	164
248	191
249	186
250	176
251	197
252	186
253	192
254	185
255	198
256	188
257	202
258	180
259	189
260	181
261	185
262	190
263	179
264	189
265	169
266	151
267	173
268	179
269	175
270	162
271	162
272	160
273	162
274	166
275	162
276	162
277	166
278	165
279	198
280	176
281	183
282	177
283	176
284	169
285	150
286	183
287	177
288	156
289	175
290	156
291	169
292	166
293	177
294	171
295	170
296	164
297	171
298	176
299	170
300	162
301	158
302	184
303	160
304	165
305	176
306	162
307	159
308	150
309	161
310	151
311	154
312	147
313	143
314	165
315	159
316	169
317	154
318	150
319	155
320	165
321	164
322	141
323	153
324	159
325	165
326	174
327	164
328	155
329	160
330	151
331	188
332	153
333	155
334	152
335	153
336	167
337	136
338	165
339	158
340	165
341	176
342	141
343	131
344	159
345	154
346	142
347	136
348	161
349	155
350	169
351	147
352	167
353	154
354	154
355	147
356	152
357	149
358	146
359	161
360	131
361	175
362	160
363	158
364	150
365	158
366	152
367	161
368	153
369	160
370	136
371	149
372	136
373	160
374	165
375	152
376	160
377	135
378	139
379	157
380	137
381	155
382	151
383	185
384	140
385	185
386	168
387	170
388	168
389	151
390	149
391	174
392	140
393	154
394	145
395	146
396	165
397	176
398	154
399	148
400	135
401	140
402	158
403	156
404	159
405	147
406	158
407	163
408	141
409	147
410	155
411	161
412	139
413	165
414	146
415	159
416	162
417	175
418	145
419	144
420	131
421	171
422	154
423	174
424	138
425	148
426	152
427	143
428	139
429	147
430	138
431	148
432	160
433	146
434	140
435	145
436	146
437	153
438	162
439	175
440	164
441	143
442	130
443	163
444	145
445	163
446	165
447	132
448	145
449	146
450	147
451	169
452	138
453	149
454	161
455	156
456	135
457	154
458	138
459	168
460	128
461	136
462	152
463	136
464	180
465	144
466	131
467	155
468	175
469	155
470	162
471	141
472	148
473	125
474	133
475	144
476	138
477	145
478	175
479	151
480	144
481	153
482	139
483	163
484	133
485	153
486	148
487	142
488	146
489	147
490	151
491	141
492	166
493	130
494	171
495	166
496	153
497	141
498	142
499	115
500	143
501	129
502	140
503	153
504	153
505	169
506	157
507	130
508	144
509	149
510	149
511	119
512	156
513	129
514	125
515	139
516	146
517	123
518	136
519	147
520	140
521	146
522	130
523	121
524	145
525	139
526	137
527	169
528	148
529	146
530	132
531	147
532	124
533	160
534	152
535	136
536	130
537	133
538	153
539	148
540	159
541	140
542	134
543	134
544	134
545	151
546	168
547	141
548	150
549	150
550	152
551	147
552	149
553	153
554	171
555	157
556	172
557	139
558	147
559	165
560	155
561	168
562	165
563	159
564	147
565	159
566	144
567	157
568	168
569	165
570	122
571	157
572	141
573	127
574	171
575	151
576	153
577	165
578	158
579	159
580	170
581	170
582	163
583	157
584	162
585	149
586	155
587	136
588	163
589	145
590	159
591	179
592	152
593	153
594	164
595	160
596	177
597	168
598	166
599	142
600	148
601	166
602	149
603	174
604	157
605	123
606	143
607	152
608	163
609	148
610	145
611	150
612	126
613	158
614	143
615	130
616	159
617	129
618	131
619	154
620	159
621	164
622	162
623	143
624	167
625	135
626	138
627	160
628	150
629	146
630	130
631	138
632	129
633	122
634	155
635	132
636	123
637	116
638	149
639	158
640	149
641	126
642	142
643	128
644	156
645	122
646	149
647	151
648	149
649	147
650	143
651	149
652	132
653	129
654	132
655	128
656	157
657	134
658	140
659	130
660	139
661	142
662	127
663	143
664	121
665	161
666	156
667	149
668	137
669	140
670	140
671	137
672	135
673	101
674	100
675	145
676	122
677	125
678	117
679	132
680	140
681	137
682	117
683	131
684	141
685	117
686	125
687	136
688	137
689	143
690	123
691	135
692	125
693	140
694	136
695	126
696	136
697	145
698	147
699	137
700	123
701	142
702	135
703	120
704	134
705	126
706	140
707	142
708	125
709	108
710	136
711	141
712	144
713	130
714	138
715	138
716	135
717	112
718	134
719	138
720	146
721	130
722	129
723	120
724	133
725	122
726	133
727	122
728	117
729	124
730	152
731	121
732	125
733	122
734	115
735	124
736	131
737	136
738	132
739	126
740	105
741	134
742	107
743	113
744	131
745	121
746	126
747	117
748	115
749	115
750	137
751	131
752	109
753	122
754	124
755	140
756	117
757	130
758	139
759	134
760	130
761	136
762	127
763	129
764	125
765	133
766	126
767	118
768	149
769	102
770	118
771	114
772	107
773	112
774	126
775	105
776	117
777	133
778	119
779	140
780	135
781	124
782	121
783	139
784	134
785	131
786	129
787	129
788	125
789	132
790	111
791	143
792	110
793	116
794	110
795	118
796	127
797	106
798	110
799	122
800	110
801	109
802	108
803	112
804	119
805	124
806	123
807	122
808	110
809	119
810	112
811	104
812	132
813	107
814	118
815	133
816	115
817	109
818	137
819	119
820	106
821	107
822	112
823	124
824	117
825	104
826	108
827	124
828	135
829	96
830	112
831	114
832	125
833	122
834	102
835	124
836	117
837	108
838	112
839	92
840	105
841	124
842	112
843	129
844	135
845	111
846	114
847	121
848	108
849	102
850	106
851	123
852	103
853	111
854	105
855	100
856	100
857	132
858	118
859	115
860	116
861	116
862	105
863	111
864	97
865	106
866	100
867	116
868	117
869	120
870	109
871	122
872	115
873	112
874	118
875	123
876	121
877	104
878	116
879	93
880	102
881	115
882	105
883	113
884	110
885	103
886	113
887	91
888	112
889	115
890	102
891	112
892	117
893	105
894	104
895	91
896	91
897	105
898	108
899	81
900	125
901	112
902	108
903	118
904	111
905	94
906	121
907	106
908	111
909	103
910	121
911	105
912	108
913	108
914	105
915	113
916	108
917	99
918	118
919	101
920	114
921	105
922	110
923	123
924	104
925	115
926	112
927	103
928	97
929	141
930	108
931	113
932	120
933	99
934	95
935	93
936	112
937	89
938	93
939	109
940	101
941	103
942	108
943	103
944	118
945	89
946	90
947	111
948	95
949	94
950	105
951	100
952	97
953	114
954	100
955	102
956	104
957	111
958	114
959	85
960	109
961	122
962	129
963	114
964	96
965	111
966	103
967	104
968	107
969	111
970	106
971	95
972	112
973	91
974	123
975	107
976	93
977	116
978	108
979	120
980	98
981	106
982	115
983	113
984	108
985	116
986	117
987	112
988	93
989	125
990	86
991	110
992	97
993	123
994	87
995	101
996	99
997	95
998	103
999	107
1000	95
1001	110
1002	108
1003	106
1004	108
1005	123
1006	112
1007	102
1008	102
1009	107
1010	111
1011	93
1012	99
1013	105
1014	123
1015	100
1016	130
1017	118
1018	98
1019	91
1020	123
1021	93
1022	104
1023	123
1024	89
1025	104
1026	101
1027	91
1028	98
1029	97
1030	100
1031	101
1032	109
1033	102
1034	104
1035	83
1036	102
1037	89
1038	115
1039	89
1040	89
1041	108
1042	98
1043	96
1044	112
1045	92
1046	91
1047	88
1048	86
1049	96
1050	98
1051	109
1052	94
1053	89
1054	88
1055	86
1056	90
1057	92
1058	114
1059	87
1060	91
1061	98
1062	72
1063	87
1064	80
1065	91
1066	88
1067	65
1068	82
1069	92
1070	70
1071	72
1072	80
1073	77
1074	99
1075	88
1076	76
1077	66
1078	79
1079	78
1080	67
1081	70
1082	75
1083	71
1084	81
1085	70
1086	67
1087	81
1088	70
1089	69
1090	76
1091	78
1092	70
1093	82
1094	66
1095	81
1096	66
1097	75
1098	72
1099	62
1100	77
1101	62
1102	69
1103	75
1104	68
1105	60
1106	88
1107	76
1108	95
1109	67
1110	68
1111	72
1112	59
1113	61
1114	66
1115	73
1116	55
1117	66
1118	69
1119	79
1120	65
1121	75
1122	69
1123	61
1124	64
1125	49
1126	79
1127	72
1128	76
1129	64
1130	71
1131	82
1132	60
1133	51
1134	75
1135	58
1136	55
1137	59
1138	58
1139	79
1140	74
1141	67
1142	76
1143	67
1144	57
1145	74
1146	77
1147	64
1148	48
1149	60
1150	55
1151	71
1152	62
1153	66
1154	48
1155	60
1156	68
1157	59
1158	73
1159	63
1160	56
1161	64
1162	60
1163	69
1164	62
1165	55
1166	61
1167	65
1168	59
1169	65
1170	66
1171	57
1172	66
1173	55
1174	58
1175	64
1176	55
1177	66
1178	58
1179	47
1180	60
1181	58
1182	71
1183	62
1184	57
1185	58
1186	49
1187	57
1188	59
1189	52
1190	58
1191	64
1192	50
1193	62
1194	38
1195	52
1196	70
1197	45
1198	44
1199	55
1200	54
1201	58
1202	64
1203	52
1204	65
1205	60
1206	66
1207	60
1208	57
1209	69
1210	47
1211	54
1212	46
1213	60
1214	56
1215	58
1216	46
1217	52
1218	60
1219	46
1220	64
1221	61
1222	61
1223	59
1224	72
1225	61
1226	62
1227	67
1228	47
1229	52
1230	68
1231	61
1232	65
1233	65
1234	50
1235	62
1236	56
1237	54
1238	63
1239	55
1240	48
1241	61
1242	56
1243	59
1244	70
1245	60
1246	50
1247	61
1248	61
1249	63
1250	63
1251	47
1252	54
1253	54
1254	62
1255	56
1256	50
1257	62
1258	52
1259	62
1260	60
1261	57
1262	75
1263	58
1264	51
1265	61
1266	60
1267	62
1268	56
1269	64
1270	56
1271	58
1272	62
1273	53
1274	64
1275	57
1276	59
1277	45
1278	63
1279	59
1280	50
1281	57
1282	72
1283	59
1284	52
1285	62
1286	65
1287	56
1288	57
1289	58
1290	45
1291	58
1292	69
1293	55
1294	46
1295	50
1296	64
1297	56
1298	64
1299	57
1300	54
1301	67
1302	63
1303	66
1304	62
1305	67
1306	58
1307	55
1308	53
1309	68
1310	58
1311	59
1312	58
1313	63
1314	58
1315	73
1316	49
1317	57
1318	51
1319	79
1320	54
1321	44
1322	63
1323	58
1324	58
1325	64
1326	52
1327	51
1328	48
1329	56
1330	65
1331	56
1332	51
1333	57
1334	80
1335	68
1336	62
1337	53
1338	59
1339	50
1340	79
1341	71
1342	70
1343	63
1344	62
1345	72
1346	66
1347	59
1348	55
1349	59
1350	48
1351	57
1352	54
1353	53
1354	63
1355	69
1356	56
1357	70
1358	59
1359	65
1360	56
1361	52
1362	67
1363	56
1364	68
1365	57
1366	56
1367	62
1368	74
1369	63
1370	62
1371	62
1372	70
1373	65
1374	74
1375	77
1376	67
1377	69
1378	54
1379	73
1380	65
1381	72
1382	57
1383	62
1384	66
1385	71
1386	68
1387	58
1388	62
1389	48
1390	67
1391	60
1392	58
1393	43
1394	54
1395	58
1396	56
1397	79
1398	78
1399	66
1400	76
1401	72
1402	75
1403	62
1404	72
1405	75
1406	56
1407	73
1408	67
1409	65
1410	59
1411	76
1412	97
1413	81
1414	65
1415	65
1416	67
1417	63
1418	70
1419	59
1420	69
1421	66
1422	77
1423	76
1424	63
1425	57
1426	66
1427	72
1428	83
1429	59
1430	71
1431	72
1432	62
1433	62
1434	81
1435	73
1436	65
1437	66
1438	60
1439	74
1440	86
1441	72
1442	60
1443	61
1444	60
1445	54
1446	56
1447	68
1448	78
1449	67
1450	60
1451	71
1452	57
1453	63
1454	76
1455	65
1456	66
1457	55
1458	58
1459	59
1460	67
1461	83
1462	74
1463	67
1464	68
1465	67
1466	82
1467	62
1468	71
1469	84
1470	68
1471	82
1472	92
1473	72
1474	79
1475	93
1476	64
1477	76
1478	78
1479	70
1480	80
1481	80
1482	89
1483	82
1484	72
1485	99
1486	91
1487	84
1488	91
1489	105
1490	83
1491	89
1492	85
1493	92
1494	100
1495	104
1496	86
1497	85
1498	98
1499	117
1500	96
1501	87
1502	113
1503	106
1504	124
1505	102
1506	129
1507	116
1508	108
1509	104
1510	112
1511	116
1512	146
1513	128
1514	135
1515	125
1516	151
1517	125
1518	134
1519	131
1520	134
1521	138
1522	141
1523	166
1524	175
1525	164
1526	182
1527	167
1528	166
1529	175
1530	170
1531	170
1532	180
1533	190
1534	191
1535	184
1536	202
1537	222
1538	222
1539	215
1540	238
1541	204
1542	210
1543	215
1544	234
1545	225
1546	230
1547	256
1548	251
1549	232
1550	273
1551	240
1552	285
1553	262
1554	286
1555	292
1556	269
1557	272
1558	276
1559	323
1560	287
1561	351
1562	332
1563	307
1564	315
1565	338
1566	388
1567	346
1568	353
1569	375
1570	384
1571	404
1572	365
1573	399
1574	402
1575	414
1576	443
1577	443
1578	441
1579	434
1580	455
1581	424
1582	441
1583	449
1584	459
1585	463
1586	474
1587	458
1588	469
1589	537
1590	547
1591	522
1592	524
1593	500
1594	508
1595	560
1596	540
1597	540
1598	596
1599	573
1600	575
1601	585
1602	577
1603	576
1604	565
1605	609
1606	601
1607	599
1608	580
1609	599
1610	638
1611	626
1612	641
1613	676
1614	648
1615	660
1616	645
1617	660
1618	656
1619	660
1620	669
1621	704
1622	632
1623	612
1624	674
1625	666
1626	696
1627	718
1628	671
1629	717
1630	685
1631	690
1632	751
1633	679
1634	706
1635	730
1636	731
1637	717
1638	751
1639	660
1640	687
1641	714
1642	717
1643	674
1644	669
1645	700
1646	690
1647	722
1648	742
1649	637
1650	698
1651	635
1652	684
1653	684
1654	653
1655	666
1656	720
1657	673
1658	689
1659	701
1660	661
1661	624
1662	598
1663	633
1664	661
1665	624
1666	617
1667	601
1668	598
1669	670
1670	581
1671	626
1672	594
1673	609
1674	582
1675	591
1676	587
1677	566
1678	567
1679	522
1680	555
1681	552
1682	500
1683	548
1684	537
1685	499
1686	480
1687	484
1688	494
1689	507
1690	466
1691	424
1692	462
1693	464
1694	428
1695	443
1696	445
1697	407
1698	429
1699	401
1700	416
1701	364
1702	376
1703	415
1704	428
1705	346
1706	315
1707	344
1708	325
1709	327
1710	324
1711	321
1712	291
1713	285
1714	267
1715	285
1716	322
1717	275
1718	256
1719	256
1720	261
1721	246
1722	261
1723	216
1724	259
1725	246
1726	213
1727	231
1728	200
1729	190
1730	184
1731	182
1732	177
1733	170
1734	179
1735	183
1736	168
1737	169
1738	168
1739	170
1740	148
1741	132
1742	136
1743	112
1744	154
1745	123
1746	127
1747	114
1748	101
1749	123
1750	113
1751	100
1752	110
1753	113
1754	105
1755	81
1756	90
1757	76
1758	90
1759	86
1760	79
1761	77
1762	97
1763	85
1764	94
1765	89
1766	73
1767	60
1768	71
1769	53
1770	59
1771	51
1772	46
1773	65
1774	61
1775	46
1776	50
1777	35
1778	59
1779	54
1780	53
1781	47
1782	53
1783	40
1784	46
1785	61
1786	37
1787	38
1788	45
1789	39
1790	37
1791	39
1792	39
1793	48
1794	33
1795	34
1796	36
1797	34
1798	42
1799	36
1800	40
1801	44
1802	39
1803	25
1804	33
1805	30
1806	38
1807	27
1808	39
1809	32
1810	20
1811	29
1812	38
1813	26
1814	31
1815	22
1816	33
1817	31
1818	23
1819	14
1820	19
1821	35
1822	37
1823	27
1824	30
1825	29
1826	26
1827	24
1828	25
1829	31
1830	20
1831	28
1832	24
1833	40
1834	23
1835	26
1836	35
1837	29
1838	25
1839	20
1840	25
1841	34
1842	31
1843	27
1844	33
1845	26
1846	23
1847	19
1848	20
1849	20
1850	23
1851	32
1852	36
1853	27
1854	26
1855	32
1856	24
1857	21
1858	25
1859	18
1860	30
1861	19
1862	19
1863	32
1864	25
1865	26
1866	32
1867	32
1868	25
1869	25
1870	34
1871	18
1872	21
1873	19
1874	30
1875	24
1876	28
1877	25
1878	30
1879	25
1880	35
1881	17
1882	28
1883	31
1884	24
1885	25
1886	21
1887	17
1888	21
1889	21
1890	25
1891	33
1892	18
1893	33
1894	27
1895	32
1896	39
1897	28
1898	24
1899	30
1900	27
1901	23
1902	34
1903	33
1904	24
1905	20
1906	34
1907	32
1908	29
1909	28
1910	31
1911	25
1912	21
1913	28
1914	27
1915	32
1916	14
1917	25
1918	27
1919	24
1920	20
1921	20
1922	32
1923	29
1924	14
1925	22
1926	22
1927	29
1928	19
1929	23
1930	25
1931	14
1932	23
1933	23
1934	22
1935	33
1936	26
1937	26
1938	27
1939	32
1940	22
1941	24
1942	40
1943	27
1944	25
1945	21
1946	26
1947	19
1948	34
1949	28
1950	32
1951	26
1952	25
1953	23
1954	26
1955	29
1956	20
1957	31
1958	23
1959	26
1960	26
1961	28
1962	29
1963	21
1964	14
1965	25
1966	20
1967	30
1968	24
1969	30
1970	16
1971	35
1972	28
1973	19
1974	19
1975	27
1976	32
1977	24
1978	31
1979	23
1980	21
1981	29
1982	21
1983	23
1984	25
1985	21
1986	30
1987	26
1988	28
1989	30
1990	31
1991	22
1992	33
1993	34
1994	31
1995	31
1996	31
1997	33
1998	22
1999	23
2000	29
2001	31
2002	11
2003	26
2004	31
2005	17
2006	25
2007	23
2008	16
2009	19
2010	25
2011	20
2012	22
2013	29
2014	32
2015	24
2016	32
2017	24
2018	27
2019	20
2020	20
2021	23
2022	19
2023	30
2024	24
2025	35
2026	31
2027	35
2028	28
2029	25
2030	25
2031	22
2032	24
2033	27
2034	28
2035	32
2036	18
2037	27
2038	19
2039	21
2040	29
2041	27
2042	29
2043	21
2044	25
2045	22
2046	24
2047	20
2048	22
2049	30
2050	27
2051	42
2052	26
2053	23
2054	17
2055	27
2056	27
2057	29
2058	21
2059	22
2060	29
2061	29
2062	27
2063	19
2064	25
2065	23
2066	20
2067	29
2068	34
2069	28
2070	24
2071	28
2072	18
2073	20
2074	29
2075	23
2076	29
2077	29
2078	20
2079	31
2080	24
2081	27
2082	22
2083	28
2084	35
2085	29
2086	28
2087	29
2088	27
2089	28
2090	24
2091	20
2092	28
2093	32
2094	31
2095	25
2096	25
2097	19
2098	23
2099	34
2100	26
2101	18
2102	27
2103	25
2104	20
2105	31
2106	22
2107	26
2108	23
2109	24
2110	24
2111	23
2112	23
2113	27
2114	24
2115	24
2116	25
2117	18
2118	26
2119	23
2120	26
2121	24
2122	18
2123	26
2124	30
2125	26
2126	26
2127	22
2128	30
2129	30
2130	20
2131	29
2132	35
2133	26
2134	28
2135	23
2136	30
2137	29
2138	25
2139	20
2140	26
2141	18
2142	23
2143	29
2144	22
2145	21
2146	26
2147	18
2148	20
2149	25
2150	31
2151	17
2152	23
2153	30
2154	23
2155	20
2156	22
2157	24
2158	27
2159	20
2160	30
2161	31
2162	21
2163	23
2164	25
2165	20
2166	17
2167	20
2168	33
2169	21
2170	24
2171	28
2172	28
2173	27
2174	24
2175	23
2176	31
2177	21
2178	23
2179	33
2180	33
2181	22
2182	11
2183	25
2184	23
2185	15
2186	29
2187	22
2188	26
2189	24
2190	27
2191	34
2192	23
2193	27
2194	25
2195	22
2196	18
2197	20
2198	23
2199	18
2200	24
2201	22
2202	23
2203	21
2204	20
2205	27
2206	25
2207	27
2208	26
2209	25
2210	20
2211	26
2212	21
2213	24
2214	29
2215	26
2216	26
2217	25
2218	26
2219	31
2220	29
2221	25
2222	16
2223	35
2224	25
2225	21
2226	29
2227	18
2228	17
2229	18
2230	33
2231	23
2232	26
2233	26
2234	27
2235	27
2236	22
2237	26
2238	20
2239	19
2240	19
2241	21
2242	23
2243	18
2244	21
2245	25
2246	19
2247	32
2248	27
2249	29
2250	18
2251	29
2252	27
2253	22
2254	23
2255	27
2256	26
2257	18
2258	26
2259	22
2260	16
2261	36
2262	21
2263	25
2264	17
2265	24
2266	21
2267	21
2268	24
2269	20
2270	17
2271	18
2272	21
2273	25
2274	22
2275	25
2276	29
2277	18
2278	24
2279	24
2280	31
2281	24
2282	23
2283	20
2284	31
2285	25
2286	18
2287	23
2288	18
2289	23
2290	14
2291	23
2292	27
2293	29
2294	20
2295	29
2296	36
2297	21
2298	20
2299	25
2300	24
2301	23
2302	31
2303	22
2304	20
2305	23
2306	27
2307	24
2308	13
2309	24
2310	20
2311	28
2312	26
2313	28
2314	19
2315	29
2316	24
2317	29
2318	18
2319	22
2320	18
2321	20
2322	24
2323	21
2324	23
2325	16
2326	14
2327	34
2328	28
2329	23
2330	27
2331	19
2332	28
2333	23
2334	18
2335	25
2336	17
2337	26
2338	28
2339	29
2340	20
2341	27
2342	13
2343	19
2344	29
2345	19
2346	21
2347	30
2348	24
2349	24
2350	27
2351	23
2352	24
2353	19
2354	27
2355	32
2356	27
2357	18
2358	19
2359	28
2360	29
2361	20
2362	17
2363	26
2364	18
2365	27
2366	21
2367	22
2368	20
2369	26
2370	25
2371	20
2372	24
2373	26
2374	20
2375	25
2376	18
2377	22
2378	12
2379	20
2380	23
2381	26
2382	31
2383	21
2384	27
2385	19
2386	20
2387	19
2388	35
2389	21
2390	21
2391	29
2392	31
2393	29
2394	30
2395	32
2396	21
2397	22
2398	30
2399	23
2400	26
2401	24
2402	26
2403	30
2404	23
2405	26
2406	21
2407	26
2408	30
2409	16
2410	13
2411	20
2412	23
2413	32
2414	19
2415	27
2416	18
2417	14
2418	25
2419	20
2420	30
2421	34
2422	22
2423	25
2424	30
2425	18
2426	22
2427	22
2428	18
2429	18
2430	24
2431	19
2432	19
2433	22
2434	40
2435	27
2436	26
2437	23
2438	29
2439	13
2440	28
2441	24
2442	29
2443	27
2444	14
2445	13
2446	21
2447	30
2448	20
2449	25
2450	26
2451	28
2452	17
2453	21
2454	26
2455	26
2456	26
2457	26
2458	17
2459	17
2460	30
2461	23
2462	25
2463	20
2464	29
2465	19
2466	28
2467	17
2468	25
2469	18
2470	28
2471	24
2472	22
2473	26
2474	28
2475	25
2476	27
2477	21
2478	20
2479	14
2480	22
2481	24
2482	29
2483	28
2484	21
2485	26
2486	26
2487	24
2488	29
2489	21
2490	25
2491	22
2492	32
2493	26
2494	25
2495	25
2496	31
2497	16
2498	24
2499	22
2500	21
2501	22
2502	24
2503	29
2504	22
2505	21
2506	23
2507	26
2508	33
2509	44
2510	24
2511	19
2512	31
2513	22
2514	32
2515	22
2516	31
2517	16
2518	22
2519	29
2520	12
2521	23
2522	21
2523	22
2524	29
2525	29
2526	22
2527	32
2528	21
2529	29
2530	23
2531	26
2532	27
2533	24
2534	24
2535	26
2536	23
2537	24
2538	29
2539	25
2540	23
2541	21
2542	21
2543	25
2544	14
2545	27
2546	31
2547	21
2548	25
2549	27
2550	26
2551	18
2552	22
2553	20
2554	19
2555	21
2556	22
2557	22
2558	21
2559	29
2560	30
2561	25
2562	25
2563	19
2564	23
2565	20
2566	31
2567	15
2568	26
2569	24
2570	23
2571	29
2572	22
2573	17
2574	25
2575	25
2576	24
2577	23
2578	24
2579	30
2580	23
2581	27
2582	31
2583	26
2584	20
2585	23
2586	30
2587	18
2588	22
2589	19
2590	34
2591	27
2592	22
2593	28
2594	23
2595	23
2596	20
2597	21
2598	23
2599	27
2600	21
2601	19
2602	31
2603	27
2604	28
2605	20
2606	20
2607	25
2608	22
2609	21
2610	22
2611	26
2612	24
2613	14
2614	29
2615	32
2616	18
2617	16
2618	17
2619	24
2620	20
2621	29
2622	28
2623	23
2624	17
2625	19
2626	12
2627	24
2628	14
2629	14
2630	21
2631	31
2632	28
2633	23
2634	17
2635	21
2636	22
2637	22
2638	22
2639	26
2640	15
2641	27
2642	27
2643	22
2644	17
2645	24
2646	23
2647	27
2648	21
2649	16
2650	22
2651	23
2652	24
2653	25
2654	21
2655	20
2656	27
2657	23
2658	23
2659	29
2660	13
2661	23
2662	26
2663	33
2664	31
2665	22
2666	15
2667	33
2668	18
2669	19
2670	23
2671	20
2672	22
2673	23
2674	18
2675	23
2676	23
2677	27
2678	20
2679	19
2680	15
2681	29
2682	24
2683	25
2684	22
2685	23
2686	28
2687	31
2688	15
2689	25
2690	19
2691	16
2692	27
2693	23
2694	24
2695	28
2696	24
2697	25
2698	30
2699	24
2700	18
2701	28
2702	21
2703	23
2704	31
2705	27
2706	24
2707	33
2708	23
2709	30
2710	32
2711	27
2712	21
2713	37
2714	29
2715	17
2716	21
2717	31
2718	25
2719	30
2720	29
2721	24
2722	25
2723	18
2724	23
2725	24
2726	16
2727	21
2728	25
2729	22
2730	28
2731	28
2732	25
2733	18
2734	30
2735	20
2736	22
2737	22
2738	25
2739	28
2740	26
2741	34
2742	25
2743	35
2744	22
2745	22
2746	26
2747	19
2748	24
2749	28
2750	26
2751	29
2752	23
2753	21
2754	27
2755	14
2756	20
2757	21
2758	20
2759	28
2760	28
2761	23
2762	22
2763	29
2764	24
2765	22
2766	18
2767	23
2768	23
2769	31
2770	22
2771	21
2772	25
2773	22
2774	21
2775	18
2776	27
2777	20
2778	25
2779	25
2780	31
2781	25
2782	16
2783	19
2784	28
2785	33
2786	24
2787	17
2788	22
2789	17
2790	26
2791	14
2792	19
2793	23
2794	31
2795	19
2796	30
2797	29
2798	15
2799	25
2800	17
2801	14
2802	18
2803	21
2804	32
2805	25
2806	18
2807	22
2808	29
2809	23
2810	19
2811	22
2812	23
2813	26
2814	28
2815	16
2816	22
2817	22
2818	29
2819	27
2820	21
2821	28
2822	18
2823	27
2824	19
2825	14
2826	15
2827	22
2828	16
2829	27
2830	21
2831	28
2832	21
2833	29
2834	17
2835	18
2836	22
2837	33
2838	22
2839	20
2840	27
2841	23
2842	27
2843	25
2844	16
2845	18
2846	16
2847	26
2848	31
2849	33
2850	26
2851	23
2852	32
2853	20
2854	20
2855	23
2856	22
2857	19
2858	22
2859	24
2860	25
2861	14
2862	26
2863	19
2864	28
2865	30
2866	19
2867	36
2868	27
2869	23
2870	31
2871	20
2872	22
2873	31
2874	27
2875	19
2876	23
2877	13
2878	30
2879	20
2880	23
2881	29
2882	29
2883	25
2884	21
2885	26
2886	24
2887	24
2888	22
2889	22
2890	25
2891	31
2892	22
2893	24
2894	21
2895	24
2896	21
2897	22
2898	22
2899	17
2900	25
2901	24
2902	28
2903	28
2904	18
2905	25
2906	30
2907	19
2908	25
2909	25
2910	24
2911	20
2912	19
2913	19
2914	27
2915	28
2916	26
2917	23
2918	26
2919	25
2920	28
2921	28
2922	25
2923	30
2924	41
2925	24
2926	18
2927	23
2928	32
2929	23
2930	24
2931	21
2932	24
2933	20
2934	28
2935	27
2936	26
2937	28
2938	31
2939	21
2940	32
2941	33
2942	20
2943	27
2944	25
2945	24
2946	29
2947	23
2948	22
2949	21
2950	25
2951	24
2952	23
2953	12
2954	22
2955	25
2956	21
2957	18
2958	32
2959	34
2960	27
2961	14
2962	26
2963	22
2964	34
2965	25
2966	24
2967	21
2968	31
2969	27
2970	12
2971	30
2972	38
2973	27
2974	27
2975	30
2976	31
2977	26
2978	18
2979	24
2980	30
2981	26
2982	25
2983	20
2984	21
2985	24
2986	26
2987	20
2988	19
2989	19
2990	25
2991	27
2992	25
2993	22
2994	21
2995	35
2996	25
2997	27
2998	24
2999	23
3000	25
3001	18
3002	24
3003	25
3004	29
3005	21
3006	25
3007	33
3008	33
3009	18
3010	21
3011	33
3012	27
3013	22
3014	27
3015	30
3016	26
3017	25
3018	24
3019	19
3020	21
3021	32
3022	20
3023	25
3024	28
3025	21
3026	22
3027	30
3028	35
3029	28
3030	23
3031	19
3032	24
3033	20
3034	28
3035	17
3036	25
3037	31
3038	19
3039	24
3040	26
3041	34
3042	30
3043	25
3044	19
3045	16
3046	31
3047	32
3048	28
3049	26
3050	18
3051	17
3052	18
3053	31
3054	25
3055	23
3056	25
3057	24
3058	31
3059	35
3060	22
3061	31
3062	31
3063	22
3064	23
3065	23
3066	19
3067	26
3068	32
3069	21
3070	26
3071	22
3072	21
3073	26
3074	38
3075	24
3076	22
3077	25
3078	32
3079	20
3080	27
3081	31
3082	23
3083	13
3084	24
3085	29
3086	30
3087	31
3088	30
3089	30
3090	34
3091	29
3092	30
3093	24
3094	42
3095	27
3096	29
3097	19
3098	40
3099	30
3100	14
3101	24
3102	29
3103	16
3104	35
3105	25
3106	25
3107	21
3108	21
3109	24
3110	28
3111	33
3112	25
3113	25
3114	20
3115	12
3116	29
3117	22
3118	22
3119	37
3120	22
3121	18
3122	34
3123	23
3124	24
3125	21
3126	21
3127	25
3128	24
3129	23
3130	17
3131	20
3132	29
3133	24
3134	38
3135	16
3136	24
3137	26
3138	23
3139	33
3140	27
3141	29
3142	22
3143	24
3144	25
3145	21
3146	29
3147	28
3148	19
3149	36
3150	29
3151	23
3152	21
3153	30
3154	26
3155	17
3156	21
3157	19
3158	20
3159	26
3160	29
3161	21
3162	26
3163	24
3164	18
3165	24
3166	31
3167	20
3168	28
3169	36
3170	18
3171	27
3172	29
3173	26
3174	25
3175	22
3176	25
3177	30
3178	19
3179	23
3180	21
3181	29
3182	21
3183	24
3184	19
3185	19
3186	19
3187	22
3188	19
3189	20
3190	15
3191	20
3192	16
3193	24
3194	16
3195	17
3196	21
3197	20
3198	21
3199	16
3200	23
3201	20
3202	21
3203	19
3204	16
3205	25
3206	16
3207	25
3208	15
3209	18
3210	22
3211	18
3212	19
3213	25
3214	15
3215	17
3216	22
3217	21
3218	25
3219	15
3220	20
3221	21
3222	13
3223	20
3224	20
3225	30
3226	16
3227	14
3228	25
3229	26
3230	21
3231	13
3232	14
3233	15
3234	18
3235	20
3236	22
3237	18
3238	23
3239	15
3240	24
3241	25
3242	17
3243	17
3244	16
3245	19
3246	15
3247	25
3248	9
3249	20
3250	13
3251	18
3252	27
3253	19
3254	24
3255	21
3256	16
3257	14
3258	15
3259	20
3260	12
3261	18
3262	21
3263	16
3264	24
3265	15
3266	11
3267	15
3268	25
3269	20
3270	22
3271	24
3272	20
3273	13
3274	22
3275	20
3276	12
3277	10
3278	15
3279	12
3280	15
3281	17
3282	10
3283	10
3284	14
3285	14
3286	24
3287	21
3288	12
3289	12
3290	12
3291	12
3292	19
3293	16
3294	13
3295	15
3296	24
3297	21
3298	17
3299	16
3300	13
3301	12
3302	22
3303	17
3304	13
3305	13
3306	14
3307	20
3308	20
3309	14
3310	13
3311	14
3312	10
3313	5
3314	18
3315	12
3316	8
3317	9
3318	9
3319	15
3320	14
3321	12
3322	8
3323	16
3324	15
3325	20
3326	14
3327	11
3328	11
3329	12
3330	9
3331	8
3332	9
3333	14
3334	4
3335	16
3336	9
3337	15
3338	15
3339	15
3340	14
3341	14
3342	16
3343	19
3344	11
3345	9
3346	13
3347	16
3348	8
3349	15
3350	10
3351	10
3352	7
3353	11
3354	17
3355	12
3356	14
3357	13
3358	12
3359	13
3360	8
3361	14
3362	12
3363	9
3364	7
3365	16
3366	11
3367	13
3368	6
3369	13
3370	14
3371	11
3372	10
3373	12
3374	6
3375	12
3376	12
3377	7
3378	9
3379	7
3380	7
3381	15
3382	5
3383	14
3384	10
3385	9
3386	12
3387	10
3388	9
3389	10
3390	11
3391	4
3392	8
3393	8
3394	11
3395	12
3396	14
3397	11
3398	7
3399	7
3400	12
3401	5
3402	5
3403	6
3404	10
3405	11
3406	9
3407	4
3408	8
3409	7
3410	13
3411	7
3412	12
3413	9
3414	3
3415	10
3416	7
3417	6
3418	8
3419	8
3420	6
3421	9
3422	6
3423	10
3424	14
3425	5
3426	8
3427	10
3428	10
3429	9
3430	11
3431	5
3432	3
3433	12
3434	8
3435	9
3436	11
3437	7
3438	9
3439	8
3440	7
3441	8
3442	11
3443	15
3444	8
3445	9
3446	9
3447	6
3448	7
3449	11
3450	9
3451	11
3452	12
3453	14
3454	8
3455	5
3456	15
3457	6
3458	8
3459	4
3460	7
3461	9
3462	12
3463	8
3464	5
3465	13
3466	9
3467	5
3468	4
3469	8
3470	5
3471	8
3472	11
3473	9
3474	14
3475	4
3476	4
3477	5
3478	9
3479	10
3480	7
3481	6
3482	9
3483	4
3484	2
3485	3
3486	9
3487	3
3488	2
3489	7
3490	8
3491	5
3492	8
3493	2
3494	5
3495	11
3496	7
3497	11
3498	7
3499	2
3500	3
3501	5
3502	6
3503	11
3504	1
3505	3
3506	8
3507	9
3508	2
3509	2
3510	4
3511	6
3512	5
3513	6
3514	9
3515	6
3516	6
3517	10
3518	2
3519	5
3520	5
3521	12
3522	4
3523	5
3524	11
3525	2
3526	9
3527	5
3528	2
3529	6
3530	3
3531	6
3532	6
3533	6
3534	5
3535	6
3536	10
3537	3
3538	6
3539	8
3540	5
3541	3
3542	3
3543	7
3544	5
3545	5
3546	9
3547	9
3548	6
3549	6
3550	2
3551	3
3552	8
3553	6
3554	5
3555	5
3556	1
3557	5
3558	7
3559	7
3560	6
3561	9
3562	4
3563	3
3564	6
3565	10
3566	3
3567	4
3568	2
3569	3
3570	6
3571	6
3572	3
3573	4
3574	6
3575	2
3576	7
3577	4
3578	8
3579	7
3580	4
3581	5
3582	3
3583	5
3584	5
3585	5
3586	5
3587	6
3588	4
3589	5
3590	3
3591	2
3592	6
3593	5
3594	3
3595	4
3596	7
3597	4
3598	2
3599	7
3600	8
3601	8
3602	9
3603	6
3604	7
3605	10
3606	7
3607	5
3608	5
3609	4
3610	11
3611	0
3612	1
3613	3
3614	7
3615	7
3616	2
3617	3
3618	3
3619	3
3620	2
3621	5
3622	5
3623	6
3624	10
3625	3
3626	8
3627	4
3628	4
3629	6
3630	4
3631	7
3632	6
3633	2
3634	5
3635	4
3636	6
3637	12
3638	6
3639	3
3640	3
3641	3
3642	3
3643	6
3644	8
3645	6
3646	7
3647	5
3648	10
3649	3
3650	9
3651	4
3652	4
3653	6
3654	6
3655	5
3656	7
3657	8
3658	3
3659	2
3660	3
3661	6
3662	9
3663	6
3664	6
3665	5
3666	9
3667	3
3668	4
3669	8
3670	1
3671	10
3672	5
3673	6
3674	5
3675	2
3676	8
3677	7
3678	4
3679	3
3680	8
3681	5
3682	4
3683	5
3684	7
3685	7
3686	3
3687	6
3688	7
3689	6
3690	3
3691	1
3692	6
3693	7
3694	4
3695	12
3696	4
3697	7
3698	6
3699	8
3700	7
3701	3
3702	7
3703	7
3704	7
3705	3
3706	14
3707	4
3708	11
3709	8
3710	7
3711	13
3712	7
3713	6
3714	8
3715	4
3716	7
3717	6
3718	9
3719	3
3720	8
3721	5
3722	8
3723	9
3724	7
3725	9
3726	9
3727	8
3728	9
3729	7
3730	11
3731	11
3732	11
3733	9
3734	14
3735	14
3736	8
3737	12
3738	9
3739	10
3740	12
3741	11
3742	12
3743	9
3744	13
3745	5
3746	11
3747	14
3748	13
3749	11
3750	14
3751	8
3752	19
3753	11
3754	17
3755	14
3756	8
3757	13
3758	15
3759	14
3760	9
3761	18
3762	16
3763	9
3764	11
3765	6
3766	17
3767	21
3768	15
3769	22
3770	13
3771	17
3772	17
3773	6
3774	11
3775	22
3776	17
3777	15
3778	26
3779	13
3780	14
3781	15
3782	15
3783	18
3784	13
3785	16
3786	16
3787	27
3788	19
3789	27
3790	35
3791	25
3792	25
3793	23
3794	23
3795	21
3796	20
3797	20
3798	24
3799	24
3800	20
3801	16
3802	21
3803	26
3804	31
3805	19
3806	19
3807	24
3808	24
3809	28
3810	28
3811	32
3812	28
3813	37
3814	38
3815	34
3816	31
3817	30
3818	33
3819	36
3820	33
3821	33
3822	42
3823	22
3824	38
3825	32
3826	33
3827	31
3828	42
3829	36
3830	32
3831	41
3832	25
3833	41
3834	43
3835	51
3836	27
3837	43
3838	45
3839	44
3840	30
3841	37
3842	40
3843	51
3844	39
3845	63
3846	49
3847	34
3848	41
3849	54
3850	54
3851	57
3852	52
3853	47
3854	40
3855	38
3856	58
3857	57
3858	51
3859	51
3860	50
3861	60
3862	43
3863	44
3864	53
3865	56
3866	46
3867	72
3868	65
3869	60
3870	52
3871	58
3872	72
3873	56
3874	65
3875	49
3876	62
3877	56
3878	65
3879	60
3880	58
3881	59
3882	70
3883	60
3884	79
3885	67
3886	53
3887	75
3888	63
3889	66
3890	86
3891	69
3892	72
3893	69
3894	73
3895	87
3896	73
3897	80
3898	88
3899	75
3900	73
3901	67
3902	76
3903	74
3904	88
3905	74
3906	89
3907	78
3908	69
3909	73
3910	80
3911	79
3912	81
3913	80
3914	61
3915	86
3916	73
3917	82
3918	84
3919	91
3920	104
3921	88
3922	98
3923	89
3924	101
3925	115
3926	102
3927	85
3928	87
3929	78
3930	86
3931	103
3932	119
3933	93
3934	99
3935	87
3936	107
3937	107
3938	105
3939	97
3940	107
3941	101
3942	101
3943	107
3944	91
3945	81
3946	104
3947	104
3948	110
3949	117
3950	97
3951	80
3952	99
3953	94
3954	97
3955	98
3956	88
3957	98
3958	92
3959	111
3960	105
3961	103
3962	99
3963	129
3964	101
3965	112
3966	100
3967	110
3968	97
3969	118
3970	118
3971	104
3972	99
3973	107
3974	105
3975	98
3976	118
3977	99
3978	100
3979	90
3980	107
3981	104
3982	112
3983	108
3984	95
3985	84
3986	91
3987	100
3988	95
3989	118
3990	94
3991	103
3992	108
3993	104
3994	87
3995	92
3996	105
3997	112
3998	96
3999	96
4000	102
4001	94
4002	95
4003	106
4004	113
4005	102
4006	109
4007	89
4008	101
4009	74
4010	106
4011	107
4012	103
4013	96
4014	86
4015	94
4016	105
4017	105
4018	105
4019	93
4020	86
4021	80
4022	90
4023	105
4024	97
4025	96
4026	106
4027	108
4028	105
4029	76
4030	99
4031	108
4032	89
4033	97
4034	91
4035	112
4036	124
4037	77
4038	86
4039	81
4040	98
4041	81
4042	74
4043	74
4044	80
4045	98
4046	94
4047	83
4048	66
4049	86
4050	71
4051	88
4052	84
4053	91
4054	86
4055	62
4056	89
4057	85
4058	79
4059	93
4060	73
4061	54
4062	72
4063	75
4064	80
4065	76
4066	76
4067	67
4068	77
4069	86
4070	59
4071	74
4072	60
4073	72
4074	70
4075	69
4076	75
4077	71
4078	62
4079	63
4080	79
4081	63
4082	50
4083	56
4084	64
4085	55
4086	58
4087	59
4088	68
4089	63
4090	45
4091	64
4092	63
4093	46
4094	58
4095	35
4096	55
4097	53
4098	56
4099	50
4100	43
4101	66
4102	60
4103	50
4104	51
4105	43
4106	48
4107	47
4108	48
4109	43
4110	33
4111	43
4112	41
4113	42
4114	54
4115	33
4116	42
4117	51
4118	30
4119	41
4120	44
4121	35
4122	46
4123	43
4124	38
4125	36
4126	40
4127	38
4128	29
4129	42
4130	45
4131	36
4132	29
4133	29
4134	39
4135	38
4136	34
4137	34
4138	35
4139	36
4140	36
4141	28
4142	28
4143	36
4144	20
4145	27
4146	33
4147	32
4148	27
4149	25
4150	24
4151	31
4152	34
4153	22
4154	35
4155	27
4156	16
4157	25
4158	24
4159	21
4160	31
4161	18
4162	21
4163	21
4164	22
4165	16
4166	27
4167	24
4168	21
4169	17
4170	18
4171	28
4172	21
4173	19
4174	17
4175	16
4176	17
4177	16
4178	18
4179	21
4180	15
4181	20
4182	20
4183	9
4184	15
4185	14
4186	5
4187	11
4188	12
4189	12
4190	11
4191	17
4192	9
4193	11
4194	9
4195	19
4196	10
4197	6
4198	11
4199	7
4200	7
4201	15
4202	12
4203	10
4204	10
4205	13
4206	8
4207	13
4208	5
4209	9
4210	12
4211	8
4212	9
4213	5
4214	11
4215	13
4216	6
4217	2
4218	5
4219	6
4220	6
4221	11
4222	5
4223	5
4224	8
4225	5
4226	4
4227	4
4228	9
4229	7
4230	9
4231	4
4232	1
4233	4
4234	2
4235	10
4236	4
4237	5
4238	4
4239	3
4240	4
4241	1
4242	5
4243	6
4244	13
4245	4
4246	3
4247	7
4248	8
4249	2
4250	9
4251	2
4252	7
4253	3
4254	3
4255	6
4256	6
4257	8
4258	4
4259	4
4260	9
4261	2
4262	3
4263	3
4264	2
4265	5
4266	2
4267	3
4268	4
4269	3
4270	4
4271	5
4272	1
4273	1
4274	4
4275	3
4276	2
4277	2
4278	5
4279	3
4280	1
4281	2
4282	7
4283	3
4284	2
4285	5
4286	7
4287	2
4288	0
4289	2
4290	1
4291	1
4292	1
4293	2
4294	1
4295	0
4296	7
4297	2
4298	2
4299	1
4300	4
4301	0
4302	0
4303	1
4304	0
4305	0
4306	3
4307	4
4308	4
4309	3
4310	1
4311	4
4312	2
4313	4
4314	2
4315	3
4316	4
4317	0
4318	0
4319	1
4320	3
4321	4
4322	2
4323	1
4324	2
4325	1
4326	1
4327	3
4328	1
4329	1
4330	0
4331	1
4332	3
4333	0
4334	2
4335	3
4336	4
4337	0
4338	0
4339	2
4340	2
4341	1
4342	0
4343	4
4344	1
4345	2
4346	1
4347	2
4348	1
4349	3
4350	1
4351	2
4352	1
4353	0
4354	1
4355	2
4356	2
4357	4
4358	2
4359	1
4360	1
4361	1
4362	1
4363	2
4364	2
4365	1
4366	2
4367	0
4368	0
4369	4
4370	2
4371	6
4372	0
4373	3
4374	2
4375	0
4376	1
4377	0
4378	4
4379	3
4380	1
4381	1
4382	0
4383	4
4384	2
4385	2
4386	1
4387	1
4388	2
4389	0
4390	5
4391	6
4392	2
4393	2
4394	1
4395	3
4396	1
4397	1
4398	1
4399	1
4400	2
4401	2
4402	1
4403	3
4404	0
4405	1
4406	1
4407	2
4408	4
4409	3
4410	4
4411	2
4412	2
4413	0
4414	1
4415	3
4416	2
4417	5
4418	1
4419	2
4420	0
4421	1
4422	2
4423	1
4424	2
4425	2
4426	1
4427	1
4428	2
4429	0
4430	0
4431	4
4432	3
4433	2
4434	1
4435	1
4436	3
4437	2
4438	0
4439	5
4440	2
4441	1
4442	3
4443	1
4444	2
4445	2
4446	2
4447	3
4448	2
4449	4
4450	3
4451	6
4452	1
4453	0
4454	1
4455	1
4456	1
4457	2
4458	2
4459	3
4460	2
4461	1
4462	1
4463	2
4464	2
4465	4
4466	3
4467	2
4468	2
4469	2
4470	2
4471	0
4472	2
4473	0
4474	0
4475	3
4476	2
4477	2
4478	1
4479	3
4480	2
4481	2
4482	5
4483	1
4484	4
4485	0
4486	1
4487	3
4488	4
4489	2
4490	3
4491	1
4492	1
4493	2
4494	6
4495	2
4496	2
4497	2
4498	2
4499	6
4500	1
4501	3
4502	3
4503	2
4504	1
4505	6
4506	2
4507	2
4508	4
4509	2
4510	4
4511	0
4512	2
4513	0
4514	2
4515	2
4516	1
4517	0
4518	7
4519	2
4520	2
4521	7
4522	2
4523	1
4524	5
4525	3
4526	6
4527	5
4528	5
4529	4
4530	2
4531	1
4532	3
4533	1
4534	3
4535	2
4536	2
4537	1
4538	2
4539	0
4540	4
4541	2
4542	5
4543	2
4544	3
4545	2
4546	2
4547	2
4548	1
4549	6
4550	6
4551	5
4552	1
4553	2
4554	1
4555	1
4556	3
4557	4
4558	0
4559	3
4560	1
4561	2
4562	5
4563	1
4564	5
4565	2
4566	2
4567	2
4568	0
4569	2
4570	4
4571	4
4572	0
4573	3
4574	0
4575	1
4576	3
4577	3
4578	3
4579	3
4580	1
4581	3
4582	3
4583	5
4584	3
4585	4
4586	4
4587	2
4588	1
4589	3
4590	2
4591	3
4592	1
4593	2
4594	2
4595	3
4596	5
4597	1
4598	1
4599	2
4600	1
4601	3
4602	2
4603	2
4604	3
4605	1
4606	3
4607	3
4608	2
4609	4
4610	4
4611	0
4612	2
4613	1
4614	5
4615	5
4616	3
4617	5
4618	3
4619	1
4620	1
4621	2
4622	4
4623	5
4624	1
4625	2
4626	1
4627	3
4628	3
4629	2
4630	1
4631	1
4632	2
4633	5
4634	1
4635	6
4636	5
4637	5
4638	1
4639	0
4640	3
4641	2
4642	3
4643	1
4644	1
4645	4
4646	3
4647	2
4648	2
4649	1
4650	1
4651	0
4652	3
4653	3
4654	4
4655	4
4656	3
4657	2
4658	1
4659	2
4660	2
4661	3
4662	2
4663	3
4664	2
4665	3
4666	4
4667	2
4668	0
4669	3
4670	2
4671	0
4672	2
4673	3
4674	0
4675	4
4676	3
4677	1
4678	3
4679	1
4680	1
4681	1
4682	0
4683	0
4684	2
4685	3
4686	1
4687	1
4688	0
4689	1
4690	0
4691	0
4692	1
4693	4
4694	3
4695	1
4696	1
4697	1
4698	2
4699	0
4700	1
4701	4
4702	1
4703	2
4704	3
4705	0
4706	0
4707	1
4708	3
4709	2
4710	1
4711	2
4712	1
4713	1
4714	0
4715	1
4716	1
4717	1
4718	1
4719	0
4720	0
4721	0
4722	1
4723	2
4724	0
4725	2
4726	2
4727	0
4728	1
4729	2
4730	2
4731	0
4732	1
4733	0
4734	0
4735	2
4736	1
4737	0
4738	3
4739	0
4740	1
4741	2
4742	0
4743	2
4744	1
4745	0
4746	0
4747	1
4748	1
4749	0
4750	0
4751	0
4752	2
4753	0
4754	1
4755	0
4756	1
4757	1
4758	1
4759	0
4760	1
4761	1
4762	2
4763	3
4764	0
4765	1
4766	1
4767	2
4768	1
4769	1
4770	0
4771	1
4772	0
4773	3
4774	0
4775	2
4776	1
4777	0
4778	1
4779	1
4780	0
4781	1
4782	2
4783	3
4784	0
4785	1
4786	0
4787	1
4788	1
4789	0
4790	0
4791	0
4792	1
4793	1
4794	0
4795	1
4796	1
4797	0
4798	0
4799	0
4800	0
4801	1
4802	1
4803	1
4804	0
4805	3
4806	1
4807	1
4808	1
4809	0
4810	1
4811	0
4812	1
4813	1
4814	0
4815	1
4816	0
4817	2
4818	0
4819	1
4820	0
4821	0
4822	0
4823	2
4824	1
4825	0
4826	1
4827	1
4828	0
4829	1
4830	0
4831	0
4832	1
4833	1
4834	0
4835	0
4836	2
4837	3
4838	0
4839	0
4840	0
4841	2
4842	1
4843	0
4844	0
4845	0
4846	0
4847	0
4848	0
4849	0
4850	2
4851	1
4852	0
4853	1
4854	1
4855	0
4856	1
4857	2
4858	0
4859	0
4860	1
4861	1
4862	1
4863	0
4864	1
4865	1
4866	0
4867	0
4868	0
4869	1
4870	0
4871	0
4872	1
4873	0
4874	0
4875	0
4876	2
4877	0
4878	0
4879	1
4880	2
4881	2
4882	0
4883	1
4884	1
4885	2
4886	0
4887	1
4888	0
4889	0
4890	0
4891	1
4892	0
4893	0
4894	0
4895	1
4896	2
4897	1
4898	3
4899	1
4900	1
4901	0
4902	1
4903	0
4904	2
4905	0
4906	1
4907	1
4908	0
4909	0
4910	0
4911	1
4912	0
4913	2
4914	0
4915	1
4916	0
4917	2
4918	0
4919	0
4920	1
4921	2
4922	0
4923	2
4924	2
4925	0
4926	1
4927	1
4928	0
4929	0
4930	0
4931	0
4932	1
4933	0
4934	1
4935	3
4936	0
4937	2
4938	1
4939	1
4940	0
4941	2
4942	1
4943	2
4944	1
4945	0
4946	0
4947	1
4948	0
4949	0
4950	1
4951	0
4952	3
4953	1
4954	0
4955	1
4956	0
4957	2
4958	1
4959	0
4960	0
4961	0
4962	0
4963	0
4964	2
4965	0
4966	0
4967	0
4968	0
4969	0
4970	0
4971	1
4972	0
4973	1
4974	0
4975	3
4976	2
4977	1
4978	3
4979	0
4980	0
4981	0
4982	0
4983	0
4984	1
4985	0
4986	2
4987	1
4988	0
4989	1
4990	3
4991	0
4992	0
4993	1
4994	1
4995	1
4996	1
4997	1
4998	2
4999	0
5000	0
5001	0
5002	0
5003	0
5004	0
5005	2
5006	0
5007	0
5008	2
5009	0
5010	1
5011	1
5012	2
5013	0
5014	0
5015	1
5016	0
5017	0
5018	1
5019	0
5020	0
5021	0
5022	0
5023	0
5024	0
5025	0
5026	0
5027	0
5028	1
5029	1
5030	1
5031	0
5032	0
5033	3
5034	0
5035	3
5036	0
5037	1
5038	1
5039	0
5040	1
5041	0
5042	0
5043	0
5044	0
5045	1
5046	1
5047	1
5048	2
5049	0
5050	0
5051	0
5052	0
5053	1
5054	0
5055	0
5056	1
5057	1
5058	0
5059	1
5060	2
5061	0
5062	1
5063	0
5064	1
5065	1
5066	0
5067	1
5068	1
5069	1
5070	1
5071	1
5072	0
5073	0
5074	0
5075	0
5076	0
5077	1
5078	1
5079	0
5080	0
5081	0
5082	0
5083	0
5084	0
5085	0
5086	0
5087	0
5088	1
5089	2
5090	0
5091	1
5092	1
5093	1
5094	1
5095	1
5096	1
5097	1
5098	0
5099	0
5100	0
5101	0
5102	1
5103	0
5104	0
5105	3
5106	1
5107	0
5108	0
5109	1
5110	1
5111	0
5112	0
5113	1
5114	0
5115	1
5116	1
5117	2
5118	0
5119	0
5120	1
5121	1
5122	1
5123	2
5124	1
5125	0
5126	0
5127	2
5128	0
5129	0
5130	0
5131	0
5132	0
5133	1
5134	1
5135	0
5136	0
5137	0
5138	2
5139	0
5140	0
5141	1
5142	0
5143	0
5144	0
5145	0
5146	0
5147	1
5148	1
5149	0
5150	0
5151	0
5152	0
5153	1
5154	0
5155	0
5156	0
5157	0
5158	0
5159	1
5160	0
5161	0
5162	0
5163	0
5164	0
5165	1
5166	1
5167	1
5168	0
5169	0
5170	0
5171	0
5172	1
5173	0
5174	0
5175	1
5176	0
5177	0
5178	1
5179	0
5180	0
5181	0
5182	0
5183	0
5184	0
5185	0
5186	0
5187	0
5188	0
5189	0
5190	2
5191	1
5192	0
5193	0
5194	1
5195	1
5196	1
5197	0
5198	0
5199	1
5200	1
5201	1
5202	0
5203	0
5204	1
5205	0
5206	1
5207	1
5208	0
5209	0
5210	0
5211	0
5212	0
5213	1
5214	0
5215	1
5216	1
5217	0
5218	0
5219	1
5220	0
5221	2
5222	0
5223	0
5224	0
5225	0
5226	1
5227	0
5228	1
5229	0
5230	0
5231	0
5232	0
5233	0
5234	0
5235	0
5236	0
5237	0
5238	0
5239	0
5240	0
5241	0
5242	0
5243	0
5244	1
5245	0
5246	0
5247	0
5248	0
5249	0
5250	1
5251	0
5252	0
5253	0
5254	1
5255	0
5256	0
5257	2
5258	0
5259	0
5260	0
5261	0
5262	0
5263	0
5264	1
5265	1
5266	0
5267	0
5268	0
5269	1
5270	1
5271	1
5272	1
5273	1
5274	0
5275	0
5276	0
5277	0
5278	0
5279	1
5280	0
5281	1
5282	0
5283	2
5284	0
5285	0
5286	0
5287	0
5288	0
5289	1
5290	1
5291	0
5292	0
5293	2
5294	0
5295	1
5296	0
5297	0
5298	0
5299	0
5300	0
5301	0
5302	0
5303	0
5304	2
5305	0
5306	1
5307	1
5308	1
5309	1
5310	0
5311	1
5312	2
5313	1
5314	3
5315	1
5316	1
5317	1
5318	0
5319	0
5320	0
5321	2
5322	1
5323	0
5324	0
5325	0
5326	0
5327	0
5328	1
5329	0
5330	0
5331	0
5332	0
5333	0
5334	1
5335	0
5336	0
5337	0
5338	0
5339	0
5340	2
5341	2
5342	0
5343	0
5344	0
5345	1
5346	0
5347	0
5348	0
5349	1
5350	0
5351	0
5352	1
5353	1
5354	0
5355	0
5356	1
5357	3
5358	0
5359	0
5360	0
5361	1
5362	0
5363	0
5364	0
5365	0
5366	0
5367	1
5368	0
5369	0
5370	0
5371	0
5372	1
5373	1
5374	0
5375	1
5376	0
5377	0
5378	0
5379	0
5380	0
5381	1
5382	1
5383	0
5384	1
5385	0
5386	0
5387	1
5388	1
5389	0
5390	0
5391	0
5392	0
5393	0
5394	0
5395	0
5396	1
5397	1
5398	1
5399	0
5400	0
5401	0
5402	1
5403	0
5404	0
5405	0
5406	1
5407	0
5408	0
5409	0
5410	0
5411	0
5412	1
5413	1
5414	0
5415	0
5416	1
5417	0
5418	0
5419	0
5420	2
5421	1
5422	1
5423	0
5424	3
5425	1
5426	1
5427	0
5428	0
5429	0
5430	2
5431	0
5432	0
5433	1
5434	1
5435	0
5436	0
5437	0
5438	0
5439	2
5440	0
5441	0
5442	1
5443	0
5444	1
5445	0
5446	0
5447	1
5448	1
5449	2
5450	2
5451	1
5452	0
5453	0
5454	0
5455	1
5456	2
5457	0
5458	2
5459	0
5460	0
5461	0
5462	1
5463	0
5464	0
5465	0
5466	1
5467	1
5468	3
5469	0
5470	0
5471	1
5472	2
5473	0
5474	0
5475	0
5476	2
5477	0
5478	1
5479	0
5480	0
5481	0
5482	1
5483	1
5484	0
5485	0
5486	1
5487	1
5488	1
5489	0
5490	0
5491	2
5492	1
5493	0
5494	0
5495	0
5496	0
5497	0
5498	1
5499	0
5500	1
5501	0
5502	0
5503	0
5504	2
5505	0
5506	1
5507	1
5508	1
5509	1
5510	1
5511	0
5512	2
5513	1
5514	1
5515	0
5516	1
5517	2
5518	0
5519	0
5520	1
5521	1
5522	3
5523	2
5524	1
5525	0
5526	1
5527	1
5528	0
5529	2
5530	1
5531	0
5532	0
5533	1
5534	0
5535	1
5536	0
5537	1
5538	0
5539	2
5540	0
5541	0
5542	1
5543	0
5544	0
5545	1
5546	2
5547	2
5548	1
5549	1
5550	1
5551	1
5552	0
5553	0
5554	4
5555	2
5556	0
5557	1
5558	2
5559	1
5560	0
5561	0
5562	4
5563	0
5564	1
5565	3
5566	1
5567	3
5568	1
5569	2
5570	0
5571	0
5572	1
5573	1
5574	1
5575	1
5576	0
5577	1
5578	2
5579	1
5580	2
5581	0
5582	1
5583	0
5584	0
5585	0
5586	2
5587	0
5588	0
5589	0
5590	1
5591	0
5592	1
5593	1
5594	1
5595	2
5596	1
5597	0
5598	1
5599	2
5600	0
5601	1
5602	1
5603	0
5604	1
5605	0
5606	0
5607	2
5608	3
5609	0
5610	0
5611	2
5612	0
5613	0
5614	2
5615	2
5616	3
5617	1
5618	1
5619	2
5620	2
5621	3
5622	1
5623	1
5624	2
5625	1
5626	2
5627	1
5628	1
5629	1
5630	0
5631	2
5632	3
5633	3
5634	1
5635	1
5636	2
5637	1
5638	2
5639	2
5640	1
5641	1
5642	0
5643	3
5644	0
5645	1
5646	0
5647	3
5648	1
5649	1
5650	0
5651	1
5652	0
5653	0
5654	2
5655	2
5656	2
5657	1
5658	1
5659	0
5660	0
5661	2
5662	1
5663	0
5664	2
5665	0
5666	0
5667	0
5668	2
5669	1
5670	0
5671	1
5672	2
5673	1
5674	1
5675	1
5676	3
5677	1
5678	1
5679	2
5680	0
5681	0
5682	0
5683	1
5684	1
5685	2
5686	2
5687	1
5688	2
5689	3
5690	3
5691	2
5692	2
5693	0
5694	1
5695	0
5696	1
5697	0
5698	2
5699	1
5700	0
5701	0
5702	0
5703	0
5704	0
5705	0
5706	2
5707	0
5708	0
5709	1
5710	1
5711	0
5712	0
5713	0
5714	1
5715	2
5716	1
5717	3
5718	0
5719	0
5720	2
5721	0
5722	0
5723	1
5724	1
5725	1
5726	0
5727	0
5728	1
5729	1
5730	2
5731	0
5732	1
5733	0
5734	1
5735	2
5736	0
5737	0
5738	0
5739	1
5740	1
5741	1
5742	1
5743	1
5744	1
5745	3
5746	1
5747	1
5748	0
5749	0
5750	0
5751	0
5752	0
5753	2
5754	0
5755	1
5756	2
5757	1
5758	0
5759	0
5760	1
5761	0
5762	0
5763	1
5764	0
5765	0
5766	1
5767	0
5768	0
5769	1
5770	0
5771	0
5772	1
5773	0
5774	0
5775	1
5776	0
5777	0
5778	2
5779	1
5780	1
5781	0
5782	1
5783	1
5784	1
5785	1
5786	0
5787	1
5788	1
5789	2
5790	1
5791	0
5792	0
5793	0
5794	1
5795	2
5796	1
5797	0
5798	1
5799	0
5800	3
5801	0
5802	0
5803	3
5804	1
5805	0
5806	0
5807	0
5808	1
5809	0
5810	1
5811	0
5812	0
5813	0
5814	1
5815	0
5816	0
5817	0
5818	0
5819	1
5820	1
5821	0
5822	0
5823	0
5824	1
5825	0
5826	1
5827	1
5828	1
5829	0
5830	2
5831	0
5832	0
5833	2
5834	0
5835	0
5836	0
5837	2
5838	0
5839	1
5840	0
5841	0
5842	0
5843	0
5844	0
5845	0
5846	0
5847	0
5848	0
5849	0
5850	0
5851	1
5852	0
5853	0
5854	0
5855	0
5856	1
5857	0
5858	1
5859	0
5860	0
5861	0
5862	0
5863	0
5864	1
5865	0
5866	0
5867	0
5868	0
5869	1
5870	1
5871	1
5872	0
5873	1
5874	1
5875	0
5876	0
5877	0
5878	0
5879	0
5880	0
5881	0
5882	0
5883	1
5884	0
5885	0
5886	0
5887	1
5888	0
5889	0
5890	1
5891	0
5892	0
5893	3
5894	0
5895	0
5896	0
5897	0
5898	1
5899	0
5900	0
5901	0
5902	0
5903	0
5904	0
5905	2
5906	0
5907	0
5908	0
5909	0
5910	0
5911	0
5912	0
5913	1
5914	0
5915	0
5916	0
5917	1
5918	2
5919	0
5920	0
5921	0
5922	0
5923	0
5924	0
5925	0
5926	0
5927	0
5928	1
5929	0
5930	0
5931	0
5932	0
5933	0
5934	2
5935	0
5936	0
5937	0
5938	0
5939	0
5940	1
5941	0
5942	0
5943	1
5944	0
5945	1
5946	0
5947	0
5948	1
5949	1
5950	0
5951	0
5952	0
5953	0
5954	0
5955	1
5956	0
5957	0
5958	0
5959	0
5960	0
5961	0
5962	1
5963	0
5964	0
5965	0
5966	0
5967	0
5968	0
5969	0
5970	1
5971	0
5972	0
5973	0
5974	0
5975	0
5976	0
5977	0
5978	1
5979	0
5980	0
5981	0
5982	0
5983	0
5984	0
5985	0
5986	0
5987	0
5988	1
5989	0
5990	0
5991	1
5992	0
5993	0
5994	0
5995	0
5996	0
5997	0
5998	0
5999	0
6000	1
6001	0
6002	0
6003	0
6004	0
6005	0
6006	0
6007	0
6008	0
6009	0
6010	1
6011	0
6012	0
6013	0
6014	0
6015	0
6016	0
6017	1
6018	0
6019	0
6020	1
6021	0
6022	0
6023	0
6024	0
6025	1
6026	0
6027	0
6028	1
6029	0
6030	0
6031	1
6032	0
6033	0
6034	1
6035	0
6036	0
6037	0
6038	0
6039	1
6040	0
6041	0
6042	0
6043	0
6044	0
6045	0
6046	0
6047	0
6048	0
6049	0
6050	0
6051	0
6052	0
6053	0
6054	0
6055	0
6056	0
6057	0
6058	0
6059	1
6060	1
6061	0
6062	0
6063	0
6064	0
6065	0
6066	1
6067	0
6068	0
6069	0
6070	0
6071	0
6072	0
6073	0
6074	0
6075	0
6076	0
6077	0
6078	0
6079	0
6080	0
6081	0
6082	0
6083	0
6084	1
6085	0
6086	0
6087	0
6088	0
6089	0
6090	0
6091	1
6092	0
6093	0
6094	0
6095	0
6096	0
6097	0
6098	0
6099	0
6100	0
6101	0
6102	0
6103	0
6104	0
6105	1
6106	0
6107	0
6108	0
6109	0
6110	0
6111	0
6112	1
6113	0
6114	0
6115	2
6116	0
6117	0
6118	0
6119	0
6120	0
6121	0
6122	0
6123	1
6124	0
6125	0
6126	0
6127	1
6128	0
6129	0
6130	0
6131	0
6132	2
6133	0
6134	0
6135	0
6136	0
6137	0
6138	0
6139	0
6140	0
6141	0
6142	0
6143	0
6144	0
6145	0
6146	0
6147	0
6148	0
6149	0
6150	0
6151	0
6152	0
6153	0
6154	0
6155	0
6156	0
6157	0
6158	0
6159	0
6160	0
6161	2
6162	0
6163	1
6164	0
6165	0
6166	0
6167	0
6168	0
6169	1
6170	0
6171	0
6172	0
6173	0
6174	0
6175	0
6176	1
6177	1
6178	0
6179	0
6180	1
6181	0
6182	0
6183	0
6184	0
6185	0
6186	0
6187	0
6188	0
6189	0
6190	0
6191	0
6192	0
6193	0
6194	0
6195	0
6196	0
6197	0
6198	0
6199	0
6200	0
6201	0
6202	0
6203	0
6204	0
6205	0
6206	0
6207	0
6208	0
6209	0
6210	0
6211	0
6212	0
6213	0
6214	0
6215	0
6216	0
6217	0
6218	0
6219	0
6220	1
6221	0
6222	0
6223	0
6224	0
6225	0
6226	1
6227	0
6228	0
6229	1
6230	0
6231	0
6232	0
6233	0
6234	0
6235	0
6236	0
6237	0
6238	0
6239	0
6240	0
6241	0
6242	0
6243	0
6244	0
6245	1
6246	0
6247	1
6248	0
6249	0
6250	0
6251	0
6252	0
6253	0
6254	0
6255	1
6256	0
6257	0
6258	0
6259	1
6260	0
6261	0
6262	0
6263	0
6264	1
6265	0
6266	1
6267	0
6268	0
6269	1
6270	0
6271	0
6272	0
6273	0
6274	0
6275	0
6276	0
6277	0
6278	0
6279	0
6280	1
6281	0
6282	0
6283	0
6284	1
6285	0
6286	0
6287	0
6288	0
6289	0
6290	0
6291	0
6292	0
6293	0
6294	0
6295	0
6296	0
6297	0
6298	0
6299	1
6300	0
6301	0
6302	0
6303	0
6304	1
6305	0
6306	1
6307	0
6308	0
6309	0
6310	0
6311	0
6312	0
6313	0
6314	0
6315	0
6316	0
6317	0
6318	0
6319	0
6320	0
6321	0
6322	0
6323	0
6324	0
6325	0
6326	0
6327	0
6328	0
6329	0
6330	0
6331	0
6332	0
6333	0
6334	0
6335	0
6336	0
6337	0
6338	0
6339	0
6340	0
6341	0
6342	0
6343	1
6344	1
6345	0
6346	0
6347	0
6348	0
6349	0
6350	0
6351	0
6352	0
6353	0
6354	0
6355	0
6356	0
6357	1
6358	0
6359	0
6360	1
6361	1
6362	0
6363	0
6364	0
6365	0
6366	0
6367	0
6368	0
6369	0
6370	0
6371	0
6372	0
6373	0
6374	1
6375	0
6376	0
6377	1
6378	0
6379	0
6380	0
6381	0
6382	0
6383	0
6384	0
6385	0
6386	2
6387	0
6388	0
6389	0
6390	0
6391	0
6392	0
6393	0
6394	1
6395	0
6396	0
6397	0
6398	1
6399	0
6400	0
6401	0
6402	0
6403	1
6404	0
6405	0
6406	0
6407	0
6408	0
6409	0
6410	0
6411	0
6412	0
6413	0
6414	0
6415	0
6416	1
6417	0
6418	1
6419	0
6420	0
6421	0
6422	0
6423	0
6424	0
6425	0
6426	1
6427	0
6428	0
6429	0
6430	0
6431	0
6432	0
6433	1
6434	0
6435	0
6436	0
6437	0
6438	0
6439	0
6440	0
6441	1
6442	0
6443	0
6444	0
6445	0
6446	1
6447	0
6448	0
6449	1
6450	1
6451	1
6452	0
6453	0
6454	0
6455	0
6456	0
6457	0
6458	0
6459	0
6460	0
6461	1
6462	0
6463	1
6464	0
6465	0
6466	0
6467	0
6468	0
6469	0
6470	0
6471	0
6472	0
6473	0
6474	0
6475	0
6476	0
6477	1
6478	0
6479	0
6480	0
6481	0
6482	0
6483	0
6484	0
6485	0
6486	0
6487	1
6488	1
6489	1
6490	0
6491	0
6492	0
6493	0
6494	0
6495	1
6496	0
6497	0
6498	0
6499	0
6500	1
6501	0
6502	0
6503	0
6504	0
6505	0
6506	0
6507	0
6508	1
6509	0
6510	1
6511	0
6512	0
6513	0
6514	1
6515	1
6516	0
6517	0
6518	0
6519	0
6520	0
6521	0
6522	0
6523	0
6524	0
6525	0
6526	0
6527	0
6528	1
6529	0
6530	0
6531	0
6532	0
6533	0
6534	0
6535	1
6536	0
6537	0
6538	0
6539	1
6540	1
6541	0
6542	0
6543	0
6544	0
6545	0
6546	0
6547	0
6548	1
6549	0
6550	0
6551	0
6552	0
6553	0
6554	0
6555	0
6556	0
6557	0
6558	0
6559	0
6560	0
6561	0
6562	0
6563	0
6564	0
6565	0
6566	0
6567	0
6568	0
6569	1
6570	0
6571	0
6572	0
6573	0
6574	0
6575	0
6576	1
6577	0
6578	1
6579	0
6580	0
6581	0
6582	0
6583	1
6584	0
6585	0
6586	0
6587	0
6588	0
6589	0
6590	0
6591	0
6592	0
6593	0
6594	0
6595	0
6596	0
6597	1
6598	0
6599	0
6600	0
6601	1
6602	0
6603	0
6604	0
6605	0
6606	0
6607	0
6608	1
6609	0
6610	0
6611	0
6612	0
6613	1
6614	0
6615	0
6616	0
6617	0
6618	1
6619	1
6620	0
6621	0
6622	0
6623	0
6624	0
6625	0
6626	0
6627	0
6628	0
6629	0
6630	1
6631	1
6632	0
6633	1
6634	1
6635	0
6636	0
6637	0
6638	0
6639	1
6640	1
6641	0
6642	0
6643	0
6644	0
6645	1
6646	0
6647	0
6648	0
6649	0
6650	0
6651	0
6652	1
6653	0
6654	0
6655	1
6656	1
6657	1
6658	1
6659	1
6660	0
6661	0
6662	0
6663	0
6664	1
6665	0
6666	0
6667	1
6668	1
6669	0
6670	0
6671	0
6672	0
6673	1
6674	0
6675	0
6676	0
6677	1
6678	0
6679	0
6680	1
6681	0
6682	0
6683	0
6684	1
6685	0
6686	0
6687	0
6688	0
6689	0
6690	0
6691	0
6692	1
6693	0
6694	0
6695	0
6696	0
6697	0
6698	1
6699	0
6700	0
6701	0
6702	0
6703	1
6704	0
6705	0
6706	1
6707	0
6708	0
6709	0
6710	0
6711	0
6712	0
6713	1
6714	1
6715	0
6716	0
6717	1
6718	0
6719	0
6720	0
6721	0
6722	0
6723	1
6724	0
6725	0
6726	0
6727	0
6728	0
6729	1
6730	1
6731	0
6732	1
6733	0
6734	1
6735	0
6736	0
6737	0
6738	0
6739	0
6740	0
6741	0
6742	0
6743	0
6744	0
6745	0
6746	0
6747	0
6748	0
6749	0
6750	0
6751	2
6752	0
6753	0
6754	1
6755	0
6756	1
6757	0
6758	1
6759	0
6760	0
6761	0
6762	0
6763	0
6764	0
6765	0
6766	0
6767	0
6768	0
6769	1
6770	0
6771	0
6772	0
6773	0
6774	0
6775	0
6776	0
6777	0
6778	0
6779	0
6780	2
6781	0
6782	0
6783	0
6784	0
6785	0
6786	0
6787	0
6788	0
6789	0
6790	0
6791	0
6792	0
6793	0
6794	0
6795	0
6796	0
6797	0
6798	0
6799	0
6800	1
6801	0
6802	0
6803	0
6804	0
6805	0
6806	0
6807	0
6808	0
6809	0
6810	0
6811	0
6812	0
6813	1
6814	0
6815	0
6816	0
6817	0
6818	0
6819	0
6820	0
6821	0
6822	0
6823	0
6824	1
6825	0
6826	0
6827	0
6828	2
6829	0
6830	0
6831	0
6832	0
6833	0
6834	0
6835	0
6836	0
6837	0
6838	0
6839	1
6840	0
6841	0
6842	0
6843	0
6844	0
6845	0
6846	0
6847	0
6848	0
6849	0
6850	0
6851	0
6852	0
6853	0
6854	0
6855	0
6856	0
6857	0
6858	1
6859	0
6860	0
6861	0
6862	1
6863	0
6864	0
6865	0
6866	0
6867	0
6868	0
6869	0
6870	0
6871	0
6872	1
6873	0
6874	0
6875	0
6876	0
6877	0
6878	0
6879	0
6880	0
6881	0
6882	0
6883	0
6884	0
6885	0
6886	1
6887	0
6888	1
6889	0
6890	1
6891	0
6892	0
6893	0
6894	0
6895	0
6896	0
6897	0
6898	0
6899	0
6900	0
6901	1
6902	1
6903	0
6904	0
6905	0
6906	0
6907	0
6908	0
6909	1
6910	0
6911	2
6912	0
6913	0
6914	1
6915	2
6916	0
6917	0
6918	0
6919	0
6920	0
6921	0
6922	2
6923	0
6924	0
6925	0
6926	0
6927	0
6928	0
6929	0
6930	1
6931	0
6932	0
6933	0
6934	0
6935	0
6936	1
6937	0
6938	0
6939	0
6940	0
6941	1
6942	0
6943	1
6944	1
6945	0
6946	1
6947	0
6948	0
6949	0
6950	0
6951	0
6952	1
6953	0
6954	0
6955	0
6956	0
6957	0
6958	0
6959	0
6960	0
6961	0
6962	0
6963	0
6964	0
6965	0
6966	0
6967	0
6968	0
6969	1
6970	2
6971	0
6972	0
6973	0
6974	0
6975	0
6976	1
6977	1
6978	0
6979	0
6980	0
6981	0
6982	0
6983	0
6984	1
6985	1
6986	0
6987	0
6988	0
6989	0
6990	1
6991	0
6992	0
6993	0
6994	0
6995	0
6996	0
6997	0
6998	0
6999	0
7000	1
7001	1
7002	0
7003	0
7004	0
7005	0
7006	0
7007	0
7008	0
7009	0
7010	0
7011	0
7012	0
7013	0
7014	0
7015	1
7016	0
7017	0
7018	0
7019	1
7020	2
7021	0
7022	0
7023	0
7024	0
7025	2
7026	0
7027	0
7028	0
7029	0
7030	0
7031	0
7032	0
7033	0
7034	0
7035	0
7036	0
7037	0
7038	1
7039	0
7040	0
7041	1
7042	0
7043	0
7044	0
7045	1
7046	0
7047	0
7048	0
7049	0
7050	1
7051	0
7052	0
7053	0
7054	0
7055	0
7056	0
7057	0
7058	0
7059	0
7060	0
7061	0
7062	0
7063	0
7064	0
7065	0
7066	0
7067	0
7068	0
7069	0
7070	1
7071	0
7072	0
7073	0
7074	2
7075	0
7076	0
7077	0
7078	1
7079	0
7080	0
7081	0
7082	0
7083	0
7084	0
7085	0
7086	0
7087	0
7088	0
7089	0
7090	0
7091	0
7092	1
7093	0
7094	0
7095	0
7096	0
7097	0
7098	0
7099	0
7100	0
7101	0
7102	0
7103	0
7104	0
7105	0
7106	0
7107	0
7108	1
7109	0
7110	0
7111	0
7112	0
7113	2
7114	0
7115	0
7116	1
7117	0
7118	0
7119	0
7120	0
7121	0
7122	1
7123	0
7124	0
7125	0
7126	0
7127	0
7128	0
7129	0
7130	0
7131	0
7132	0
7133	0
7134	0
7135	0
7136	0
7137	0
7138	0
7139	1
7140	0
7141	1
7142	1
7143	0
7144	0
7145	0
7146	0
7147	1
7148	0
7149	0
7150	0
7151	0
7152	0
7153	0
7154	0
7155	0
7156	0
7157	0
7158	0
7159	0
7160	0
7161	0
7162	0
7163	0
7164	0
7165	0
7166	0
7167	0
7168	1
7169	0
7170	0
7171	0
7172	1
7173	0
7174	0
7175	1
7176	0
7177	0
7178	0
7179	0
7180	0
7181	0
7182	0
7183	0
7184	1
7185	0
7186	0
7187	0
7188	1
7189	0
7190	0
7191	0
7192	1
7193	0
7194	0
7195	0
7196	0
7197	0
7198	0
7199	0
7200	0
7201	0
7202	0
7203	0
7204	0
7205	1
7206	0
7207	1
7208	0
7209	0
7210	0
7211	0
7212	0
7213	0
7214	0
7215	0
7216	1
7217	1
7218	0
7219	0
7220	0
7221	0
7222	0
7223	0
7224	0
7225	0
7226	0
7227	0
7228	1
7229	0
7230	0
7231	1
7232	0
7233	1
7234	0
7235	0
7236	0
7237	0
7238	0
7239	0
7240	0
7241	1
7242	0
7243	0
7244	0
7245	0
7246	0
7247	0
7248	0
7249	0
7250	0
7251	1
7252	0
7253	0
7254	0
7255	0
7256	0
7257	0
7258	0
7259	0
7260	0
7261	0
7262	1
7263	1
7264	0
7265	0
7266	1
7267	0
7268	1
7269	0
7270	0
7271	0
7272	0
7273	0
7274	0
7275	0
7276	0
7277	0
7278	0
7279	0
7280	0
7281	1
7282	0
7283	1
7284	0
7285	0
7286	0
7287	0
7288	0
7289	0
7290	0
7291	0
7292	0
7293	0
7294	0
7295	0
7296	0
7297	0
7298	0
7299	0
7300	0
7301	0
7302	0
7303	0
7304	0
7305	1
7306	0
7307	0
7308	0
7309	0
7310	0
7311	0
7312	0
7313	0
7314	0
7315	0
7316	1
7317	0
7318	0
7319	0
7320	0
7321	0
7322	0
7323	0
7324	0
7325	0
7326	0
7327	0
7328	0
7329	0
7330	0
7331	0
7332	0
7333	0
7334	1
7335	0
7336	0
7337	0
7338	0
7339	1
7340	0
7341	0
7342	0
7343	1
7344	0
7345	0
7346	0
7347	0
7348	0
7349	0
7350	0
7351	0
7352	0
7353	0
7354	0
7355	0
7356	0
7357	0
7358	0
7359	1
7360	0
7361	0
7362	1
7363	0
7364	0
7365	0
7366	0
7367	0
7368	0
7369	0
7370	0
7371	0
7372	0
7373	1
7374	0
7375	0
7376	0
7377	0
7378	1
7379	0
7380	0
7381	0
7382	0
7383	0
7384	1
7385	0
7386	2
7387	0
7388	0
7389	0
7390	0
7391	0
7392	0
7393	0
7394	0
7395	0
7396	0
7397	0
7398	0
7399	0
7400	0
7401	2
7402	0
7403	2
7404	0
7405	0
7406	0
7407	0
7408	0
7409	0
7410	0
7411	0
7412	0
7413	0
7414	1
7415	0
7416	0
7417	0
7418	1
7419	0
7420	0
7421	0
7422	0
7423	0
7424	0
7425	1
7426	0
7427	0
7428	0
7429	0
7430	0
7431	0
7432	0
7433	0
7434	0
7435	0
7436	0
7437	0
7438	0
7439	0
7440	0
7441	0
7442	0
7443	0
7444	0
7445	1
7446	0
7447	0
7448	0
7449	0
7450	1
7451	0
7452	0
7453	0
7454	0
7455	0
7456	1
7457	0
7458	0
7459	0
7460	0
7461	0
7462	0
7463	0
7464	0
7465	0
7466	0
7467	0
7468	0
7469	0
7470	0
7471	1
7472	0
7473	0
7474	0
7475	0
7476	0
7477	0
7478	0
7479	0
7480	0
7481	0
7482	0
7483	0
7484	0
7485	0
7486	0
7487	0
7488	1
7489	0
7490	0
7491	0
7492	0
7493	0
7494	0
7495	0
7496	0
7497	0
7498	0
7499	0
7500	0
7501	0
7502	0
7503	0
7504	0
7505	0
7506	0
7507	0
7508	1
7509	0
7510	0
7511	0
7512	0
7513	0
7514	0
7515	0
7516	0
7517	0
7518	0
7519	0
7520	0
7521	0
7522	0
7523	0
7524	0
7525	0
7526	0
7527	0
7528	0
7529	1
7530	0
7531	0
7532	1
7533	0
7534	0
7535	0
7536	0
7537	0
7538	0
7539	0
7540	0
7541	1
7542	0
7543	0
7544	0
7545	0
7546	0
7547	0
7548	0
7549	0
7550	1
7551	0
7552	1
7553	0
7554	0
7555	0
7556	0
7557	0
7558	0
7559	0
7560	0
7561	0
7562	0
7563	0
7564	0
7565	0
7566	0
7567	0
7568	0
7569	0
7570	0
7571	0
7572	1
7573	0
7574	0
7575	0
7576	0
7577	1
7578	0
7579	0
7580	0
7581	0
7582	0
7583	0
7584	0
7585	0
7586	0
7587	0
7588	0
7589	0
7590	0
7591	0
7592	0
7593	0
7594	0
7595	1
7596	0
7597	0
7598	0
7599	0
7600	0
7601	0
7602	0
7603	0
7604	0
7605	0
7606	0
7607	0
7608	0
7609	0
7610	0
7611	0
7612	0
7613	0
7614	0
7615	0
7616	0
7617	0
7618	0
7619	0
7620	0
7621	0
7622	0
7623	1
7624	0
7625	0
7626	0
7627	0
7628	0
7629	0
7630	0
7631	0
7632	0
7633	0
7634	0
7635	0
7636	0
7637	0
7638	0
7639	0
7640	0
7641	0
7642	0
7643	0
7644	0
7645	0
7646	0
7647	1
7648	0
7649	0
7650	0
7651	0
7652	0
7653	0
7654	0
7655	0
7656	0
7657	0
7658	0
7659	0
7660	0
7661	0
7662	0
7663	0
7664	0
7665	0
7666	0
7667	0
7668	0
7669	0
7670	0
7671	0
7672	0
7673	0
7674	0
7675	0
7676	0
7677	1
7678	0
7679	0
7680	2
7681	0
7682	0
7683	0
7684	0
7685	0
7686	0
7687	1
7688	0
7689	0
7690	0
7691	0
7692	0
7693	0
7694	0
7695	0
7696	0
7697	0
7698	0
7699	0
7700	0
7701	0
7702	0
7703	0
7704	0
7705	0
7706	0
7707	0
7708	0
7709	1
7710	0
7711	0
7712	0
7713	0
7714	0
7715	0
7716	0
7717	0
7718	0
7719	0
7720	0
7721	0
7722	0
7723	0
7724	0
7725	0
7726	0
7727	0
7728	0
7729	0
7730	0
7731	0
7732	0
7733	1
7734	0
7735	1
7736	0
7737	0
7738	0
7739	0
7740	0
7741	0
7742	0
7743	0
7744	0
7745	0
7746	0
7747	0
7748	0
7749	0
7750	0
7751	0
7752	0
7753	0
7754	0
7755	0
7756	0
7757	0
7758	1
7759	0
7760	0
7761	0
7762	0
7763	1
7764	0
7765	0
7766	0
7767	0
7768	0
7769	0
7770	0
7771	0
7772	0
7773	2
7774	0
7775	1
7776	0
7777	0
7778	0
7779	0
7780	0
7781	0
7782	0
7783	1
7784	0
7785	1
7786	0
7787	0
7788	0
7789	0
7790	0
7791	0
7792	0
7793	0
7794	0
7795	0
7796	0
7797	0
7798	0
7799	0
7800	0
7801	0
7802	0
7803	0
7804	0
7805	0
7806	0
7807	0
7808	1
7809	0
7810	0
7811	0
7812	0
7813	0
7814	0
7815	0
7816	0
7817	0
7818	0
7819	0
7820	0
7821	0
7822	1
7823	0
7824	0
7825	0
7826	0
7827	0
7828	0
7829	0
7830	0
7831	0
7832	0
7833	0
7834	0
7835	0
7836	0
7837	0
7838	0
7839	0
7840	0
7841	0
7842	0
7843	0
7844	0
7845	0
7846	0
7847	0
7848	0
7849	0
7850	0
7851	0
7852	0
7853	0
7854	0
7855	0
7856	1
7857	0
7858	0
7859	0
7860	0
7861	0
7862	0
7863	0
7864	0
7865	0
7866	0
7867	0
7868	0
7869	0
7870	0
7871	0
7872	0
7873	0
7874	1
7875	0
7876	0
7877	0
7878	0
7879	0
7880	0
7881	0
7882	0
7883	0
7884	0
7885	0
7886	0
7887	0
7888	0
7889	0
7890	0
7891	0
7892	0
7893	0
7894	0
7895	0
7896	1
7897	0
7898	0
7899	0
7900	1
7901	0
7902	1
7903	0
7904	1
7905	0
7906	0
7907	1
7908	0
7909	0
7910	0
7911	1
7912	0
7913	0
7914	0
7915	0
7916	1
7917	0
7918	0
7919	0
7920	0
7921	0
7922	0
7923	0
7924	0
7925	0
7926	0
7927	0
7928	0
7929	0
7930	0
7931	0
7932	0
7933	0
7934	0
7935	0
7936	0
7937	0
7938	0
7939	1
7940	1
7941	1
7942	0
7943	1
7944	0
7945	0
7946	1
7947	0
7948	2
7949	0
7950	0
7951	1
7952	0
7953	0
7954	0
7955	0
7956	0
7957	0
7958	0
7959	0
7960	0
7961	0
7962	0
7963	0
7964	0
7965	0
7966	0
7967	0
7968	1
7969	1
7970	0
7971	0
7972	0
7973	1
7974	0
7975	0
7976	0
7977	0
7978	0
7979	0
7980	0
7981	1
7982	0
7983	0
7984	0
7985	0
7986	0
7987	2
7988	0
7989	0
7990	2
7991	1
7992	0
7993	0
7994	0
7995	0
7996	1
7997	0
7998	2
7999	0
8000	0
8001	0
8002	0
8003	1
8004	0
8005	0
8006	0
8007	0
8008	1
8009	0
8010	1
8011	0
8012	0
8013	0
8014	0
8015	0
8016	0
8017	0
8018	0
8019	0
8020	0
8021	0
8022	0
8023	0
8024	0
8025	0
8026	0
8027	0
8028	0
8029	0
8030	0
8031	0
8032	0
8033	0
8034	0
8035	0
8036	0
8037	0
8038	0
8039	0
8040	0
8041	0
8042	0
8043	0
8044	0
8045	0
8046	0
8047	0
8048	0
8049	0
8050	0
8051	0
8052	0
8053	0
8054	0
8055	0
8056	0
8057	0
8058	0
8059	0
8060	0
8061	0
8062	0
8063	0
8064	0
8065	0
8066	0
8067	0
8068	0
8069	0
8070	0
8071	0
8072	0
8073	0
8074	0
8075	0
8076	0
8077	0
8078	0
8079	0
8080	0
8081	0
8082	0
8083	0
8084	0
8085	0
8086	0
8087	0
8088	0
8089	0
8090	0
8091	0
8092	0
8093	0
8094	0
8095	0
8096	0
8097	0
8098	0
8099	0
8100	0
8101	0
8102	0
8103	0
8104	0
8105	0
8106	0
8107	0
8108	0
8109	0
8110	0
8111	0
8112	0
8113	0
8114	0
8115	0
8116	0
8117	0
8118	0
8119	0
8120	0
8121	0
8122	0
8123	0
8124	0
8125	0
8126	0
8127	0
8128	0
8129	0
8130	0
8131	0
8132	0
8133	0
8134	0
8135	0
8136	0
8137	0
8138	0
8139	0
8140	0
8141	0
8142	0
8143	0
8144	0
8145	0
8146	0
8147	0
8148	0
8149	0
8150	0
8151	0
8152	0
8153	0
8154	0
8155	0
8156	0
8157	0
8158	0
8159	0
8160	0
8161	0
8162	0
8163	0
8164	0
8165	0
8166	0
8167	0
8168	0
8169	0
8170	0
8171	0
8172	0
8173	0
8174	0
8175	0
8176	0
8177	0
8178	0
8179	0
8180	0
8181	0
8182	0
8183	0
8184	0
8185	0
8186	0
8187	0
8188	0
8189	0
8190	0
8191	0
