0	0
1	0
2	0
3	0
4	0
5	0
6	0
7	0
8	0
9	0
10	0
11	0
12	0
13	0
14	0
15	0
16	0
17	0
18	0
19	0
20	0
21	0
22	0
23	0
24	0
25	0
26	0
27	0
28	0
29	0
30	0
31	0
32	0
33	0
34	0
35	1
36	0
37	0
38	1
39	0
40	0
41	3
42	1
43	0
44	21
45	98
46	173
47	165
48	155
49	165
50	152
51	134
52	115
53	106
54	93
55	106
56	100
57	83
58	84
59	89
60	100
61	96
62	80
63	104
64	102
65	99
66	100
67	86
68	87
69	88
70	90
71	90
72	89
73	94
74	89
75	116
76	81
77	118
78	81
79	104
80	69
81	74
82	83
83	77
84	71
85	75
86	77
87	74
88	73
89	77
90	80
91	80
92	74
93	79
94	85
95	77
96	88
97	81
98	83
99	86
100	77
101	86
102	75
103	81
104	92
105	69
106	72
107	76
108	91
109	90
110	68
111	96
112	86
113	87
114	113
115	75
116	85
117	86
118	86
119	78
120	82
121	81
122	74
123	84
124	89
125	86
126	92
127	86
128	84
129	92
130	79
131	92
132	98
133	95
134	111
135	86
136	94
137	85
138	92
139	93
140	83
141	91
142	83
143	109
144	98
145	105
146	84
147	90
148	108
149	85
150	101
151	88
152	106
153	111
154	92
155	112
156	100
157	115
158	98
159	86
160	111
161	107
162	107
163	89
164	114
165	88
166	106
167	123
168	90
169	96
170	128
171	105
172	105
173	106
174	108
175	93
176	99
177	125
178	127
179	95
180	105
181	118
182	117
183	109
184	120
185	96
186	120
187	120
188	114
189	111
190	123
191	123
192	121
193	136
194	120
195	124
196	120
197	120
198	136
199	105
200	118
201	126
202	118
203	114
204	162
205	136
206	125
207	129
208	123
209	138
210	148
211	118
212	121
213	128
214	140
215	148
216	145
217	135
218	124
219	144
220	115
221	131
222	140
223	145
224	165
225	142
226	126
227	165
228	148
229	139
230	159
231	156
232	152
233	143
234	151
235	187
236	165
237	145
238	151
239	165
240	174
241	165
242	150
243	166
244	190
245	179
246	173
247	177
248	175
249	179
250	181
251	180
252	188
253	165
254	193
255	178
256	187
257	181
258	204
259	203
260	171
261	178
262	180
263	188
264	186
265	176
266	170
267	176
268	202
269	149
270	178
271	170
272	162
273	155
274	181
275	197
276	151
277	154
278	172
279	164
280	143
281	145
282	186
283	171
284	168
285	196
286	152
287	180
288	149
289	167
290	161
291	158
292	158
293	166
294	179
295	176
296	174
297	166
298	176
299	160
300	175
301	176
302	156
303	164
304	178
305	174
306	149
307	147
308	143
309	159
310	148
311	170
312	167
313	147
314	191
315	153
316	153
317	159
318	135
319	165
320	155
321	166
322	168
323	162
324	141
325	166
326	176
327	154
328	155
329	169
330	170
331	174
332	162
333	142
334	155
335	165
336	157
337	145
338	170
339	140
340	126
341	161
342	156
343	150
344	155
345	153
346	137
347	135
348	151
349	146
350	151
351	149
352	159
353	160
354	167
355	165
356	140
357	159
358	149
359	151
360	168
361	148
362	156
363	143
364	148
365	150
366	146
367	141
368	155
369	162
370	161
371	156
372	157
373	143
374	191
375	148
376	145
377	170
378	158
379	164
380	169
381	148
382	153
383	143
384	142
385	171
386	149
387	173
388	157
389	158
390	153
391	162
392	150
393	151
394	147
395	152
396	166
397	181
398	159
399	150
400	152
401	143
402	139
403	133
404	135
405	140
406	149
407	155
408	170
409	155
410	160
411	139
412	186
413	120
414	160
415	139
416	167
417	154
418	141
419	169
420	138
421	144
422	149
423	171
424	158
425	131
426	155
427	154
428	134
429	143
430	137
431	150
432	156
433	161
434	123
435	149
436	149
437	157
438	150
439	152
440	161
441	120
442	164
443	151
444	154
445	127
446	157
447	137
448	128
449	152
450	135
451	141
452	135
453	156
454	135
455	161
456	162
457	139
458	138
459	151
460	154
461	130
462	165
463	157
464	125
465	156
466	147
467	143
468	180
469	144
470	160
471	120
472	141
473	137
474	139
475	138
476	158
477	145
478	141
479	157
480	146
481	156
482	144
483	137
484	134
485	142
486	131
487	143
488	139
489	146
490	135
491	140
492	146
493	137
494	125
495	150
496	141
497	133
498	138
499	134
500	143
501	148
502	147
503	135
504	129
505	142
506	126
507	120
508	139
509	130
510	165
511	136
512	150
513	156
514	136
515	142
516	165
517	126
518	137
519	140
520	136
521	120
522	146
523	132
524	159
525	131
526	144
527	138
528	154
529	122
530	150
531	159
532	128
533	143
534	161
535	153
536	120
537	137
538	149
539	128
540	136
541	137
542	129
543	136
544	155
545	151
546	164
547	155
548	137
549	116
550	132
551	154
552	150
553	133
554	134
555	171
556	125
557	154
558	159
559	160
560	150
561	149
562	130
563	144
564	134
565	150
566	140
567	149
568	143
569	166
570	140
571	153
572	163
573	174
574	147
575	146
576	154
577	153
578	143
579	161
580	168
581	154
582	161
583	154
584	139
585	137
586	144
587	144
588	149
589	182
590	148
591	153
592	152
593	151
594	154
595	142
596	150
597	157
598	156
599	154
600	152
601	169
602	170
603	155
604	139
605	169
606	162
607	153
608	159
609	160
610	152
611	166
612	161
613	149
614	162
615	126
616	137
617	149
618	165
619	159
620	125
621	142
622	146
623	136
624	156
625	161
626	139
627	146
628	130
629	133
630	136
631	120
632	156
633	137
634	128
635	132
636	134
637	150
638	138
639	137
640	147
641	130
642	134
643	150
644	126
645	137
646	137
647	128
648	130
649	137
650	132
651	137
652	126
653	143
654	133
655	129
656	152
657	153
658	133
659	141
660	137
661	135
662	129
663	123
664	128
665	121
666	138
667	115
668	129
669	133
670	150
671	121
672	148
673	124
674	137
675	106
676	129
677	136
678	143
679	126
680	127
681	125
682	128
683	126
684	139
685	137
686	127
687	134
688	139
689	127
690	119
691	142
692	125
693	112
694	132
695	120
696	120
697	129
698	150
699	122
700	145
701	116
702	110
703	139
704	127
705	131
706	137
707	151
708	147
709	128
710	127
711	132
712	130
713	116
714	137
715	119
716	133
717	125
718	143
719	140
720	140
721	143
722	120
723	135
724	113
725	122
726	119
727	133
728	124
729	131
730	138
731	115
732	128
733	145
734	96
735	137
736	135
737	135
738	121
739	117
740	123
741	105
742	130
743	130
744	129
745	119
746	130
747	110
748	133
749	123
750	100
751	145
752	145
753	112
754	120
755	130
756	123
757	125
758	130
759	126
760	111
761	114
762	124
763	132
764	124
765	137
766	110
767	121
768	111
769	129
770	106
771	126
772	139
773	130
774	124
775	105
776	119
777	127
778	120
779	125
780	129
781	117
782	103
783	119
784	101
785	104
786	97
787	119
788	122
789	108
790	110
791	108
792	109
793	115
794	118
795	97
796	116
797	138
798	125
799	122
800	120
801	127
802	118
803	125
804	122
805	122
806	131
807	108
808	111
809	108
810	105
811	106
812	126
813	105
814	114
815	102
816	118
817	124
818	105
819	114
820	108
821	96
822	107
823	106
824	118
825	117
826	88
827	104
828	126
829	119
830	123
831	126
832	116
833	119
834	110
835	114
836	103
837	115
838	119
839	96
840	96
841	107
842	112
843	121
844	103
845	116
846	94
847	115
848	99
849	108
850	103
851	98
852	97
853	103
854	104
855	97
856	114
857	97
858	114
859	121
860	91
861	105
862	94
863	108
864	108
865	104
866	103
867	113
868	106
869	101
870	85
871	99
872	103
873	107
874	96
875	106
876	116
877	107
878	81
879	103
880	120
881	99
882	100
883	126
884	110
885	127
886	96
887	108
888	120
889	110
890	129
891	102
892	84
893	122
894	99
895	116
896	127
897	109
898	121
899	92
900	114
901	104
902	102
903	105
904	100
905	105
906	100
907	103
908	121
909	113
910	103
911	104
912	105
913	105
914	119
915	100
916	111
917	114
918	121
919	108
920	101
921	105
922	106
923	105
924	98
925	101
926	99
927	104
928	118
929	94
930	114
931	119
932	120
933	114
934	102
935	110
936	113
937	105
938	104
939	93
940	93
941	107
942	118
943	109
944	106
945	100
946	100
947	106
948	103
949	108
950	117
951	106
952	113
953	99
954	120
955	118
956	92
957	105
958	95
959	114
960	116
961	113
962	112
963	97
964	106
965	91
966	101
967	102
968	102
969	104
970	94
971	109
972	110
973	108
974	91
975	116
976	121
977	95
978	97
979	88
980	112
981	126
982	102
983	112
984	91
985	95
986	103
987	104
988	115
989	104
990	111
991	112
992	103
993	113
994	106
995	110
996	107
997	104
998	128
999	97
1000	98
1001	96
1002	93
1003	92
1004	112
1005	99
1006	101
1007	90
1008	90
1009	100
1010	94
1011	97
1012	105
1013	101
1014	89
1015	94
1016	81
1017	89
1018	109
1019	113
1020	103
1021	101
1022	92
1023	78
1024	105
1025	120
1026	108
1027	107
1028	121
1029	79
1030	96
1031	86
1032	101
1033	94
1034	83
1035	73
1036	97
1037	74
1038	104
1039	84
1040	97
1041	96
1042	94
1043	105
1044	91
1045	97
1046	80
1047	82
1048	90
1049	88
1050	81
1051	98
1052	107
1053	78
1054	86
1055	82
1056	83
1057	84
1058	79
1059	83
1060	84
1061	86
1062	75
1063	81
1064	93
1065	81
1066	90
1067	90
1068	81
1069	74
1070	74
1071	89
1072	70
1073	89
1074	91
1075	96
1076	77
1077	62
1078	72
1079	94
1080	78
1081	93
1082	86
1083	61
1084	68
1085	68
1086	62
1087	79
1088	73
1089	79
1090	69
1091	63
1092	78
1093	77
1094	68
1095	65
1096	71
1097	76
1098	70
1099	57
1100	69
1101	45
1102	72
1103	62
1104	72
1105	62
1106	80
1107	69
1108	68
1109	78
1110	63
1111	78
1112	78
1113	75
1114	44
1115	78
1116	56
1117	68
1118	56
1119	69
1120	63
1121	66
1122	73
1123	75
1124	63
1125	83
1126	61
1127	67
1128	54
1129	64
1130	73
1131	58
1132	78
1133	55
1134	58
1135	82
1136	58
1137	50
1138	59
1139	73
1140	53
1141	57
1142	47
1143	51
1144	68
1145	60
1146	57
1147	54
1148	53
1149	56
1150	65
1151	55
1152	52
1153	84
1154	50
1155	69
1156	66
1157	44
1158	58
1159	63
1160	51
1161	46
1162	64
1163	62
1164	56
1165	47
1166	51
1167	55
1168	54
1169	64
1170	46
1171	59
1172	60
1173	59
1174	60
1175	56
1176	47
1177	54
1178	55
1179	57
1180	61
1181	63
1182	67
1183	61
1184	55
1185	69
1186	65
1187	49
1188	51
1189	72
1190	49
1191	56
1192	45
1193	53
1194	46
1195	64
1196	51
1197	61
1198	57
1199	69
1200	60
1201	47
1202	53
1203	49
1204	52
1205	55
1206	62
1207	68
1208	63
1209	51
1210	55
1211	62
1212	57
1213	63
1214	62
1215	66
1216	65
1217	56
1218	52
1219	54
1220	57
1221	67
1222	59
1223	51
1224	53
1225	55
1226	47
1227	51
1228	56
1229	49
1230	55
1231	53
1232	33
1233	54
1234	56
1235	76
1236	57
1237	60
1238	51
1239	63
1240	56
1241	48
1242	45
1243	52
1244	54
1245	50
1246	60
1247	75
1248	65
1249	62
1250	57
1251	55
1252	47
1253	54
1254	52
1255	49
1256	56
1257	64
1258	47
1259	70
1260	52
1261	75
1262	51
1263	55
1264	53
1265	54
1266	57
1267	48
1268	64
1269	55
1270	49
1271	44
1272	58
1273	65
1274	67
1275	61
1276	61
1277	62
1278	63
1279	55
1280	67
1281	57
1282	46
1283	56
1284	51
1285	68
1286	59
1287	53
1288	62
1289	55
1290	58
1291	55
1292	53
1293	60
1294	54
1295	58
1296	51
1297	57
1298	50
1299	58
1300	58
1301	72
1302	66
1303	74
1304	59
1305	61
1306	62
1307	58
1308	68
1309	50
1310	56
1311	52
1312	45
1313	53
1314	56
1315	68
1316	55
1317	51
1318	60
1319	75
1320	70
1321	48
1322	55
1323	55
1324	59
1325	55
1326	59
1327	65
1328	61
1329	60
1330	71
1331	56
1332	73
1333	62
1334	52
1335	79
1336	59
1337	57
1338	73
1339	59
1340	63
1341	54
1342	52
1343	54
1344	76
1345	70
1346	48
1347	68
1348	56
1349	74
1350	71
1351	64
1352	54
1353	54
1354	54
1355	63
1356	60
1357	59
1358	66
1359	66
1360	63
1361	59
1362	63
1363	57
1364	62
1365	60
1366	52
1367	76
1368	63
1369	50
1370	63
1371	72
1372	61
1373	63
1374	67
1375	58
1376	65
1377	60
1378	59
1379	61
1380	54
1381	70
1382	70
1383	65
1384	58
1385	74
1386	59
1387	62
1388	69
1389	83
1390	70
1391	66
1392	57
1393	55
1394	63
1395	59
1396	68
1397	52
1398	70
1399	66
1400	70
1401	59
1402	70
1403	66
1404	72
1405	51
1406	78
1407	64
1408	48
1409	71
1410	73
1411	82
1412	66
1413	60
1414	74
1415	52
1416	73
1417	65
1418	58
1419	64
1420	67
1421	68
1422	76
1423	65
1424	66
1425	71
1426	65
1427	76
1428	78
1429	75
1430	62
1431	75
1432	64
1433	74
1434	77
1435	57
1436	70
1437	63
1438	78
1439	69
1440	64
1441	63
1442	67
1443	70
1444	61
1445	64
1446	70
1447	69
1448	76
1449	69
1450	67
1451	68
1452	83
1453	54
1454	77
1455	71
1456	73
1457	72
1458	86
1459	72
1460	68
1461	77
1462	65
1463	78
1464	75
1465	56
1466	79
1467	54
1468	72
1469	73
1470	66
1471	81
1472	78
1473	71
1474	78
1475	75
1476	78
1477	81
1478	68
1479	74
1480	80
1481	76
1482	102
1483	81
1484	69
1485	91
1486	97
1487	104
1488	89
1489	93
1490	84
1491	91
1492	89
1493	77
1494	85
1495	87
1496	94
1497	101
1498	99
1499	90
1500	97
1501	124
1502	101
1503	100
1504	108
1505	89
1506	126
1507	100
1508	122
1509	124
1510	117
1511	113
1512	126
1513	111
1514	126
1515	128
1516	129
1517	124
1518	142
1519	126
1520	149
1521	135
1522	135
1523	143
1524	146
1525	175
1526	164
1527	156
1528	162
1529	151
1530	206
1531	158
1532	185
1533	182
1534	177
1535	191
1536	208
1537	211
1538	182
1539	201
1540	242
1541	190
1542	202
1543	216
1544	233
1545	213
1546	211
1547	240
1548	251
1549	236
1550	230
1551	277
1552	271
1553	257
1554	291
1555	275
1556	271
1557	332
1558	310
1559	267
1560	323
1561	326
1562	315
1563	311
1564	301
1565	354
1566	342
1567	368
1568	347
1569	359
1570	341
1571	332
1572	403
1573	344
1574	416
1575	410
1576	370
1577	416
1578	397
1579	411
1580	377
1581	417
1582	447
1583	459
1584	418
1585	454
1586	453
1587	477
1588	462
1589	419
1590	497
1591	473
1592	502
1593	522
1594	523
1595	541
1596	506
1597	542
1598	509
1599	562
1600	538
1601	557
1602	613
1603	577
1604	579
1605	563
1606	569
1607	547
1608	556
1609	576
1610	587
1611	563
1612	570
1613	571
1614	633
1615	601
1616	623
1617	627
1618	617
1619	639
1620	640
1621	619
1622	633
1623	651
1624	669
1625	682
1626	643
1627	654
1628	632
1629	666
1630	690
1631	641
1632	666
1633	625
1634	683
1635	717
1636	713
1637	686
1638	630
1639	715
1640	632
1641	659
1642	635
1643	641
1644	669
1645	699
1646	650
1647	677
1648	650
1649	632
1650	624
1651	617
1652	658
1653	660
1654	658
1655	636
1656	671
1657	630
1658	593
1659	655
1660	629
1661	615
1662	589
1663	577
1664	596
1665	637
1666	596
1667	601
1668	572
1669	636
1670	600
1671	611
1672	539
1673	511
1674	575
1675	524
1676	576
1677	538
1678	507
1679	509
1680	512
1681	512
1682	493
1683	493
1684	500
1685	498
1686	457
1687	454
1688	453
1689	443
1690	462
1691	457
1692	426
1693	464
1694	423
1695	425
1696	380
1697	433
1698	378
1699	363
1700	385
1701	365
1702	352
1703	347
1704	378
1705	349
1706	338
1707	331
1708	321
1709	310
1710	298
1711	296
1712	263
1713	298
1714	248
1715	261
1716	272
1717	289
1718	259
1719	264
1720	251
1721	244
1722	261
1723	203
1724	227
1725	220
1726	230
1727	195
1728	177
1729	174
1730	177
1731	206
1732	167
1733	166
1734	160
1735	164
1736	144
1737	150
1738	149
1739	157
1740	146
1741	128
1742	131
1743	149
1744	110
1745	111
1746	114
1747	112
1748	114
1749	111
1750	108
1751	107
1752	114
1753	115
1754	92
1755	101
1756	87
1757	92
1758	80
1759	78
1760	84
1761	57
1762	77
1763	59
1764	81
1765	71
1766	57
1767	71
1768	65
1769	66
1770	59
1771	57
1772	67
1773	53
1774	56
1775	58
1776	54
1777	47
1778	51
1779	68
1780	41
1781	46
1782	47
1783	41
1784	46
1785	43
1786	31
1787	36
1788	44
1789	47
1790	34
1791	25
1792	37
1793	40
1794	37
1795	50
1796	35
1797	41
1798	36
1799	37
1800	39
1801	35
1802	30
1803	32
1804	31
1805	32
1806	31
1807	30
1808	40
1809	28
1810	26
1811	29
1812	25
1813	41
1814	33
1815	29
1816	18
1817	20
1818	32
1819	29
1820	31
1821	29
1822	33
1823	21
1824	25
1825	21
1826	35
1827	25
1828	33
1829	21
1830	27
1831	31
1832	28
1833	28
1834	19
1835	32
1836	29
1837	34
1838	31
1839	27
1840	27
1841	20
1842	34
1843	26
1844	20
1845	33
1846	27
1847	29
1848	29
1849	18
1850	16
1851	23
1852	28
1853	36
1854	30
1855	24
1856	26
1857	17
1858	25
1859	21
1860	24
1861	26
1862	33
1863	21
1864	23
1865	20
1866	23
1867	22
1868	22
1869	32
1870	25
1871	28
1872	27
1873	22
1874	18
1875	35
1876	18
1877	28
1878	29
1879	29
1880	29
1881	26
1882	25
1883	24
1884	30
1885	19
1886	27
1887	19
1888	27
1889	25
1890	19
1891	36
1892	29
1893	31
1894	18
1895	25
1896	26
1897	30
1898	28
1899	21
1900	24
1901	21
1902	28
1903	23
1904	19
1905	23
1906	17
1907	23
1908	23
1909	22
1910	24
1911	29
1912	22
1913	32
1914	23
1915	22
1916	25
1917	29
1918	19
1919	24
1920	25
1921	31
1922	34
1923	22
1924	28
1925	30
1926	29
1927	25
1928	28
1929	18
1930	22
1931	23
1932	21
1933	17
1934	26
1935	26
1936	19
1937	21
1938	29
1939	25
1940	22
1941	41
1942	17
1943	34
1944	25
1945	28
1946	28
1947	16
1948	29
1949	16
1950	17
1951	31
1952	27
1953	33
1954	19
1955	24
1956	32
1957	24
1958	33
1959	25
1960	19
1961	25
1962	21
1963	29
1964	25
1965	28
1966	30
1967	26
1968	25
1969	19
1970	30
1971	31
1972	27
1973	29
1974	24
1975	29
1976	28
1977	30
1978	18
1979	29
1980	23
1981	32
1982	22
1983	24
1984	21
1985	17
1986	31
1987	33
1988	29
1989	18
1990	21
1991	16
1992	27
1993	31
1994	16
1995	22
1996	25
1997	23
1998	22
1999	22
2000	21
2001	28
2002	26
2003	21
2004	23
2005	21
2006	28
2007	26
2008	25
2009	22
2010	21
2011	21
2012	21
2013	25
2014	17
2015	12
2016	35
2017	22
2018	24
2019	24
2020	27
2021	25
2022	17
2023	27
2024	22
2025	26
2026	27
2027	22
2028	27
2029	23
2030	22
2031	21
2032	16
2033	37
2034	20
2035	27
2036	25
2037	22
2038	24
2039	21
2040	22
2041	26
2042	29
2043	28
2044	37
2045	22
2046	24
2047	24
2048	25
2049	16
2050	18
2051	20
2052	27
2053	20
2054	34
2055	30
2056	24
2057	20
2058	18
2059	34
2060	19
2061	24
2062	21
2063	23
2064	27
2065	23
2066	22
2067	29
2068	23
2069	16
2070	24
2071	28
2072	33
2073	27
2074	27
2075	24
2076	18
2077	38
2078	26
2079	28
2080	29
2081	27
2082	22
2083	24
2084	29
2085	25
2086	19
2087	25
2088	20
2089	25
2090	28
2091	21
2092	27
2093	19
2094	30
2095	23
2096	17
2097	26
2098	33
2099	21
2100	31
2101	20
2102	24
2103	29
2104	28
2105	27
2106	33
2107	21
2108	35
2109	23
2110	25
2111	28
2112	20
2113	24
2114	24
2115	30
2116	25
2117	24
2118	24
2119	32
2120	21
2121	31
2122	28
2123	26
2124	27
2125	21
2126	15
2127	33
2128	23
2129	15
2130	17
2131	31
2132	24
2133	24
2134	19
2135	34
2136	28
2137	28
2138	26
2139	24
2140	29
2141	32
2142	15
2143	20
2144	25
2145	22
2146	32
2147	18
2148	20
2149	26
2150	33
2151	24
2152	31
2153	25
2154	20
2155	28
2156	20
2157	23
2158	25
2159	22
2160	18
2161	31
2162	30
2163	28
2164	23
2165	21
2166	23
2167	14
2168	27
2169	27
2170	26
2171	27
2172	22
2173	29
2174	21
2175	12
2176	21
2177	21
2178	31
2179	20
2180	15
2181	24
2182	19
2183	27
2184	26
2185	18
2186	22
2187	22
2188	22
2189	25
2190	17
2191	24
2192	26
2193	12
2194	24
2195	34
2196	26
2197	23
2198	17
2199	28
2200	25
2201	21
2202	21
2203	25
2204	11
2205	26
2206	30
2207	18
2208	35
2209	25
2210	27
2211	25
2212	18
2213	11
2214	26
2215	18
2216	33
2217	29
2218	19
2219	27
2220	23
2221	17
2222	16
2223	25
2224	24
2225	24
2226	18
2227	27
2228	23
2229	25
2230	23
2231	22
2232	18
2233	22
2234	27
2235	23
2236	29
2237	27
2238	26
2239	23
2240	25
2241	29
2242	16
2243	25
2244	16
2245	25
2246	29
2247	20
2248	13
2249	19
2250	20
2251	23
2252	25
2253	22
2254	27
2255	16
2256	28
2257	26
2258	25
2259	21
2260	21
2261	17
2262	21
2263	28
2264	18
2265	35
2266	21
2267	25
2268	16
2269	20
2270	25
2271	17
2272	24
2273	30
2274	30
2275	30
2276	18
2277	27
2278	16
2279	21
2280	26
2281	27
2282	30
2283	28
2284	27
2285	28
2286	25
2287	22
2288	22
2289	15
2290	29
2291	26
2292	33
2293	12
2294	26
2295	23
2296	26
2297	21
2298	28
2299	26
2300	25
2301	24
2302	20
2303	33
2304	27
2305	22
2306	32
2307	26
2308	26
2309	26
2310	22
2311	17
2312	19
2313	31
2314	18
2315	22
2316	24
2317	17
2318	22
2319	28
2320	21
2321	22
2322	20
2323	14
2324	27
2325	26
2326	21
2327	22
2328	23
2329	21
2330	27
2331	29
2332	31
2333	12
2334	23
2335	26
2336	21
2337	32
2338	23
2339	29
2340	25
2341	21
2342	22
2343	16
2344	15
2345	26
2346	28
2347	23
2348	22
2349	22
2350	20
2351	23
2352	18
2353	20
2354	26
2355	15
2356	17
2357	25
2358	27
2359	31
2360	30
2361	22
2362	20
2363	29
2364	24
2365	30
2366	20
2367	19
2368	30
2369	23
2370	16
2371	28
2372	19
2373	22
2374	30
2375	26
2376	21
2377	19
2378	24
2379	26
2380	28
2381	20
2382	26
2383	30
2384	24
2385	23
2386	20
2387	18
2388	16
2389	18
2390	11
2391	17
2392	15
2393	23
2394	18
2395	21
2396	28
2397	28
2398	14
2399	14
2400	30
2401	22
2402	20
2403	20
2404	12
2405	31
2406	28
2407	14
2408	16
2409	19
2410	18
2411	17
2412	27
2413	27
2414	24
2415	22
2416	25
2417	21
2418	32
2419	22
2420	25
2421	18
2422	22
2423	16
2424	26
2425	27
2426	24
2427	13
2428	20
2429	26
2430	21
2431	20
2432	17
2433	18
2434	16
2435	20
2436	27
2437	30
2438	33
2439	29
2440	20
2441	22
2442	18
2443	32
2444	29
2445	22
2446	21
2447	29
2448	18
2449	24
2450	23
2451	24
2452	23
2453	25
2454	31
2455	21
2456	18
2457	24
2458	24
2459	29
2460	31
2461	24
2462	27
2463	20
2464	16
2465	19
2466	21
2467	32
2468	32
2469	18
2470	27
2471	29
2472	21
2473	29
2474	33
2475	21
2476	28
2477	21
2478	25
2479	25
2480	25
2481	37
2482	23
2483	16
2484	26
2485	26
2486	26
2487	17
2488	25
2489	25
2490	18
2491	19
2492	19
2493	27
2494	16
2495	20
2496	31
2497	31
2498	25
2499	17
2500	20
2501	26
2502	22
2503	19
2504	19
2505	12
2506	28
2507	27
2508	24
2509	17
2510	22
2511	22
2512	20
2513	25
2514	25
2515	19
2516	20
2517	29
2518	24
2519	25
2520	31
2521	17
2522	27
2523	23
2524	18
2525	24
2526	27
2527	26
2528	20
2529	12
2530	23
2531	28
2532	34
2533	23
2534	19
2535	27
2536	13
2537	21
2538	20
2539	25
2540	27
2541	28
2542	29
2543	18
2544	20
2545	20
2546	30
2547	15
2548	21
2549	25
2550	24
2551	17
2552	19
2553	19
2554	18
2555	21
2556	19
2557	24
2558	22
2559	20
2560	22
2561	20
2562	32
2563	24
2564	21
2565	17
2566	21
2567	15
2568	17
2569	27
2570	25
2571	15
2572	19
2573	24
2574	26
2575	22
2576	23
2577	19
2578	24
2579	25
2580	12
2581	23
2582	20
2583	23
2584	23
2585	22
2586	23
2587	21
2588	29
2589	29
2590	33
2591	24
2592	25
2593	18
2594	24
2595	23
2596	25
2597	23
2598	24
2599	19
2600	27
2601	24
2602	20
2603	19
2604	18
2605	22
2606	23
2607	22
2608	19
2609	20
2610	23
2611	30
2612	30
2613	25
2614	18
2615	25
2616	30
2617	22
2618	18
2619	13
2620	31
2621	28
2622	22
2623	38
2624	20
2625	28
2626	23
2627	18
2628	24
2629	20
2630	29
2631	24
2632	18
2633	25
2634	21
2635	19
2636	23
2637	29
2638	25
2639	32
2640	25
2641	26
2642	16
2643	28
2644	23
2645	27
2646	30
2647	25
2648	25
2649	29
2650	19
2651	26
2652	21
2653	26
2654	23
2655	22
2656	20
2657	25
2658	22
2659	15
2660	31
2661	12
2662	21
2663	34
2664	27
2665	21
2666	33
2667	19
2668	22
2669	31
2670	20
2671	14
2672	19
2673	19
2674	18
2675	19
2676	24
2677	26
2678	26
2679	24
2680	23
2681	13
2682	16
2683	25
2684	23
2685	28
2686	25
2687	22
2688	23
2689	25
2690	21
2691	29
2692	23
2693	20
2694	26
2695	26
2696	22
2697	25
2698	18
2699	23
2700	15
2701	13
2702	29
2703	18
2704	13
2705	16
2706	18
2707	25
2708	20
2709	18
2710	27
2711	27
2712	20
2713	29
2714	22
2715	23
2716	16
2717	31
2718	18
2719	19
2720	18
2721	15
2722	14
2723	25
2724	22
2725	20
2726	22
2727	25
2728	31
2729	21
2730	16
2731	28
2732	22
2733	26
2734	26
2735	25
2736	31
2737	24
2738	21
2739	21
2740	22
2741	22
2742	25
2743	19
2744	22
2745	31
2746	26
2747	23
2748	22
2749	29
2750	24
2751	28
2752	23
2753	20
2754	16
2755	21
2756	24
2757	22
2758	30
2759	19
2760	21
2761	20
2762	16
2763	30
2764	18
2765	25
2766	23
2767	20
2768	25
2769	29
2770	26
2771	18
2772	18
2773	24
2774	26
2775	22
2776	27
2777	19
2778	23
2779	15
2780	25
2781	24
2782	28
2783	23
2784	23
2785	16
2786	25
2787	21
2788	23
2789	29
2790	24
2791	14
2792	22
2793	28
2794	21
2795	22
2796	13
2797	28
2798	18
2799	26
2800	17
2801	28
2802	21
2803	36
2804	18
2805	22
2806	20
2807	17
2808	26
2809	20
2810	20
2811	18
2812	29
2813	26
2814	24
2815	26
2816	25
2817	20
2818	27
2819	25
2820	29
2821	18
2822	40
2823	19
2824	32
2825	21
2826	24
2827	17
2828	20
2829	24
2830	23
2831	23
2832	28
2833	22
2834	27
2835	22
2836	25
2837	19
2838	22
2839	24
2840	19
2841	17
2842	32
2843	13
2844	21
2845	28
2846	27
2847	26
2848	16
2849	14
2850	31
2851	21
2852	19
2853	27
2854	29
2855	15
2856	28
2857	13
2858	25
2859	20
2860	24
2861	20
2862	18
2863	22
2864	31
2865	20
2866	29
2867	19
2868	30
2869	20
2870	16
2871	25
2872	23
2873	22
2874	25
2875	20
2876	24
2877	24
2878	30
2879	18
2880	35
2881	37
2882	25
2883	25
2884	28
2885	26
2886	17
2887	27
2888	18
2889	28
2890	28
2891	21
2892	31
2893	28
2894	26
2895	19
2896	24
2897	25
2898	20
2899	25
2900	23
2901	30
2902	22
2903	27
2904	29
2905	22
2906	23
2907	27
2908	24
2909	14
2910	25
2911	21
2912	19
2913	26
2914	25
2915	26
2916	19
2917	28
2918	24
2919	20
2920	30
2921	17
2922	26
2923	17
2924	17
2925	22
2926	27
2927	17
2928	29
2929	25
2930	30
2931	26
2932	27
2933	24
2934	22
2935	20
2936	26
2937	25
2938	29
2939	22
2940	14
2941	24
2942	24
2943	17
2944	26
2945	19
2946	27
2947	24
2948	29
2949	23
2950	23
2951	24
2952	16
2953	24
2954	27
2955	27
2956	25
2957	28
2958	20
2959	28
2960	28
2961	29
2962	21
2963	15
2964	19
2965	23
2966	20
2967	21
2968	26
2969	25
2970	28
2971	25
2972	19
2973	20
2974	18
2975	32
2976	23
2977	16
2978	22
2979	24
2980	23
2981	19
2982	28
2983	32
2984	18
2985	33
2986	37
2987	22
2988	20
2989	26
2990	32
2991	26
2992	25
2993	18
2994	21
2995	31
2996	29
2997	28
2998	26
2999	27
3000	16
3001	18
3002	25
3003	23
3004	22
3005	20
3006	26
3007	26
3008	25
3009	23
3010	34
3011	26
3012	29
3013	23
3014	33
3015	30
3016	27
3017	24
3018	32
3019	23
3020	15
3021	28
3022	30
3023	27
3024	29
3025	25
3026	31
3027	14
3028	35
3029	29
3030	23
3031	19
3032	21
3033	31
3034	24
3035	24
3036	27
3037	22
3038	26
3039	29
3040	28
3041	22
3042	25
3043	23
3044	38
3045	27
3046	25
3047	30
3048	29
3049	25
3050	18
3051	18
3052	28
3053	33
3054	21
3055	31
3056	25
3057	28
3058	33
3059	24
3060	24
3061	34
3062	31
3063	23
3064	31
3065	32
3066	26
3067	34
3068	29
3069	29
3070	25
3071	21
3072	28
3073	32
3074	14
3075	16
3076	23
3077	18
3078	32
3079	30
3080	20
3081	26
3082	23
3083	21
3084	33
3085	17
3086	19
3087	25
3088	22
3089	30
3090	17
3091	23
3092	18
3093	33
3094	24
3095	27
3096	31
3097	30
3098	29
3099	33
3100	25
3101	19
3102	20
3103	30
3104	23
3105	34
3106	32
3107	25
3108	18
3109	23
3110	28
3111	23
3112	22
3113	21
3114	26
3115	23
3116	22
3117	35
3118	21
3119	23
3120	20
3121	25
3122	23
3123	21
3124	25
3125	17
3126	27
3127	29
3128	27
3129	23
3130	19
3131	28
3132	23
3133	38
3134	36
3135	21
3136	22
3137	21
3138	24
3139	20
3140	20
3141	21
3142	25
3143	19
3144	23
3145	18
3146	32
3147	25
3148	17
3149	22
3150	23
3151	22
3152	19
3153	26
3154	26
3155	18
3156	34
3157	24
3158	29
3159	29
3160	16
3161	27
3162	19
3163	24
3164	22
3165	16
3166	21
3167	27
3168	22
3169	23
3170	21
3171	21
3172	26
3173	22
3174	22
3175	22
3176	19
3177	18
3178	21
3179	21
3180	23
3181	24
3182	14
3183	27
3184	17
3185	20
3186	21
3187	22
3188	26
3189	23
3190	17
3191	24
3192	24
3193	23
3194	16
3195	28
3196	23
3197	21
3198	20
3199	23
3200	18
3201	15
3202	18
3203	27
3204	31
3205	27
3206	25
3207	13
3208	15
3209	29
3210	19
3211	18
3212	22
3213	21
3214	23
3215	16
3216	20
3217	27
3218	22
3219	24
3220	23
3221	12
3222	25
3223	19
3224	23
3225	26
3226	26
3227	21
3228	14
3229	18
3230	23
3231	24
3232	17
3233	25
3234	24
3235	22
3236	14
3237	18
3238	29
3239	24
3240	13
3241	19
3242	13
3243	17
3244	19
3245	23
3246	19
3247	21
3248	14
3249	20
3250	19
3251	21
3252	23
3253	21
3254	23
3255	24
3256	16
3257	15
3258	13
3259	14
3260	11
3261	14
3262	16
3263	16
3264	13
3265	23
3266	18
3267	25
3268	19
3269	22
3270	24
3271	20
3272	11
3273	13
3274	9
3275	22
3276	17
3277	12
3278	19
3279	14
3280	18
3281	20
3282	17
3283	10
3284	23
3285	18
3286	8
3287	14
3288	15
3289	19
3290	27
3291	15
3292	13
3293	15
3294	16
3295	12
3296	18
3297	11
3298	14
3299	17
3300	9
3301	15
3302	16
3303	11
3304	12
3305	23
3306	15
3307	7
3308	13
3309	8
3310	13
3311	6
3312	18
3313	18
3314	13
3315	12
3316	15
3317	15
3318	16
3319	15
3320	16
3321	15
3322	13
3323	9
3324	10
3325	16
3326	19
3327	20
3328	17
3329	14
3330	14
3331	9
3332	14
3333	13
3334	9
3335	19
3336	14
3337	10
3338	19
3339	13
3340	14
3341	15
3342	6
3343	5
3344	10
3345	10
3346	13
3347	10
3348	12
3349	13
3350	12
3351	12
3352	11
3353	13
3354	8
3355	11
3356	8
3357	14
3358	13
3359	9
3360	12
3361	6
3362	11
3363	13
3364	8
3365	10
3366	15
3367	18
3368	11
3369	14
3370	7
3371	13
3372	15
3373	12
3374	7
3375	10
3376	6
3377	16
3378	16
3379	14
3380	5
3381	10
3382	8
3383	10
3384	8
3385	11
3386	7
3387	9
3388	8
3389	10
3390	12
3391	11
3392	5
3393	9
3394	11
3395	11
3396	7
3397	8
3398	8
3399	5
3400	8
3401	9
3402	11
3403	8
3404	14
3405	14
3406	7
3407	9
3408	9
3409	9
3410	6
3411	13
3412	2
3413	10
3414	10
3415	11
3416	10
3417	14
3418	9
3419	12
3420	9
3421	16
3422	8
3423	11
3424	5
3425	8
3426	10
3427	10
3428	13
3429	5
3430	9
3431	7
3432	7
3433	5
3434	3
3435	9
3436	7
3437	11
3438	8
3439	5
3440	10
3441	6
3442	10
3443	6
3444	11
3445	8
3446	8
3447	10
3448	13
3449	5
3450	7
3451	3
3452	8
3453	7
3454	3
3455	8
3456	3
3457	7
3458	5
3459	8
3460	4
3461	9
3462	6
3463	9
3464	14
3465	8
3466	6
3467	8
3468	10
3469	11
3470	5
3471	4
3472	5
3473	7
3474	8
3475	8
3476	9
3477	10
3478	9
3479	5
3480	9
3481	10
3482	9
3483	7
3484	3
3485	6
3486	8
3487	12
3488	9
3489	8
3490	6
3491	5
3492	9
3493	8
3494	8
3495	9
3496	4
3497	0
3498	7
3499	4
3500	9
3501	9
3502	8
3503	4
3504	5
3505	5
3506	7
3507	3
3508	6
3509	4
3510	1
3511	7
3512	1
3513	5
3514	15
3515	8
3516	4
3517	7
3518	4
3519	4
3520	3
3521	2
3522	7
3523	5
3524	4
3525	5
3526	4
3527	4
3528	5
3529	9
3530	4
3531	4
3532	6
3533	6
3534	3
3535	7
3536	8
3537	3
3538	2
3539	7
3540	7
3541	8
3542	5
3543	8
3544	8
3545	8
3546	11
3547	11
3548	5
3549	7
3550	8
3551	7
3552	7
3553	2
3554	6
3555	4
3556	8
3557	0
3558	6
3559	2
3560	7
3561	4
3562	4
3563	4
3564	6
3565	7
3566	9
3567	5
3568	5
3569	6
3570	6
3571	8
3572	5
3573	3
3574	4
3575	7
3576	8
3577	6
3578	4
3579	4
3580	6
3581	5
3582	8
3583	4
3584	11
3585	10
3586	6
3587	7
3588	8
3589	8
3590	9
3591	8
3592	12
3593	6
3594	4
3595	6
3596	6
3597	4
3598	7
3599	5
3600	8
3601	4
3602	9
3603	7
3604	2
3605	6
3606	4
3607	5
3608	7
3609	4
3610	7
3611	4
3612	6
3613	2
3614	5
3615	5
3616	7
3617	5
3618	8
3619	8
3620	7
3621	6
3622	1
3623	7
3624	8
3625	1
3626	4
3627	5
3628	2
3629	6
3630	7
3631	5
3632	4
3633	6
3634	3
3635	7
3636	5
3637	7
3638	5
3639	4
3640	6
3641	2
3642	8
3643	6
3644	3
3645	5
3646	6
3647	0
3648	9
3649	6
3650	6
3651	5
3652	7
3653	7
3654	6
3655	8
3656	6
3657	6
3658	7
3659	10
3660	3
3661	9
3662	5
3663	6
3664	5
3665	5
3666	6
3667	4
3668	6
3669	8
3670	4
3671	5
3672	4
3673	5
3674	9
3675	7
3676	7
3677	10
3678	12
3679	6
3680	5
3681	5
3682	6
3683	8
3684	3
3685	10
3686	9
3687	11
3688	3
3689	11
3690	8
3691	5
3692	8
3693	3
3694	4
3695	10
3696	9
3697	6
3698	6
3699	8
3700	8
3701	7
3702	6
3703	8
3704	5
3705	8
3706	8
3707	7
3708	4
3709	10
3710	4
3711	4
3712	9
3713	7
3714	3
3715	8
3716	10
3717	3
3718	14
3719	4
3720	11
3721	17
3722	13
3723	6
3724	7
3725	10
3726	12
3727	7
3728	8
3729	9
3730	9
3731	11
3732	11
3733	7
3734	13
3735	15
3736	9
3737	10
3738	9
3739	7
3740	8
3741	10
3742	10
3743	11
3744	12
3745	7
3746	9
3747	13
3748	12
3749	10
3750	9
3751	8
3752	16
3753	8
3754	13
3755	13
3756	10
3757	12
3758	15
3759	9
3760	14
3761	14
3762	18
3763	7
3764	19
3765	11
3766	13
3767	13
3768	11
3769	16
3770	14
3771	13
3772	12
3773	19
3774	17
3775	14
3776	11
3777	15
3778	18
3779	18
3780	14
3781	15
3782	22
3783	18
3784	13
3785	15
3786	13
3787	21
3788	15
3789	16
3790	23
3791	18
3792	20
3793	23
3794	15
3795	32
3796	29
3797	24
3798	29
3799	17
3800	15
3801	19
3802	21
3803	23
3804	21
3805	25
3806	24
3807	30
3808	23
3809	26
3810	32
3811	31
3812	26
3813	29
3814	26
3815	21
3816	27
3817	33
3818	37
3819	26
3820	33
3821	36
3822	29
3823	28
3824	30
3825	44
3826	40
3827	34
3828	35
3829	34
3830	35
3831	28
3832	39
3833	49
3834	31
3835	39
3836	35
3837	29
3838	50
3839	35
3840	33
3841	45
3842	35
3843	53
3844	47
3845	46
3846	48
3847	53
3848	41
3849	53
3850	48
3851	38
3852	58
3853	45
3854	60
3855	55
3856	44
3857	58
3858	56
3859	49
3860	55
3861	51
3862	51
3863	46
3864	58
3865	45
3866	45
3867	51
3868	52
3869	51
3870	61
3871	63
3872	50
3873	46
3874	58
3875	48
3876	65
3877	60
3878	61
3879	57
3880	69
3881	53
3882	58
3883	66
3884	54
3885	61
3886	56
3887	61
3888	78
3889	66
3890	73
3891	64
3892	64
3893	80
3894	69
3895	75
3896	69
3897	77
3898	71
3899	67
3900	71
3901	69
3902	66
3903	74
3904	71
3905	71
3906	76
3907	81
3908	86
3909	74
3910	67
3911	89
3912	90
3913	72
3914	75
3915	76
3916	69
3917	66
3918	96
3919	90
3920	81
3921	87
3922	89
3923	83
3924	96
3925	86
3926	80
3927	86
3928	87
3929	92
3930	89
3931	80
3932	77
3933	86
3934	83
3935	87
3936	111
3937	113
3938	90
3939	108
3940	89
3941	103
3942	93
3943	98
3944	93
3945	79
3946	87
3947	97
3948	111
3949	86
3950	100
3951	87
3952	78
3953	93
3954	97
3955	100
3956	87
3957	96
3958	108
3959	81
3960	92
3961	95
3962	100
3963	95
3964	103
3965	92
3966	104
3967	103
3968	96
3969	98
3970	93
3971	91
3972	107
3973	93
3974	88
3975	96
3976	101
3977	104
3978	108
3979	110
3980	107
3981	115
3982	102
3983	93
3984	98
3985	101
3986	121
3987	98
3988	95
3989	97
3990	106
3991	103
3992	95
3993	106
3994	92
3995	93
3996	113
3997	115
3998	99
3999	103
4000	98
4001	84
4002	90
4003	88
4004	119
4005	100
4006	115
4007	81
4008	94
4009	103
4010	102
4011	104
4012	103
4013	96
4014	95
4015	101
4016	97
4017	106
4018	97
4019	83
4020	91
4021	94
4022	108
4023	81
4024	98
4025	105
4026	90
4027	106
4028	95
4029	80
4030	76
4031	71
4032	76
4033	85
4034	110
4035	83
4036	98
4037	95
4038	103
4039	74
4040	79
4041	104
4042	87
4043	87
4044	86
4045	76
4046	79
4047	79
4048	90
4049	85
4050	77
4051	80
4052	84
4053	77
4054	82
4055	81
4056	79
4057	82
4058	77
4059	82
4060	92
4061	60
4062	66
4063	68
4064	74
4065	77
4066	70
4067	70
4068	73
4069	70
4070	73
4071	52
4072	84
4073	57
4074	75
4075	70
4076	72
4077	71
4078	68
4079	62
4080	71
4081	72
4082	51
4083	64
4084	70
4085	56
4086	61
4087	55
4088	66
4089	44
4090	48
4091	43
4092	63
4093	49
4094	53
4095	62
4096	49
4097	63
4098	38
4099	57
4100	55
4101	64
4102	41
4103	50
4104	55
4105	43
4106	43
4107	39
4108	44
4109	42
4110	43
4111	54
4112	45
4113	37
4114	40
4115	44
4116	43
4117	41
4118	51
4119	34
4120	44
4121	40
4122	43
4123	38
4124	34
4125	37
4126	30
4127	34
4128	37
4129	29
4130	28
4131	33
4132	34
4133	38
4134	24
4135	31
4136	32
4137	22
4138	34
4139	32
4140	24
4141	38
4142	36
4143	25
4144	25
4145	23
4146	15
4147	31
4148	25
4149	26
4150	23
4151	21
4152	21
4153	25
4154	24
4155	20
4156	27
4157	24
4158	16
4159	16
4160	18
4161	24
4162	16
4163	15
4164	19
4165	25
4166	15
4167	24
4168	23
4169	20
4170	16
4171	21
4172	16
4173	16
4174	12
4175	16
4176	16
4177	14
4178	15
4179	24
4180	18
4181	17
4182	14
4183	17
4184	14
4185	16
4186	13
4187	18
4188	14
4189	14
4190	8
4191	13
4192	16
4193	8
4194	13
4195	12
4196	11
4197	12
4198	10
4199	11
4200	7
4201	16
4202	9
4203	10
4204	10
4205	11
4206	10
4207	9
4208	7
4209	11
4210	7
4211	10
4212	12
4213	10
4214	7
4215	4
4216	9
4217	6
4218	7
4219	7
4220	6
4221	7
4222	7
4223	5
4224	8
4225	6
4226	5
4227	6
4228	4
4229	6
4230	5
4231	9
4232	10
4233	7
4234	7
4235	9
4236	6
4237	5
4238	4
4239	5
4240	5
4241	8
4242	6
4243	5
4244	8
4245	9
4246	6
4247	7
4248	5
4249	3
4250	4
4251	6
4252	10
4253	3
4254	5
4255	0
4256	6
4257	4
4258	6
4259	2
4260	10
4261	4
4262	6
4263	2
4264	4
4265	3
4266	6
4267	6
4268	2
4269	0
4270	6
4271	3
4272	3
4273	5
4274	3
4275	2
4276	2
4277	2
4278	4
4279	3
4280	2
4281	3
4282	3
4283	4
4284	3
4285	3
4286	3
4287	4
4288	1
4289	1
4290	2
4291	4
4292	3
4293	2
4294	2
4295	3
4296	3
4297	3
4298	5
4299	2
4300	3
4301	1
4302	5
4303	4
4304	1
4305	1
4306	2
4307	1
4308	3
4309	2
4310	2
4311	1
4312	3
4313	1
4314	5
4315	1
4316	1
4317	1
4318	4
4319	1
4320	5
4321	1
4322	3
4323	2
4324	4
4325	3
4326	4
4327	1
4328	1
4329	2
4330	0
4331	0
4332	3
4333	2
4334	3
4335	1
4336	3
4337	3
4338	1
4339	0
4340	6
4341	2
4342	0
4343	1
4344	1
4345	0
4346	3
4347	1
4348	1
4349	1
4350	1
4351	1
4352	1
4353	1
4354	0
4355	2
4356	1
4357	2
4358	1
4359	0
4360	1
4361	3
4362	0
4363	3
4364	0
4365	1
4366	0
4367	1
4368	2
4369	2
4370	1
4371	1
4372	2
4373	0
4374	2
4375	1
4376	4
4377	0
4378	4
4379	2
4380	2
4381	1
4382	1
4383	3
4384	3
4385	2
4386	7
4387	0
4388	1
4389	5
4390	3
4391	0
4392	3
4393	4
4394	2
4395	2
4396	2
4397	1
4398	0
4399	4
4400	0
4401	1
4402	3
4403	0
4404	2
4405	1
4406	3
4407	0
4408	1
4409	1
4410	3
4411	0
4412	2
4413	2
4414	5
4415	2
4416	2
4417	2
4418	2
4419	2
4420	0
4421	1
4422	0
4423	0
4424	2
4425	2
4426	0
4427	2
4428	4
4429	3
4430	0
4431	0
4432	1
4433	2
4434	4
4435	1
4436	4
4437	3
4438	0
4439	4
4440	5
4441	2
4442	1
4443	3
4444	1
4445	4
4446	4
4447	2
4448	2
4449	1
4450	2
4451	1
4452	1
4453	5
4454	4
4455	3
4456	2
4457	2
4458	3
4459	1
4460	5
4461	3
4462	3
4463	3
4464	1
4465	1
4466	2
4467	5
4468	1
4469	2
4470	1
4471	4
4472	2
4473	5
4474	2
4475	2
4476	3
4477	4
4478	5
4479	2
4480	1
4481	1
4482	2
4483	1
4484	4
4485	2
4486	4
4487	1
4488	2
4489	1
4490	4
4491	2
4492	2
4493	1
4494	0
4495	3
4496	1
4497	2
4498	2
4499	2
4500	1
4501	2
4502	4
4503	4
4504	6
4505	1
4506	4
4507	0
4508	3
4509	2
4510	1
4511	2
4512	1
4513	2
4514	3
4515	4
4516	0
4517	3
4518	3
4519	0
4520	5
4521	1
4522	3
4523	2
4524	3
4525	1
4526	1
4527	1
4528	0
4529	1
4530	0
4531	2
4532	1
4533	0
4534	1
4535	2
4536	3
4537	2
4538	3
4539	4
4540	2
4541	2
4542	2
4543	3
4544	2
4545	3
4546	2
4547	3
4548	4
4549	1
4550	4
4551	2
4552	3
4553	5
4554	2
4555	2
4556	5
4557	1
4558	1
4559	6
4560	3
4561	2
4562	2
4563	1
4564	2
4565	2
4566	5
4567	4
4568	2
4569	0
4570	4
4571	6
4572	2
4573	5
4574	3
4575	3
4576	2
4577	4
4578	0
4579	3
4580	3
4581	3
4582	0
4583	2
4584	6
4585	2
4586	2
4587	2
4588	2
4589	3
4590	3
4591	1
4592	1
4593	1
4594	2
4595	1
4596	3
4597	2
4598	2
4599	1
4600	2
4601	4
4602	2
4603	1
4604	2
4605	4
4606	1
4607	2
4608	0
4609	0
4610	3
4611	1
4612	2
4613	0
4614	0
4615	5
4616	1
4617	2
4618	6
4619	2
4620	0
4621	1
4622	2
4623	2
4624	5
4625	3
4626	1
4627	2
4628	1
4629	0
4630	2
4631	4
4632	2
4633	1
4634	1
4635	1
4636	3
4637	2
4638	1
4639	2
4640	2
4641	1
4642	4
4643	1
4644	0
4645	2
4646	2
4647	1
4648	2
4649	1
4650	5
4651	1
4652	4
4653	0
4654	5
4655	4
4656	1
4657	1
4658	0
4659	2
4660	1
4661	2
4662	1
4663	2
4664	1
4665	3
4666	1
4667	3
4668	4
4669	1
4670	4
4671	1
4672	0
4673	1
4674	2
4675	1
4676	0
4677	2
4678	2
4679	2
4680	1
4681	1
4682	2
4683	2
4684	3
4685	4
4686	0
4687	1
4688	2
4689	2
4690	0
4691	1
4692	0
4693	2
4694	1
4695	0
4696	1
4697	1
4698	0
4699	3
4700	3
4701	0
4702	0
4703	0
4704	0
4705	1
4706	1
4707	2
4708	1
4709	0
4710	0
4711	0
4712	2
4713	1
4714	2
4715	2
4716	1
4717	1
4718	1
4719	0
4720	2
4721	2
4722	4
4723	2
4724	0
4725	2
4726	0
4727	2
4728	1
4729	1
4730	1
4731	1
4732	1
4733	0
4734	1
4735	0
4736	0
4737	1
4738	2
4739	0
4740	1
4741	0
4742	1
4743	2
4744	1
4745	1
4746	1
4747	2
4748	0
4749	1
4750	1
4751	1
4752	0
4753	2
4754	0
4755	0
4756	2
4757	0
4758	0
4759	2
4760	1
4761	0
4762	0
4763	1
4764	0
4765	4
4766	1
4767	1
4768	0
4769	2
4770	2
4771	2
4772	0
4773	2
4774	0
4775	1
4776	0
4777	0
4778	0
4779	0
4780	1
4781	3
4782	2
4783	0
4784	0
4785	0
4786	3
4787	1
4788	2
4789	0
4790	1
4791	2
4792	3
4793	2
4794	0
4795	2
4796	1
4797	2
4798	1
4799	2
4800	2
4801	1
4802	0
4803	0
4804	0
4805	2
4806	2
4807	0
4808	0
4809	1
4810	0
4811	1
4812	0
4813	1
4814	1
4815	0
4816	1
4817	2
4818	1
4819	0
4820	1
4821	2
4822	2
4823	0
4824	0
4825	1
4826	2
4827	1
4828	2
4829	0
4830	0
4831	0
4832	0
4833	1
4834	1
4835	1
4836	0
4837	1
4838	0
4839	0
4840	2
4841	1
4842	0
4843	0
4844	1
4845	1
4846	2
4847	2
4848	1
4849	0
4850	1
4851	1
4852	2
4853	1
4854	1
4855	0
4856	2
4857	3
4858	1
4859	0
4860	0
4861	0
4862	2
4863	0
4864	1
4865	2
4866	0
4867	1
4868	1
4869	0
4870	1
4871	0
4872	0
4873	0
4874	0
4875	2
4876	0
4877	0
4878	1
4879	0
4880	0
4881	0
4882	0
4883	0
4884	0
4885	0
4886	2
4887	1
4888	0
4889	1
4890	1
4891	1
4892	0
4893	2
4894	0
4895	0
4896	0
4897	2
4898	1
4899	1
4900	0
4901	1
4902	0
4903	0
4904	0
4905	1
4906	0
4907	0
4908	0
4909	1
4910	1
4911	0
4912	0
4913	1
4914	0
4915	0
4916	0
4917	1
4918	1
4919	2
4920	1
4921	1
4922	1
4923	0
4924	0
4925	1
4926	2
4927	0
4928	1
4929	0
4930	0
4931	0
4932	0
4933	0
4934	0
4935	1
4936	1
4937	1
4938	1
4939	0
4940	0
4941	2
4942	1
4943	0
4944	1
4945	1
4946	1
4947	0
4948	1
4949	1
4950	0
4951	0
4952	0
4953	0
4954	2
4955	1
4956	0
4957	0
4958	1
4959	0
4960	0
4961	0
4962	1
4963	0
4964	0
4965	1
4966	1
4967	2
4968	0
4969	1
4970	0
4971	2
4972	0
4973	1
4974	0
4975	0
4976	0
4977	1
4978	0
4979	1
4980	0
4981	0
4982	0
4983	1
4984	1
4985	0
4986	0
4987	0
4988	0
4989	1
4990	0
4991	0
4992	1
4993	0
4994	0
4995	2
4996	0
4997	1
4998	1
4999	0
5000	0
5001	1
5002	1
5003	0
5004	0
5005	1
5006	0
5007	1
5008	0
5009	0
5010	0
5011	0
5012	0
5013	1
5014	1
5015	1
5016	2
5017	0
5018	0
5019	0
5020	1
5021	0
5022	1
5023	0
5024	0
5025	1
5026	0
5027	1
5028	0
5029	0
5030	1
5031	1
5032	1
5033	0
5034	0
5035	0
5036	0
5037	0
5038	1
5039	0
5040	0
5041	1
5042	1
5043	0
5044	0
5045	2
5046	0
5047	1
5048	1
5049	0
5050	0
5051	0
5052	0
5053	1
5054	0
5055	0
5056	0
5057	0
5058	1
5059	0
5060	0
5061	2
5062	1
5063	1
5064	0
5065	0
5066	1
5067	0
5068	1
5069	2
5070	1
5071	0
5072	0
5073	0
5074	0
5075	0
5076	0
5077	1
5078	0
5079	0
5080	0
5081	0
5082	1
5083	0
5084	0
5085	1
5086	0
5087	0
5088	4
5089	0
5090	0
5091	0
5092	2
5093	0
5094	1
5095	0
5096	0
5097	0
5098	1
5099	0
5100	0
5101	0
5102	0
5103	0
5104	0
5105	0
5106	2
5107	0
5108	0
5109	2
5110	1
5111	0
5112	0
5113	0
5114	1
5115	1
5116	1
5117	0
5118	0
5119	0
5120	0
5121	0
5122	1
5123	2
5124	1
5125	0
5126	0
5127	0
5128	1
5129	0
5130	0
5131	1
5132	0
5133	0
5134	0
5135	0
5136	0
5137	0
5138	2
5139	0
5140	0
5141	0
5142	0
5143	0
5144	2
5145	0
5146	0
5147	1
5148	1
5149	0
5150	0
5151	0
5152	2
5153	1
5154	1
5155	0
5156	0
5157	0
5158	1
5159	0
5160	0
5161	0
5162	0
5163	2
5164	1
5165	0
5166	0
5167	1
5168	1
5169	0
5170	0
5171	1
5172	0
5173	0
5174	0
5175	2
5176	0
5177	0
5178	0
5179	2
5180	0
5181	0
5182	1
5183	1
5184	0
5185	0
5186	0
5187	0
5188	0
5189	0
5190	0
5191	0
5192	0
5193	1
5194	0
5195	1
5196	0
5197	1
5198	0
5199	1
5200	0
5201	1
5202	0
5203	4
5204	0
5205	0
5206	0
5207	0
5208	0
5209	1
5210	1
5211	0
5212	0
5213	1
5214	0
5215	0
5216	0
5217	0
5218	0
5219	0
5220	0
5221	2
5222	0
5223	0
5224	0
5225	0
5226	2
5227	2
5228	1
5229	0
5230	1
5231	0
5232	1
5233	1
5234	0
5235	0
5236	1
5237	0
5238	1
5239	1
5240	2
5241	0
5242	0
5243	0
5244	1
5245	0
5246	1
5247	0
5248	1
5249	1
5250	1
5251	0
5252	0
5253	0
5254	3
5255	0
5256	0
5257	1
5258	0
5259	0
5260	0
5261	0
5262	1
5263	0
5264	0
5265	1
5266	0
5267	0
5268	1
5269	1
5270	0
5271	0
5272	0
5273	0
5274	0
5275	1
5276	0
5277	0
5278	1
5279	1
5280	0
5281	0
5282	1
5283	1
5284	0
5285	0
5286	0
5287	2
5288	0
5289	0
5290	1
5291	0
5292	0
5293	0
5294	0
5295	0
5296	0
5297	0
5298	1
5299	2
5300	0
5301	1
5302	0
5303	1
5304	0
5305	2
5306	1
5307	0
5308	0
5309	0
5310	0
5311	0
5312	0
5313	1
5314	0
5315	2
5316	0
5317	1
5318	0
5319	1
5320	0
5321	1
5322	2
5323	0
5324	1
5325	0
5326	0
5327	1
5328	0
5329	1
5330	1
5331	0
5332	1
5333	0
5334	1
5335	0
5336	0
5337	0
5338	0
5339	1
5340	0
5341	1
5342	1
5343	1
5344	1
5345	0
5346	1
5347	0
5348	0
5349	0
5350	1
5351	0
5352	0
5353	0
5354	0
5355	0
5356	1
5357	1
5358	1
5359	0
5360	0
5361	1
5362	1
5363	2
5364	0
5365	0
5366	0
5367	2
5368	0
5369	0
5370	0
5371	0
5372	1
5373	0
5374	0
5375	0
5376	1
5377	1
5378	0
5379	0
5380	0
5381	1
5382	1
5383	1
5384	0
5385	0
5386	0
5387	1
5388	1
5389	0
5390	0
5391	0
5392	1
5393	1
5394	3
5395	1
5396	0
5397	0
5398	1
5399	1
5400	0
5401	0
5402	1
5403	2
5404	0
5405	0
5406	0
5407	0
5408	1
5409	1
5410	1
5411	0
5412	1
5413	1
5414	1
5415	0
5416	0
5417	0
5418	0
5419	0
5420	1
5421	0
5422	0
5423	0
5424	1
5425	1
5426	0
5427	0
5428	1
5429	1
5430	2
5431	0
5432	0
5433	0
5434	0
5435	1
5436	0
5437	0
5438	0
5439	1
5440	1
5441	0
5442	0
5443	1
5444	1
5445	2
5446	0
5447	1
5448	2
5449	0
5450	0
5451	0
5452	1
5453	0
5454	1
5455	0
5456	1
5457	0
5458	0
5459	0
5460	1
5461	0
5462	0
5463	1
5464	0
5465	1
5466	1
5467	1
5468	1
5469	0
5470	0
5471	2
5472	0
5473	1
5474	1
5475	1
5476	0
5477	1
5478	0
5479	1
5480	1
5481	1
5482	0
5483	0
5484	0
5485	3
5486	1
5487	3
5488	0
5489	0
5490	1
5491	1
5492	2
5493	1
5494	1
5495	2
5496	1
5497	2
5498	0
5499	0
5500	1
5501	1
5502	2
5503	0
5504	0
5505	1
5506	1
5507	1
5508	0
5509	0
5510	1
5511	0
5512	0
5513	1
5514	1
5515	0
5516	0
5517	0
5518	0
5519	1
5520	1
5521	0
5522	0
5523	1
5524	0
5525	3
5526	1
5527	2
5528	2
5529	1
5530	1
5531	1
5532	1
5533	0
5534	0
5535	1
5536	0
5537	1
5538	1
5539	0
5540	0
5541	1
5542	0
5543	1
5544	1
5545	2
5546	2
5547	0
5548	1
5549	1
5550	3
5551	0
5552	2
5553	3
5554	1
5555	0
5556	1
5557	1
5558	2
5559	1
5560	1
5561	1
5562	0
5563	1
5564	0
5565	0
5566	1
5567	2
5568	2
5569	4
5570	1
5571	2
5572	2
5573	2
5574	0
5575	2
5576	1
5577	1
5578	1
5579	0
5580	3
5581	0
5582	0
5583	0
5584	3
5585	2
5586	1
5587	1
5588	0
5589	2
5590	0
5591	0
5592	1
5593	3
5594	0
5595	2
5596	1
5597	0
5598	0
5599	1
5600	2
5601	2
5602	1
5603	0
5604	2
5605	2
5606	2
5607	0
5608	0
5609	0
5610	2
5611	1
5612	1
5613	1
5614	2
5615	3
5616	2
5617	0
5618	1
5619	0
5620	1
5621	2
5622	0
5623	0
5624	3
5625	1
5626	1
5627	0
5628	1
5629	0
5630	0
5631	1
5632	0
5633	1
5634	3
5635	1
5636	1
5637	2
5638	1
5639	1
5640	1
5641	1
5642	0
5643	1
5644	0
5645	1
5646	1
5647	1
5648	0
5649	3
5650	0
5651	2
5652	1
5653	2
5654	2
5655	2
5656	1
5657	1
5658	0
5659	0
5660	1
5661	0
5662	1
5663	1
5664	1
5665	0
5666	0
5667	1
5668	5
5669	1
5670	0
5671	0
5672	0
5673	4
5674	1
5675	1
5676	1
5677	0
5678	0
5679	1
5680	1
5681	2
5682	1
5683	0
5684	0
5685	0
5686	0
5687	2
5688	0
5689	1
5690	2
5691	0
5692	0
5693	2
5694	1
5695	1
5696	0
5697	0
5698	2
5699	1
5700	0
5701	3
5702	1
5703	0
5704	1
5705	2
5706	0
5707	1
5708	0
5709	1
5710	1
5711	0
5712	0
5713	1
5714	2
5715	0
5716	0
5717	2
5718	1
5719	0
5720	0
5721	1
5722	2
5723	4
5724	1
5725	0
5726	0
5727	0
5728	0
5729	0
5730	0
5731	1
5732	1
5733	0
5734	3
5735	0
5736	1
5737	0
5738	1
5739	0
5740	2
5741	2
5742	1
5743	2
5744	0
5745	1
5746	1
5747	2
5748	0
5749	1
5750	1
5751	1
5752	0
5753	0
5754	0
5755	1
5756	1
5757	3
5758	1
5759	2
5760	0
5761	1
5762	1
5763	1
5764	0
5765	1
5766	1
5767	2
5768	1
5769	0
5770	1
5771	0
5772	1
5773	1
5774	1
5775	0
5776	0
5777	1
5778	1
5779	1
5780	1
5781	1
5782	0
5783	1
5784	0
5785	0
5786	0
5787	0
5788	0
5789	0
5790	0
5791	0
5792	2
5793	0
5794	1
5795	1
5796	0
5797	0
5798	3
5799	0
5800	1
5801	0
5802	0
5803	1
5804	1
5805	0
5806	0
5807	0
5808	0
5809	1
5810	0
5811	0
5812	1
5813	0
5814	0
5815	1
5816	0
5817	0
5818	0
5819	1
5820	2
5821	0
5822	0
5823	1
5824	0
5825	0
5826	0
5827	0
5828	0
5829	1
5830	1
5831	0
5832	0
5833	2
5834	0
5835	0
5836	0
5837	0
5838	0
5839	0
5840	1
5841	0
5842	0
5843	0
5844	1
5845	1
5846	0
5847	0
5848	0
5849	1
5850	1
5851	0
5852	0
5853	0
5854	0
5855	0
5856	2
5857	0
5858	0
5859	0
5860	0
5861	0
5862	0
5863	0
5864	0
5865	1
5866	0
5867	0
5868	1
5869	0
5870	0
5871	0
5872	1
5873	0
5874	0
5875	0
5876	0
5877	1
5878	0
5879	0
5880	1
5881	0
5882	0
5883	0
5884	1
5885	0
5886	0
5887	1
5888	0
5889	0
5890	0
5891	0
5892	0
5893	0
5894	0
5895	0
5896	0
5897	0
5898	0
5899	1
5900	0
5901	0
5902	0
5903	0
5904	0
5905	0
5906	0
5907	0
5908	0
5909	0
5910	0
5911	0
5912	0
5913	0
5914	1
5915	1
5916	0
5917	0
5918	0
5919	0
5920	0
5921	0
5922	0
5923	1
5924	0
5925	1
5926	0
5927	0
5928	0
5929	1
5930	0
5931	1
5932	1
5933	0
5934	0
5935	0
5936	0
5937	0
5938	1
5939	0
5940	0
5941	0
5942	0
5943	0
5944	0
5945	0
5946	0
5947	1
5948	0
5949	0
5950	0
5951	2
5952	0
5953	0
5954	2
5955	0
5956	1
5957	0
5958	0
5959	0
5960	0
5961	0
5962	0
5963	0
5964	0
5965	1
5966	0
5967	0
5968	0
5969	0
5970	0
5971	0
5972	0
5973	0
5974	0
5975	0
5976	0
5977	0
5978	0
5979	0
5980	0
5981	0
5982	0
5983	0
5984	0
5985	0
5986	1
5987	0
5988	1
5989	0
5990	0
5991	0
5992	0
5993	0
5994	0
5995	0
5996	0
5997	0
5998	0
5999	0
6000	0
6001	0
6002	0
6003	0
6004	0
6005	0
6006	0
6007	0
6008	1
6009	0
6010	0
6011	0
6012	0
6013	0
6014	1
6015	0
6016	0
6017	0
6018	0
6019	0
6020	1
6021	0
6022	0
6023	0
6024	0
6025	1
6026	0
6027	0
6028	0
6029	0
6030	0
6031	0
6032	0
6033	0
6034	0
6035	0
6036	0
6037	0
6038	0
6039	0
6040	0
6041	0
6042	0
6043	0
6044	0
6045	1
6046	2
6047	0
6048	0
6049	0
6050	0
6051	0
6052	0
6053	0
6054	1
6055	0
6056	0
6057	0
6058	0
6059	0
6060	0
6061	0
6062	0
6063	2
6064	0
6065	0
6066	0
6067	0
6068	0
6069	0
6070	1
6071	1
6072	0
6073	0
6074	0
6075	0
6076	1
6077	0
6078	1
6079	0
6080	1
6081	0
6082	0
6083	0
6084	2
6085	0
6086	1
6087	0
6088	1
6089	0
6090	0
6091	0
6092	0
6093	1
6094	0
6095	0
6096	0
6097	0
6098	0
6099	0
6100	0
6101	0
6102	0
6103	0
6104	0
6105	0
6106	0
6107	0
6108	0
6109	0
6110	0
6111	0
6112	0
6113	1
6114	0
6115	1
6116	0
6117	0
6118	1
6119	0
6120	0
6121	1
6122	1
6123	0
6124	0
6125	0
6126	0
6127	0
6128	0
6129	0
6130	0
6131	0
6132	0
6133	0
6134	0
6135	0
6136	0
6137	0
6138	1
6139	0
6140	0
6141	1
6142	1
6143	0
6144	0
6145	0
6146	0
6147	0
6148	0
6149	1
6150	0
6151	0
6152	0
6153	0
6154	0
6155	0
6156	0
6157	1
6158	0
6159	0
6160	0
6161	0
6162	0
6163	0
6164	1
6165	0
6166	0
6167	0
6168	0
6169	1
6170	0
6171	0
6172	0
6173	0
6174	0
6175	0
6176	0
6177	1
6178	0
6179	1
6180	0
6181	0
6182	0
6183	0
6184	0
6185	1
6186	0
6187	0
6188	0
6189	0
6190	0
6191	0
6192	0
6193	0
6194	0
6195	0
6196	0
6197	0
6198	1
6199	0
6200	1
6201	0
6202	0
6203	1
6204	0
6205	0
6206	0
6207	0
6208	0
6209	0
6210	0
6211	0
6212	1
6213	0
6214	0
6215	0
6216	0
6217	0
6218	0
6219	0
6220	0
6221	0
6222	0
6223	0
6224	0
6225	0
6226	0
6227	0
6228	0
6229	0
6230	0
6231	0
6232	0
6233	0
6234	0
6235	0
6236	0
6237	0
6238	0
6239	0
6240	0
6241	0
6242	1
6243	0
6244	0
6245	0
6246	0
6247	0
6248	0
6249	1
6250	0
6251	0
6252	0
6253	0
6254	0
6255	0
6256	0
6257	1
6258	0
6259	0
6260	0
6261	1
6262	0
6263	0
6264	0
6265	0
6266	0
6267	0
6268	1
6269	0
6270	0
6271	0
6272	0
6273	0
6274	0
6275	0
6276	1
6277	0
6278	0
6279	0
6280	0
6281	0
6282	0
6283	0
6284	0
6285	0
6286	0
6287	0
6288	0
6289	0
6290	0
6291	0
6292	0
6293	0
6294	0
6295	0
6296	0
6297	0
6298	1
6299	0
6300	1
6301	0
6302	0
6303	0
6304	0
6305	0
6306	0
6307	0
6308	1
6309	0
6310	0
6311	1
6312	0
6313	0
6314	1
6315	0
6316	0
6317	0
6318	0
6319	0
6320	0
6321	0
6322	0
6323	0
6324	0
6325	0
6326	0
6327	0
6328	0
6329	1
6330	0
6331	0
6332	0
6333	0
6334	0
6335	1
6336	0
6337	0
6338	0
6339	0
6340	0
6341	1
6342	0
6343	0
6344	0
6345	0
6346	0
6347	0
6348	0
6349	0
6350	0
6351	0
6352	0
6353	0
6354	0
6355	0
6356	0
6357	0
6358	0
6359	0
6360	0
6361	0
6362	0
6363	0
6364	0
6365	0
6366	1
6367	0
6368	0
6369	0
6370	0
6371	2
6372	0
6373	0
6374	0
6375	0
6376	0
6377	0
6378	0
6379	0
6380	0
6381	1
6382	0
6383	1
6384	0
6385	0
6386	0
6387	0
6388	0
6389	0
6390	1
6391	0
6392	2
6393	0
6394	0
6395	0
6396	0
6397	2
6398	0
6399	0
6400	0
6401	0
6402	0
6403	0
6404	0
6405	0
6406	0
6407	0
6408	0
6409	0
6410	0
6411	0
6412	0
6413	1
6414	1
6415	0
6416	0
6417	0
6418	0
6419	0
6420	0
6421	0
6422	1
6423	0
6424	0
6425	0
6426	0
6427	0
6428	0
6429	0
6430	0
6431	0
6432	0
6433	1
6434	0
6435	0
6436	0
6437	0
6438	0
6439	0
6440	0
6441	0
6442	0
6443	0
6444	0
6445	0
6446	0
6447	0
6448	0
6449	0
6450	0
6451	0
6452	0
6453	1
6454	0
6455	1
6456	2
6457	0
6458	0
6459	0
6460	0
6461	0
6462	0
6463	0
6464	0
6465	0
6466	0
6467	0
6468	0
6469	0
6470	1
6471	0
6472	2
6473	0
6474	0
6475	0
6476	0
6477	1
6478	1
6479	0
6480	0
6481	0
6482	0
6483	0
6484	0
6485	0
6486	0
6487	0
6488	0
6489	0
6490	0
6491	0
6492	1
6493	0
6494	0
6495	0
6496	1
6497	0
6498	1
6499	2
6500	0
6501	2
6502	0
6503	3
6504	0
6505	0
6506	1
6507	0
6508	0
6509	1
6510	0
6511	0
6512	0
6513	0
6514	1
6515	0
6516	1
6517	0
6518	0
6519	0
6520	0
6521	0
6522	0
6523	0
6524	0
6525	0
6526	0
6527	1
6528	0
6529	1
6530	0
6531	0
6532	0
6533	0
6534	0
6535	0
6536	1
6537	0
6538	1
6539	0
6540	0
6541	0
6542	0
6543	0
6544	0
6545	0
6546	0
6547	0
6548	0
6549	1
6550	1
6551	0
6552	0
6553	1
6554	0
6555	1
6556	0
6557	0
6558	0
6559	1
6560	0
6561	0
6562	0
6563	0
6564	0
6565	0
6566	0
6567	0
6568	0
6569	0
6570	0
6571	0
6572	0
6573	0
6574	1
6575	0
6576	0
6577	0
6578	0
6579	0
6580	0
6581	0
6582	0
6583	1
6584	0
6585	0
6586	0
6587	0
6588	0
6589	1
6590	0
6591	0
6592	1
6593	0
6594	1
6595	0
6596	0
6597	0
6598	0
6599	0
6600	0
6601	0
6602	0
6603	0
6604	0
6605	0
6606	0
6607	0
6608	1
6609	0
6610	1
6611	0
6612	0
6613	0
6614	0
6615	0
6616	1
6617	0
6618	0
6619	0
6620	0
6621	1
6622	0
6623	0
6624	0
6625	0
6626	1
6627	0
6628	0
6629	1
6630	1
6631	0
6632	1
6633	1
6634	0
6635	0
6636	0
6637	0
6638	0
6639	0
6640	0
6641	0
6642	1
6643	0
6644	0
6645	0
6646	0
6647	0
6648	0
6649	0
6650	0
6651	1
6652	0
6653	0
6654	1
6655	0
6656	0
6657	0
6658	0
6659	0
6660	0
6661	0
6662	0
6663	0
6664	0
6665	0
6666	1
6667	0
6668	0
6669	0
6670	1
6671	0
6672	0
6673	0
6674	1
6675	0
6676	0
6677	0
6678	0
6679	0
6680	1
6681	0
6682	0
6683	1
6684	0
6685	0
6686	0
6687	0
6688	0
6689	0
6690	1
6691	0
6692	0
6693	0
6694	0
6695	1
6696	1
6697	0
6698	1
6699	0
6700	0
6701	0
6702	0
6703	0
6704	0
6705	0
6706	0
6707	0
6708	1
6709	0
6710	0
6711	0
6712	1
6713	0
6714	2
6715	1
6716	2
6717	0
6718	1
6719	0
6720	0
6721	0
6722	0
6723	1
6724	0
6725	0
6726	0
6727	1
6728	0
6729	0
6730	0
6731	1
6732	0
6733	0
6734	0
6735	0
6736	0
6737	0
6738	0
6739	0
6740	0
6741	0
6742	0
6743	0
6744	0
6745	0
6746	0
6747	0
6748	0
6749	0
6750	1
6751	0
6752	0
6753	0
6754	1
6755	0
6756	0
6757	0
6758	0
6759	0
6760	0
6761	2
6762	1
6763	0
6764	0
6765	0
6766	0
6767	0
6768	0
6769	0
6770	0
6771	0
6772	0
6773	0
6774	0
6775	0
6776	0
6777	0
6778	0
6779	0
6780	0
6781	0
6782	1
6783	0
6784	0
6785	0
6786	0
6787	0
6788	0
6789	0
6790	0
6791	0
6792	0
6793	0
6794	1
6795	0
6796	0
6797	0
6798	0
6799	0
6800	0
6801	0
6802	0
6803	0
6804	0
6805	0
6806	0
6807	0
6808	1
6809	1
6810	0
6811	0
6812	0
6813	0
6814	0
6815	0
6816	0
6817	0
6818	0
6819	0
6820	0
6821	1
6822	1
6823	0
6824	0
6825	0
6826	0
6827	0
6828	0
6829	0
6830	0
6831	1
6832	0
6833	0
6834	0
6835	0
6836	0
6837	1
6838	1
6839	0
6840	0
6841	0
6842	0
6843	0
6844	0
6845	0
6846	0
6847	0
6848	0
6849	1
6850	1
6851	0
6852	0
6853	0
6854	0
6855	0
6856	0
6857	0
6858	2
6859	0
6860	0
6861	0
6862	0
6863	0
6864	1
6865	1
6866	1
6867	0
6868	0
6869	2
6870	1
6871	0
6872	0
6873	0
6874	0
6875	0
6876	0
6877	0
6878	0
6879	0
6880	0
6881	0
6882	1
6883	1
6884	1
6885	0
6886	0
6887	2
6888	0
6889	0
6890	0
6891	0
6892	0
6893	0
6894	0
6895	0
6896	0
6897	0
6898	0
6899	1
6900	0
6901	0
6902	0
6903	0
6904	0
6905	0
6906	0
6907	0
6908	0
6909	0
6910	0
6911	0
6912	0
6913	0
6914	0
6915	0
6916	0
6917	0
6918	0
6919	0
6920	0
6921	0
6922	0
6923	0
6924	0
6925	0
6926	1
6927	0
6928	1
6929	1
6930	0
6931	0
6932	0
6933	0
6934	0
6935	0
6936	0
6937	0
6938	0
6939	0
6940	0
6941	0
6942	0
6943	1
6944	0
6945	0
6946	0
6947	0
6948	0
6949	0
6950	0
6951	0
6952	0
6953	0
6954	0
6955	0
6956	0
6957	0
6958	0
6959	0
6960	0
6961	0
6962	1
6963	0
6964	0
6965	0
6966	0
6967	0
6968	1
6969	0
6970	0
6971	0
6972	1
6973	0
6974	0
6975	0
6976	0
6977	0
6978	0
6979	0
6980	1
6981	0
6982	0
6983	0
6984	0
6985	0
6986	0
6987	0
6988	0
6989	0
6990	0
6991	0
6992	0
6993	0
6994	0
6995	0
6996	0
6997	0
6998	0
6999	0
7000	1
7001	0
7002	0
7003	0
7004	0
7005	0
7006	1
7007	0
7008	0
7009	1
7010	0
7011	0
7012	0
7013	0
7014	1
7015	0
7016	0
7017	0
7018	0
7019	0
7020	0
7021	1
7022	0
7023	0
7024	0
7025	1
7026	0
7027	1
7028	0
7029	0
7030	0
7031	0
7032	0
7033	0
7034	0
7035	1
7036	0
7037	0
7038	0
7039	1
7040	0
7041	0
7042	0
7043	1
7044	0
7045	1
7046	1
7047	0
7048	0
7049	0
7050	0
7051	0
7052	0
7053	0
7054	0
7055	0
7056	0
7057	0
7058	1
7059	0
7060	0
7061	0
7062	0
7063	0
7064	0
7065	0
7066	0
7067	0
7068	0
7069	0
7070	1
7071	0
7072	0
7073	0
7074	0
7075	0
7076	1
7077	0
7078	0
7079	0
7080	0
7081	1
7082	0
7083	0
7084	0
7085	0
7086	0
7087	0
7088	0
7089	0
7090	0
7091	0
7092	0
7093	0
7094	0
7095	0
7096	2
7097	0
7098	1
7099	0
7100	0
7101	0
7102	0
7103	0
7104	0
7105	0
7106	0
7107	1
7108	0
7109	0
7110	0
7111	0
7112	0
7113	0
7114	0
7115	0
7116	0
7117	0
7118	0
7119	0
7120	0
7121	0
7122	0
7123	0
7124	0
7125	0
7126	1
7127	0
7128	0
7129	0
7130	0
7131	0
7132	0
7133	0
7134	0
7135	1
7136	0
7137	0
7138	0
7139	1
7140	0
7141	0
7142	1
7143	0
7144	0
7145	1
7146	0
7147	0
7148	0
7149	0
7150	0
7151	1
7152	0
7153	0
7154	0
7155	0
7156	0
7157	0
7158	0
7159	0
7160	0
7161	0
7162	0
7163	0
7164	0
7165	0
7166	0
7167	0
7168	0
7169	0
7170	0
7171	0
7172	1
7173	0
7174	0
7175	0
7176	0
7177	1
7178	0
7179	1
7180	1
7181	2
7182	0
7183	0
7184	0
7185	0
7186	0
7187	0
7188	0
7189	0
7190	0
7191	3
7192	0
7193	0
7194	0
7195	0
7196	0
7197	0
7198	0
7199	0
7200	0
7201	0
7202	1
7203	0
7204	0
7205	0
7206	0
7207	0
7208	0
7209	0
7210	0
7211	0
7212	0
7213	0
7214	0
7215	0
7216	0
7217	0
7218	1
7219	0
7220	0
7221	0
7222	1
7223	0
7224	0
7225	0
7226	0
7227	0
7228	0
7229	0
7230	0
7231	0
7232	0
7233	0
7234	0
7235	0
7236	0
7237	0
7238	0
7239	0
7240	0
7241	0
7242	0
7243	0
7244	0
7245	0
7246	0
7247	0
7248	0
7249	0
7250	0
7251	1
7252	0
7253	0
7254	0
7255	0
7256	0
7257	0
7258	0
7259	0
7260	0
7261	0
7262	0
7263	0
7264	0
7265	0
7266	0
7267	0
7268	0
7269	0
7270	0
7271	0
7272	0
7273	0
7274	0
7275	0
7276	0
7277	0
7278	0
7279	0
7280	0
7281	0
7282	1
7283	0
7284	0
7285	0
7286	0
7287	0
7288	0
7289	0
7290	0
7291	0
7292	0
7293	0
7294	0
7295	0
7296	1
7297	0
7298	0
7299	0
7300	0
7301	1
7302	0
7303	1
7304	0
7305	0
7306	1
7307	0
7308	0
7309	1
7310	0
7311	0
7312	1
7313	0
7314	0
7315	0
7316	0
7317	0
7318	0
7319	0
7320	0
7321	0
7322	0
7323	0
7324	0
7325	0
7326	0
7327	0
7328	1
7329	0
7330	0
7331	0
7332	0
7333	0
7334	1
7335	0
7336	0
7337	0
7338	0
7339	0
7340	0
7341	0
7342	0
7343	0
7344	0
7345	0
7346	0
7347	0
7348	0
7349	0
7350	1
7351	0
7352	0
7353	0
7354	1
7355	0
7356	0
7357	0
7358	0
7359	0
7360	0
7361	0
7362	0
7363	0
7364	0
7365	0
7366	0
7367	0
7368	0
7369	0
7370	0
7371	0
7372	0
7373	0
7374	0
7375	0
7376	0
7377	0
7378	0
7379	0
7380	0
7381	0
7382	0
7383	0
7384	0
7385	0
7386	0
7387	0
7388	0
7389	1
7390	0
7391	0
7392	0
7393	0
7394	0
7395	0
7396	0
7397	0
7398	0
7399	0
7400	0
7401	1
7402	0
7403	0
7404	0
7405	0
7406	0
7407	0
7408	0
7409	1
7410	0
7411	0
7412	0
7413	0
7414	0
7415	0
7416	0
7417	0
7418	0
7419	0
7420	0
7421	0
7422	0
7423	0
7424	0
7425	0
7426	0
7427	0
7428	0
7429	0
7430	0
7431	0
7432	0
7433	0
7434	0
7435	0
7436	0
7437	0
7438	0
7439	0
7440	0
7441	0
7442	0
7443	0
7444	0
7445	0
7446	0
7447	0
7448	1
7449	0
7450	0
7451	0
7452	0
7453	0
7454	0
7455	0
7456	0
7457	0
7458	0
7459	0
7460	0
7461	0
7462	0
7463	0
7464	0
7465	1
7466	0
7467	1
7468	0
7469	0
7470	0
7471	0
7472	0
7473	0
7474	0
7475	0
7476	0
7477	0
7478	0
7479	0
7480	0
7481	0
7482	0
7483	0
7484	0
7485	0
7486	0
7487	0
7488	0
7489	0
7490	0
7491	0
7492	0
7493	1
7494	0
7495	0
7496	1
7497	0
7498	0
7499	0
7500	0
7501	0
7502	0
7503	0
7504	0
7505	1
7506	0
7507	0
7508	0
7509	0
7510	0
7511	0
7512	0
7513	0
7514	1
7515	0
7516	0
7517	0
7518	0
7519	0
7520	0
7521	0
7522	0
7523	0
7524	1
7525	0
7526	0
7527	0
7528	0
7529	0
7530	0
7531	0
7532	0
7533	0
7534	0
7535	2
7536	0
7537	0
7538	0
7539	0
7540	0
7541	0
7542	0
7543	0
7544	0
7545	0
7546	0
7547	0
7548	0
7549	2
7550	0
7551	0
7552	0
7553	0
7554	0
7555	0
7556	0
7557	0
7558	0
7559	0
7560	0
7561	0
7562	0
7563	0
7564	0
7565	1
7566	0
7567	0
7568	0
7569	0
7570	0
7571	0
7572	0
7573	0
7574	0
7575	0
7576	0
7577	0
7578	0
7579	0
7580	0
7581	0
7582	0
7583	0
7584	1
7585	0
7586	0
7587	0
7588	0
7589	0
7590	0
7591	1
7592	0
7593	0
7594	0
7595	1
7596	0
7597	0
7598	0
7599	0
7600	0
7601	0
7602	0
7603	0
7604	0
7605	0
7606	0
7607	0
7608	0
7609	0
7610	0
7611	0
7612	0
7613	0
7614	0
7615	0
7616	0
7617	0
7618	0
7619	0
7620	0
7621	0
7622	0
7623	0
7624	0
7625	0
7626	0
7627	0
7628	0
7629	0
7630	0
7631	0
7632	0
7633	1
7634	0
7635	0
7636	0
7637	0
7638	0
7639	0
7640	0
7641	0
7642	0
7643	0
7644	0
7645	0
7646	0
7647	0
7648	0
7649	0
7650	0
7651	0
7652	0
7653	0
7654	0
7655	0
7656	0
7657	0
7658	0
7659	0
7660	0
7661	0
7662	0
7663	0
7664	1
7665	0
7666	0
7667	0
7668	1
7669	0
7670	0
7671	0
7672	0
7673	0
7674	0
7675	0
7676	0
7677	0
7678	0
7679	0
7680	0
7681	0
7682	0
7683	1
7684	0
7685	1
7686	2
7687	1
7688	0
7689	0
7690	0
7691	0
7692	0
7693	0
7694	0
7695	1
7696	0
7697	1
7698	0
7699	0
7700	0
7701	0
7702	0
7703	0
7704	0
7705	0
7706	0
7707	0
7708	0
7709	0
7710	0
7711	1
7712	0
7713	0
7714	0
7715	0
7716	0
7717	0
7718	0
7719	0
7720	0
7721	0
7722	0
7723	1
7724	0
7725	0
7726	0
7727	0
7728	0
7729	1
7730	0
7731	0
7732	0
7733	0
7734	1
7735	0
7736	0
7737	0
7738	0
7739	1
7740	0
7741	0
7742	0
7743	1
7744	0
7745	0
7746	0
7747	0
7748	0
7749	0
7750	1
7751	0
7752	0
7753	0
7754	0
7755	0
7756	1
7757	0
7758	0
7759	0
7760	0
7761	0
7762	0
7763	0
7764	0
7765	0
7766	1
7767	0
7768	0
7769	0
7770	0
7771	0
7772	0
7773	0
7774	0
7775	0
7776	1
7777	0
7778	0
7779	0
7780	1
7781	0
7782	0
7783	0
7784	0
7785	0
7786	0
7787	0
7788	0
7789	0
7790	1
7791	0
7792	1
7793	0
7794	0
7795	0
7796	0
7797	0
7798	0
7799	0
7800	0
7801	0
7802	0
7803	0
7804	0
7805	0
7806	0
7807	0
7808	0
7809	0
7810	0
7811	0
7812	0
7813	1
7814	0
7815	1
7816	0
7817	0
7818	1
7819	0
7820	0
7821	0
7822	0
7823	1
7824	0
7825	0
7826	0
7827	0
7828	1
7829	1
7830	0
7831	0
7832	0
7833	0
7834	0
7835	0
7836	0
7837	0
7838	0
7839	0
7840	0
7841	0
7842	1
7843	0
7844	1
7845	0
7846	0
7847	0
7848	0
7849	0
7850	0
7851	0
7852	0
7853	0
7854	0
7855	0
7856	0
7857	0
7858	0
7859	1
7860	0
7861	0
7862	0
7863	0
7864	0
7865	0
7866	1
7867	0
7868	0
7869	0
7870	0
7871	0
7872	0
7873	0
7874	0
7875	0
7876	0
7877	0
7878	0
7879	0
7880	1
7881	0
7882	0
7883	0
7884	1
7885	0
7886	0
7887	0
7888	0
7889	0
7890	0
7891	0
7892	1
7893	0
7894	0
7895	0
7896	1
7897	0
7898	0
7899	0
7900	1
7901	0
7902	0
7903	0
7904	0
7905	0
7906	0
7907	0
7908	0
7909	0
7910	0
7911	1
7912	0
7913	0
7914	0
7915	0
7916	0
7917	0
7918	0
7919	0
7920	0
7921	0
7922	0
7923	0
7924	2
7925	0
7926	1
7927	0
7928	0
7929	0
7930	0
7931	1
7932	0
7933	0
7934	0
7935	0
7936	0
7937	1
7938	0
7939	0
7940	0
7941	1
7942	0
7943	1
7944	0
7945	0
7946	0
7947	0
7948	0
7949	0
7950	0
7951	0
7952	0
7953	0
7954	0
7955	0
7956	0
7957	0
7958	0
7959	0
7960	0
7961	0
7962	0
7963	0
7964	0
7965	0
7966	0
7967	0
7968	0
7969	0
7970	0
7971	1
7972	0
7973	0
7974	0
7975	0
7976	0
7977	1
7978	0
7979	1
7980	0
7981	0
7982	1
7983	0
7984	1
7985	0
7986	1
7987	0
7988	1
7989	1
7990	1
7991	0
7992	0
7993	1
7994	0
7995	0
7996	0
7997	0
7998	1
7999	0
8000	0
8001	1
8002	2
8003	0
8004	0
8005	1
8006	0
8007	1
8008	0
8009	0
8010	0
8011	0
8012	0
8013	0
8014	1
8015	0
8016	0
8017	0
8018	0
8019	0
8020	0
8021	0
8022	0
8023	0
8024	0
8025	0
8026	0
8027	0
8028	0
8029	0
8030	0
8031	0
8032	0
8033	0
8034	0
8035	0
8036	0
8037	0
8038	0
8039	0
8040	0
8041	0
8042	0
8043	0
8044	0
8045	0
8046	0
8047	0
8048	0
8049	0
8050	0
8051	0
8052	0
8053	0
8054	0
8055	0
8056	0
8057	0
8058	0
8059	0
8060	0
8061	0
8062	0
8063	0
8064	0
8065	0
8066	0
8067	0
8068	0
8069	0
8070	0
8071	0
8072	0
8073	0
8074	0
8075	0
8076	0
8077	0
8078	0
8079	0
8080	0
8081	0
8082	0
8083	0
8084	0
8085	0
8086	0
8087	0
8088	0
8089	0
8090	0
8091	0
8092	0
8093	0
8094	0
8095	0
8096	0
8097	0
8098	0
8099	0
8100	0
8101	0
8102	0
8103	0
8104	0
8105	0
8106	0
8107	0
8108	0
8109	0
8110	0
8111	0
8112	0
8113	0
8114	0
8115	0
8116	0
8117	0
8118	0
8119	0
8120	0
8121	0
8122	0
8123	0
8124	0
8125	0
8126	0
8127	0
8128	0
8129	0
8130	0
8131	0
8132	0
8133	0
8134	0
8135	0
8136	0
8137	0
8138	0
8139	0
8140	0
8141	0
8142	0
8143	0
8144	0
8145	0
8146	0
8147	0
8148	0
8149	0
8150	0
8151	0
8152	0
8153	0
8154	0
8155	0
8156	0
8157	0
8158	0
8159	0
8160	0
8161	0
8162	0
8163	0
8164	0
8165	0
8166	0
8167	0
8168	0
8169	0
8170	0
8171	0
8172	0
8173	0
8174	0
8175	0
8176	0
8177	0
8178	0
8179	0
8180	0
8181	0
8182	0
8183	0
8184	0
8185	0
8186	0
8187	0
8188	0
8189	0
8190	0
8191	0
