0	0
1	0
2	0
3	0
4	0
5	0
6	0
7	0
8	0
9	0
10	0
11	0
12	0
13	0
14	0
15	0
16	0
17	1
18	0
19	0
20	0
21	0
22	1
23	2
24	0
25	1
26	2
27	3
28	4
29	1
30	4
31	14
32	9
33	7
34	11
35	14
36	8
37	13
38	12
39	11
40	13
41	17
42	32
43	74
44	634
45	2115
46	3152
47	3071
48	2900
49	2894
50	2972
51	2974
52	2851
53	2677
54	2445
55	2024
56	1741
57	1418
58	1314
59	1101
60	1030
61	946
62	909
63	853
64	813
65	780
66	801
67	758
68	685
69	661
70	645
71	655
72	612
73	532
74	536
75	578
76	572
77	567
78	539
79	520
80	516
81	477
82	482
83	488
84	416
85	428
86	444
87	404
88	439
89	455
90	434
91	409
92	413
93	405
94	393
95	399
96	443
97	435
98	392
99	396
100	375
101	397
102	381
103	407
104	386
105	374
106	374
107	408
108	384
109	406
110	416
111	387
112	377
113	377
114	415
115	431
116	350
117	393
118	388
119	416
120	395
121	382
122	389
123	430
124	417
125	381
126	417
127	404
128	387
129	415
130	442
131	414
132	360
133	418
134	414
135	399
136	401
137	420
138	390
139	417
140	438
141	430
142	427
143	415
144	423
145	466
146	445
147	415
148	446
149	391
150	389
151	409
152	424
153	442
154	377
155	429
156	422
157	381
158	462
159	378
160	406
161	448
162	423
163	395
164	419
165	453
166	400
167	418
168	442
169	437
170	402
171	410
172	427
173	402
174	408
175	409
176	437
177	426
178	412
179	413
180	388
181	441
182	423
183	457
184	430
185	431
186	475
187	438
188	396
189	404
190	407
191	456
192	453
193	451
194	459
195	409
196	444
197	458
198	429
199	433
200	445
201	424
202	455
203	411
204	451
205	416
206	417
207	415
208	475
209	434
210	461
211	417
212	413
213	469
214	509
215	401
216	445
217	433
218	456
219	440
220	499
221	442
222	468
223	480
224	478
225	452
226	489
227	478
228	474
229	486
230	522
231	539
232	537
233	471
234	489
235	595
236	538
237	568
238	535
239	592
240	587
241	625
242	589
243	649
244	680
245	688
246	696
247	720
248	709
249	761
250	761
251	774
252	749
253	774
254	772
255	752
256	788
257	726
258	746
259	768
260	752
261	788
262	729
263	758
264	695
265	668
266	680
267	693
268	669
269	656
270	631
271	603
272	625
273	617
274	599
275	630
276	610
277	557
278	622
279	615
280	579
281	592
282	566
283	573
284	595
285	584
286	560
287	571
288	582
289	535
290	588
291	554
292	580
293	596
294	525
295	575
296	546
297	558
298	541
299	517
300	579
301	522
302	523
303	531
304	486
305	555
306	543
307	527
308	533
309	508
310	544
311	506
312	494
313	540
314	447
315	456
316	470
317	469
318	444
319	434
320	474
321	470
322	443
323	463
324	456
325	449
326	441
327	447
328	484
329	430
330	431
331	413
332	432
333	448
334	450
335	429
336	468
337	421
338	478
339	440
340	444
341	451
342	434
343	438
344	477
345	465
346	414
347	471
348	447
349	416
350	439
351	439
352	423
353	510
354	434
355	454
356	415
357	422
358	488
359	431
360	427
361	409
362	450
363	441
364	450
365	464
366	447
367	458
368	421
369	426
370	450
371	495
372	437
373	446
374	417
375	452
376	444
377	425
378	436
379	475
380	419
381	452
382	443
383	426
384	418
385	443
386	471
387	421
388	469
389	431
390	411
391	428
392	429
393	447
394	417
395	440
396	438
397	465
398	446
399	451
400	423
401	437
402	433
403	443
404	414
405	478
406	453
407	468
408	470
409	444
410	458
411	434
412	446
413	412
414	401
415	435
416	432
417	434
418	410
419	465
420	458
421	459
422	422
423	435
424	465
425	406
426	450
427	455
428	432
429	487
430	438
431	440
432	446
433	419
434	441
435	430
436	406
437	472
438	435
439	431
440	461
441	422
442	439
443	442
444	477
445	408
446	444
447	449
448	446
449	428
450	442
451	443
452	429
453	463
454	442
455	444
456	413
457	434
458	449
459	439
460	434
461	415
462	441
463	451
464	413
465	418
466	430
467	454
468	428
469	440
470	450
471	450
472	410
473	448
474	471
475	469
476	440
477	403
478	409
479	466
480	446
481	423
482	445
483	428
484	443
485	409
486	420
487	417
488	454
489	415
490	412
491	467
492	467
493	426
494	477
495	453
496	453
497	452
498	418
499	406
500	440
501	435
502	448
503	419
504	412
505	418
506	472
507	447
508	456
509	451
510	439
511	401
512	428
513	426
514	444
515	439
516	463
517	438
518	449
519	412
520	442
521	477
522	426
523	458
524	428
525	429
526	458
527	451
528	475
529	448
530	465
531	431
532	468
533	437
534	470
535	444
536	451
537	472
538	450
539	475
540	440
541	473
542	448
543	421
544	462
545	431
546	436
547	471
548	449
549	499
550	443
551	469
552	465
553	439
554	465
555	472
556	469
557	455
558	464
559	481
560	489
561	451
562	485
563	463
564	512
565	462
566	467
567	483
568	482
569	500
570	452
571	514
572	498
573	490
574	517
575	480
576	547
577	472
578	519
579	471
580	491
581	462
582	496
583	495
584	533
585	485
586	476
587	480
588	510
589	507
590	495
591	503
592	497
593	516
594	495
595	515
596	484
597	498
598	474
599	523
600	527
601	465
602	520
603	439
604	553
605	511
606	487
607	528
608	505
609	494
610	510
611	476
612	510
613	504
614	519
615	477
616	520
617	474
618	489
619	512
620	462
621	473
622	506
623	506
624	517
625	501
626	500
627	495
628	469
629	483
630	472
631	460
632	507
633	484
634	511
635	486
636	485
637	489
638	449
639	476
640	495
641	452
642	500
643	468
644	515
645	471
646	472
647	495
648	466
649	500
650	445
651	502
652	492
653	515
654	476
655	503
656	456
657	491
658	484
659	516
660	494
661	502
662	478
663	501
664	498
665	491
666	476
667	480
668	513
669	480
670	461
671	470
672	478
673	506
674	489
675	463
676	522
677	479
678	500
679	454
680	480
681	507
682	477
683	446
684	499
685	452
686	526
687	456
688	533
689	462
690	507
691	513
692	482
693	512
694	469
695	466
696	508
697	483
698	482
699	466
700	477
701	438
702	464
703	472
704	453
705	461
706	524
707	475
708	510
709	483
710	505
711	510
712	493
713	468
714	491
715	480
716	449
717	498
718	476
719	488
720	443
721	482
722	515
723	530
724	430
725	483
726	483
727	458
728	513
729	479
730	463
731	494
732	464
733	505
734	465
735	484
736	470
737	489
738	427
739	447
740	460
741	460
742	494
743	476
744	481
745	503
746	438
747	456
748	507
749	467
750	465
751	476
752	478
753	501
754	481
755	487
756	482
757	491
758	473
759	461
760	462
761	481
762	502
763	451
764	443
765	427
766	473
767	416
768	441
769	432
770	430
771	474
772	472
773	463
774	462
775	506
776	472
777	445
778	478
779	463
780	463
781	490
782	483
783	451
784	458
785	424
786	500
787	459
788	447
789	477
790	466
791	453
792	458
793	450
794	489
795	465
796	488
797	461
798	433
799	454
800	439
801	489
802	456
803	455
804	438
805	484
806	417
807	475
808	463
809	481
810	430
811	474
812	476
813	444
814	493
815	449
816	448
817	458
818	448
819	477
820	469
821	458
822	451
823	450
824	457
825	471
826	441
827	424
828	450
829	454
830	416
831	428
832	444
833	454
834	447
835	446
836	486
837	418
838	506
839	460
840	449
841	412
842	465
843	416
844	418
845	411
846	456
847	467
848	473
849	468
850	438
851	453
852	438
853	446
854	461
855	509
856	429
857	451
858	442
859	424
860	459
861	443
862	463
863	436
864	456
865	435
866	405
867	452
868	425
869	443
870	492
871	444
872	444
873	470
874	470
875	452
876	435
877	458
878	433
879	456
880	439
881	468
882	425
883	458
884	437
885	430
886	418
887	415
888	441
889	461
890	416
891	423
892	472
893	509
894	449
895	427
896	466
897	416
898	450
899	491
900	442
901	499
902	429
903	457
904	489
905	464
906	449
907	451
908	413
909	453
910	487
911	456
912	483
913	484
914	470
915	446
916	457
917	427
918	444
919	426
920	468
921	468
922	485
923	460
924	479
925	469
926	464
927	477
928	447
929	498
930	461
931	528
932	472
933	432
934	447
935	482
936	455
937	444
938	459
939	500
940	486
941	463
942	441
943	505
944	471
945	501
946	489
947	506
948	490
949	488
950	506
951	499
952	451
953	466
954	456
955	487
956	467
957	495
958	516
959	472
960	491
961	481
962	428
963	480
964	496
965	467
966	478
967	476
968	515
969	500
970	482
971	458
972	492
973	508
974	448
975	443
976	475
977	533
978	471
979	490
980	490
981	465
982	520
983	499
984	515
985	485
986	491
987	470
988	477
989	460
990	503
991	474
992	505
993	481
994	462
995	463
996	450
997	488
998	475
999	512
1000	479
1001	497
1002	487
1003	512
1004	492
1005	504
1006	506
1007	484
1008	508
1009	477
1010	485
1011	480
1012	509
1013	447
1014	479
1015	464
1016	458
1017	500
1018	522
1019	466
1020	468
1021	479
1022	479
1023	470
1024	461
1025	446
1026	446
1027	441
1028	475
1029	410
1030	469
1031	495
1032	478
1033	464
1034	458
1035	443
1036	450
1037	444
1038	440
1039	471
1040	469
1041	458
1042	444
1043	444
1044	429
1045	430
1046	423
1047	460
1048	424
1049	421
1050	430
1051	407
1052	441
1053	447
1054	427
1055	433
1056	380
1057	411
1058	403
1059	370
1060	413
1061	418
1062	396
1063	413
1064	381
1065	369
1066	435
1067	407
1068	401
1069	358
1070	401
1071	367
1072	380
1073	341
1074	357
1075	380
1076	387
1077	375
1078	363
1079	361
1080	383
1081	369
1082	340
1083	368
1084	379
1085	358
1086	362
1087	337
1088	349
1089	353
1090	364
1091	340
1092	323
1093	342
1094	338
1095	339
1096	336
1097	340
1098	346
1099	370
1100	353
1101	340
1102	345
1103	358
1104	316
1105	341
1106	384
1107	333
1108	325
1109	325
1110	308
1111	301
1112	317
1113	322
1114	353
1115	337
1116	360
1117	320
1118	326
1119	318
1120	299
1121	314
1122	312
1123	335
1124	304
1125	286
1126	299
1127	303
1128	308
1129	294
1130	295
1131	294
1132	305
1133	322
1134	284
1135	322
1136	300
1137	280
1138	283
1139	327
1140	277
1141	291
1142	276
1143	309
1144	294
1145	299
1146	296
1147	288
1148	287
1149	273
1150	323
1151	286
1152	308
1153	299
1154	294
1155	302
1156	261
1157	261
1158	317
1159	296
1160	294
1161	331
1162	297
1163	298
1164	282
1165	306
1166	309
1167	306
1168	269
1169	303
1170	290
1171	313
1172	285
1173	295
1174	292
1175	305
1176	314
1177	305
1178	314
1179	306
1180	294
1181	291
1182	308
1183	316
1184	294
1185	323
1186	259
1187	289
1188	312
1189	274
1190	295
1191	284
1192	262
1193	255
1194	275
1195	275
1196	279
1197	288
1198	323
1199	268
1200	298
1201	288
1202	295
1203	282
1204	267
1205	304
1206	301
1207	293
1208	305
1209	271
1210	293
1211	278
1212	307
1213	294
1214	314
1215	299
1216	252
1217	304
1218	287
1219	286
1220	291
1221	287
1222	264
1223	289
1224	287
1225	303
1226	321
1227	267
1228	272
1229	305
1230	302
1231	280
1232	287
1233	285
1234	305
1235	308
1236	266
1237	281
1238	295
1239	257
1240	285
1241	294
1242	269
1243	280
1244	283
1245	304
1246	277
1247	305
1248	320
1249	295
1250	290
1251	286
1252	297
1253	274
1254	284
1255	288
1256	298
1257	270
1258	267
1259	286
1260	288
1261	278
1262	297
1263	291
1264	283
1265	302
1266	278
1267	274
1268	275
1269	297
1270	266
1271	296
1272	278
1273	309
1274	304
1275	266
1276	283
1277	279
1278	292
1279	299
1280	275
1281	276
1282	283
1283	263
1284	283
1285	282
1286	288
1287	271
1288	311
1289	275
1290	282
1291	319
1292	284
1293	292
1294	294
1295	301
1296	292
1297	274
1298	283
1299	302
1300	284
1301	310
1302	289
1303	289
1304	265
1305	299
1306	272
1307	298
1308	279
1309	281
1310	312
1311	278
1312	288
1313	286
1314	315
1315	269
1316	275
1317	274
1318	310
1319	308
1320	261
1321	289
1322	267
1323	280
1324	275
1325	289
1326	248
1327	290
1328	251
1329	261
1330	260
1331	278
1332	278
1333	294
1334	303
1335	273
1336	281
1337	267
1338	293
1339	289
1340	291
1341	304
1342	259
1343	274
1344	261
1345	266
1346	250
1347	264
1348	253
1349	271
1350	276
1351	301
1352	292
1353	264
1354	251
1355	273
1356	273
1357	256
1358	306
1359	264
1360	314
1361	280
1362	291
1363	256
1364	256
1365	268
1366	307
1367	277
1368	290
1369	302
1370	269
1371	277
1372	272
1373	285
1374	298
1375	297
1376	296
1377	307
1378	279
1379	281
1380	282
1381	299
1382	267
1383	252
1384	274
1385	278
1386	235
1387	253
1388	312
1389	267
1390	290
1391	283
1392	274
1393	292
1394	274
1395	272
1396	267
1397	274
1398	290
1399	252
1400	267
1401	262
1402	280
1403	295
1404	279
1405	275
1406	279
1407	291
1408	256
1409	297
1410	276
1411	291
1412	295
1413	289
1414	285
1415	289
1416	312
1417	306
1418	291
1419	286
1420	282
1421	285
1422	315
1423	296
1424	318
1425	310
1426	299
1427	270
1428	311
1429	269
1430	322
1431	272
1432	291
1433	267
1434	290
1435	300
1436	266
1437	303
1438	302
1439	302
1440	315
1441	306
1442	288
1443	305
1444	325
1445	307
1446	283
1447	287
1448	299
1449	298
1450	328
1451	296
1452	309
1453	346
1454	333
1455	303
1456	309
1457	310
1458	317
1459	298
1460	293
1461	327
1462	339
1463	361
1464	324
1465	341
1466	334
1467	369
1468	374
1469	341
1470	347
1471	369
1472	398
1473	383
1474	371
1475	381
1476	384
1477	430
1478	390
1479	405
1480	403
1481	441
1482	430
1483	421
1484	420
1485	446
1486	483
1487	513
1488	465
1489	500
1490	530
1491	500
1492	530
1493	548
1494	552
1495	563
1496	537
1497	566
1498	585
1499	625
1500	630
1501	647
1502	664
1503	658
1504	670
1505	681
1506	696
1507	769
1508	766
1509	755
1510	867
1511	852
1512	816
1513	807
1514	810
1515	861
1516	918
1517	959
1518	1008
1519	943
1520	971
1521	1076
1522	992
1523	1078
1524	1138
1525	1102
1526	1203
1527	1112
1528	1165
1529	1263
1530	1220
1531	1198
1532	1330
1533	1350
1534	1363
1535	1369
1536	1396
1537	1426
1538	1434
1539	1493
1540	1523
1541	1642
1542	1538
1543	1607
1544	1612
1545	1714
1546	1721
1547	1766
1548	1812
1549	1858
1550	1925
1551	1929
1552	1910
1553	2032
1554	1967
1555	2144
1556	2118
1557	2157
1558	2221
1559	2242
1560	2369
1561	2265
1562	2384
1563	2344
1564	2480
1565	2515
1566	2382
1567	2561
1568	2509
1569	2620
1570	2649
1571	2747
1572	2745
1573	2898
1574	2802
1575	2879
1576	2954
1577	2938
1578	3152
1579	3055
1580	3126
1581	3163
1582	3144
1583	3212
1584	3207
1585	3259
1586	3312
1587	3427
1588	3498
1589	3444
1590	3460
1591	3586
1592	3424
1593	3569
1594	3601
1595	3633
1596	3667
1597	3718
1598	3765
1599	3824
1600	3823
1601	3931
1602	3966
1603	4048
1604	3982
1605	3994
1606	3999
1607	3955
1608	4001
1609	4079
1610	4115
1611	4128
1612	4150
1613	4125
1614	4178
1615	4177
1616	4120
1617	4032
1618	4278
1619	4265
1620	4218
1621	4201
1622	4173
1623	4243
1624	4236
1625	4217
1626	4277
1627	4275
1628	4357
1629	4312
1630	4282
1631	4315
1632	4206
1633	4176
1634	4228
1635	4086
1636	4220
1637	4107
1638	4119
1639	4076
1640	4219
1641	4266
1642	4167
1643	4007
1644	3990
1645	4037
1646	3989
1647	3934
1648	3972
1649	3894
1650	3907
1651	3990
1652	3883
1653	3807
1654	3826
1655	3728
1656	3652
1657	3695
1658	3631
1659	3685
1660	3658
1661	3503
1662	3439
1663	3626
1664	3427
1665	3237
1666	3331
1667	3257
1668	3285
1669	3232
1670	3265
1671	3036
1672	3099
1673	3055
1674	2938
1675	2940
1676	2927
1677	2808
1678	2846
1679	2731
1680	2669
1681	2742
1682	2639
1683	2582
1684	2574
1685	2400
1686	2378
1687	2382
1688	2393
1689	2392
1690	2220
1691	2208
1692	2092
1693	2050
1694	2102
1695	2027
1696	1951
1697	1864
1698	1949
1699	1801
1700	1817
1701	1754
1702	1758
1703	1689
1704	1661
1705	1562
1706	1572
1707	1537
1708	1483
1709	1420
1710	1427
1711	1332
1712	1324
1713	1342
1714	1284
1715	1265
1716	1263
1717	1171
1718	1123
1719	1129
1720	1080
1721	1043
1722	1002
1723	965
1724	977
1725	913
1726	908
1727	841
1728	835
1729	825
1730	769
1731	795
1732	813
1733	696
1734	670
1735	671
1736	665
1737	678
1738	591
1739	639
1740	628
1741	586
1742	588
1743	539
1744	528
1745	521
1746	493
1747	500
1748	456
1749	460
1750	399
1751	417
1752	413
1753	443
1754	393
1755	375
1756	385
1757	349
1758	335
1759	389
1760	334
1761	341
1762	312
1763	292
1764	280
1765	287
1766	303
1767	257
1768	279
1769	268
1770	256
1771	263
1772	265
1773	219
1774	236
1775	200
1776	218
1777	246
1778	218
1779	223
1780	209
1781	232
1782	211
1783	184
1784	209
1785	189
1786	221
1787	198
1788	203
1789	181
1790	191
1791	175
1792	158
1793	168
1794	168
1795	185
1796	170
1797	175
1798	151
1799	198
1800	148
1801	169
1802	172
1803	149
1804	192
1805	152
1806	147
1807	146
1808	135
1809	167
1810	150
1811	153
1812	163
1813	151
1814	157
1815	162
1816	151
1817	148
1818	161
1819	120
1820	157
1821	142
1822	150
1823	155
1824	153
1825	134
1826	159
1827	148
1828	129
1829	133
1830	133
1831	152
1832	160
1833	142
1834	133
1835	156
1836	139
1837	138
1838	123
1839	141
1840	142
1841	137
1842	132
1843	172
1844	159
1845	145
1846	141
1847	156
1848	129
1849	134
1850	140
1851	151
1852	148
1853	133
1854	143
1855	133
1856	149
1857	117
1858	146
1859	148
1860	132
1861	120
1862	142
1863	161
1864	143
1865	131
1866	134
1867	139
1868	139
1869	143
1870	155
1871	138
1872	151
1873	157
1874	148
1875	117
1876	135
1877	141
1878	142
1879	144
1880	135
1881	145
1882	128
1883	128
1884	141
1885	141
1886	122
1887	137
1888	150
1889	151
1890	145
1891	140
1892	138
1893	132
1894	142
1895	143
1896	144
1897	125
1898	136
1899	140
1900	133
1901	149
1902	137
1903	140
1904	156
1905	161
1906	159
1907	155
1908	127
1909	157
1910	133
1911	119
1912	143
1913	129
1914	154
1915	167
1916	145
1917	132
1918	134
1919	184
1920	155
1921	140
1922	143
1923	141
1924	144
1925	143
1926	139
1927	131
1928	121
1929	142
1930	136
1931	170
1932	148
1933	144
1934	122
1935	127
1936	146
1937	165
1938	142
1939	125
1940	157
1941	139
1942	128
1943	152
1944	141
1945	129
1946	156
1947	143
1948	144
1949	127
1950	124
1951	140
1952	135
1953	138
1954	140
1955	146
1956	136
1957	147
1958	135
1959	137
1960	148
1961	140
1962	134
1963	148
1964	128
1965	117
1966	151
1967	169
1968	147
1969	156
1970	153
1971	150
1972	129
1973	127
1974	157
1975	122
1976	131
1977	142
1978	144
1979	134
1980	144
1981	125
1982	139
1983	130
1984	148
1985	137
1986	132
1987	125
1988	132
1989	138
1990	136
1991	150
1992	116
1993	129
1994	124
1995	143
1996	146
1997	143
1998	138
1999	131
2000	147
2001	144
2002	135
2003	126
2004	134
2005	128
2006	141
2007	147
2008	129
2009	130
2010	151
2011	120
2012	145
2013	131
2014	144
2015	125
2016	137
2017	151
2018	149
2019	134
2020	129
2021	123
2022	155
2023	125
2024	151
2025	151
2026	152
2027	137
2028	134
2029	122
2030	135
2031	145
2032	132
2033	127
2034	135
2035	124
2036	128
2037	130
2038	130
2039	141
2040	163
2041	128
2042	155
2043	121
2044	137
2045	143
2046	143
2047	114
2048	132
2049	142
2050	125
2051	125
2052	141
2053	130
2054	145
2055	132
2056	126
2057	132
2058	127
2059	135
2060	143
2061	142
2062	137
2063	135
2064	145
2065	133
2066	125
2067	149
2068	125
2069	141
2070	153
2071	144
2072	141
2073	127
2074	149
2075	136
2076	145
2077	151
2078	150
2079	128
2080	136
2081	138
2082	135
2083	129
2084	162
2085	136
2086	121
2087	146
2088	138
2089	154
2090	133
2091	112
2092	143
2093	153
2094	141
2095	137
2096	152
2097	121
2098	143
2099	117
2100	145
2101	147
2102	153
2103	140
2104	126
2105	113
2106	130
2107	127
2108	124
2109	126
2110	117
2111	138
2112	124
2113	142
2114	139
2115	124
2116	136
2117	133
2118	129
2119	148
2120	134
2121	135
2122	122
2123	135
2124	150
2125	122
2126	134
2127	112
2128	114
2129	145
2130	156
2131	134
2132	122
2133	130
2134	143
2135	132
2136	150
2137	126
2138	143
2139	131
2140	153
2141	136
2142	143
2143	130
2144	128
2145	123
2146	150
2147	141
2148	124
2149	152
2150	158
2151	123
2152	127
2153	143
2154	142
2155	155
2156	154
2157	130
2158	135
2159	126
2160	144
2161	139
2162	128
2163	146
2164	157
2165	147
2166	146
2167	133
2168	113
2169	135
2170	138
2171	146
2172	131
2173	145
2174	126
2175	123
2176	153
2177	130
2178	125
2179	123
2180	117
2181	127
2182	130
2183	145
2184	124
2185	134
2186	132
2187	140
2188	119
2189	132
2190	126
2191	130
2192	145
2193	122
2194	137
2195	158
2196	144
2197	139
2198	128
2199	134
2200	114
2201	129
2202	129
2203	146
2204	132
2205	145
2206	159
2207	125
2208	135
2209	131
2210	121
2211	121
2212	114
2213	129
2214	139
2215	149
2216	125
2217	139
2218	126
2219	145
2220	146
2221	153
2222	140
2223	122
2224	160
2225	129
2226	114
2227	142
2228	127
2229	131
2230	118
2231	131
2232	127
2233	112
2234	130
2235	139
2236	141
2237	141
2238	139
2239	126
2240	129
2241	147
2242	119
2243	131
2244	136
2245	137
2246	136
2247	142
2248	129
2249	125
2250	133
2251	142
2252	134
2253	125
2254	129
2255	133
2256	134
2257	145
2258	126
2259	160
2260	128
2261	131
2262	125
2263	136
2264	130
2265	143
2266	136
2267	127
2268	118
2269	133
2270	134
2271	138
2272	101
2273	110
2274	140
2275	105
2276	145
2277	149
2278	135
2279	135
2280	127
2281	141
2282	130
2283	148
2284	128
2285	129
2286	141
2287	145
2288	122
2289	140
2290	118
2291	106
2292	121
2293	124
2294	145
2295	144
2296	120
2297	148
2298	136
2299	111
2300	145
2301	112
2302	130
2303	127
2304	115
2305	124
2306	143
2307	120
2308	142
2309	121
2310	120
2311	127
2312	138
2313	125
2314	141
2315	126
2316	125
2317	140
2318	125
2319	128
2320	128
2321	135
2322	150
2323	125
2324	124
2325	156
2326	160
2327	128
2328	145
2329	131
2330	137
2331	118
2332	144
2333	123
2334	159
2335	125
2336	146
2337	141
2338	121
2339	122
2340	129
2341	152
2342	128
2343	140
2344	129
2345	135
2346	149
2347	130
2348	132
2349	131
2350	128
2351	126
2352	131
2353	124
2354	126
2355	129
2356	124
2357	144
2358	124
2359	129
2360	114
2361	117
2362	128
2363	148
2364	143
2365	136
2366	142
2367	141
2368	124
2369	141
2370	141
2371	132
2372	129
2373	154
2374	129
2375	138
2376	115
2377	126
2378	140
2379	134
2380	137
2381	131
2382	109
2383	125
2384	131
2385	113
2386	148
2387	147
2388	146
2389	123
2390	131
2391	119
2392	131
2393	147
2394	119
2395	119
2396	144
2397	119
2398	129
2399	140
2400	130
2401	140
2402	150
2403	128
2404	170
2405	142
2406	130
2407	149
2408	127
2409	130
2410	129
2411	132
2412	127
2413	142
2414	141
2415	140
2416	141
2417	125
2418	113
2419	132
2420	147
2421	134
2422	136
2423	118
2424	128
2425	119
2426	134
2427	119
2428	132
2429	155
2430	140
2431	124
2432	128
2433	145
2434	123
2435	133
2436	120
2437	142
2438	105
2439	139
2440	137
2441	146
2442	145
2443	136
2444	131
2445	116
2446	133
2447	127
2448	136
2449	133
2450	136
2451	122
2452	149
2453	130
2454	119
2455	128
2456	145
2457	135
2458	125
2459	155
2460	131
2461	134
2462	156
2463	120
2464	115
2465	125
2466	146
2467	146
2468	125
2469	136
2470	124
2471	124
2472	128
2473	149
2474	134
2475	143
2476	123
2477	143
2478	113
2479	129
2480	123
2481	136
2482	132
2483	128
2484	100
2485	118
2486	112
2487	132
2488	131
2489	137
2490	134
2491	119
2492	143
2493	126
2494	133
2495	106
2496	138
2497	139
2498	125
2499	140
2500	133
2501	129
2502	123
2503	124
2504	139
2505	133
2506	144
2507	135
2508	136
2509	164
2510	134
2511	143
2512	134
2513	140
2514	127
2515	120
2516	137
2517	113
2518	119
2519	115
2520	122
2521	135
2522	138
2523	131
2524	156
2525	134
2526	112
2527	124
2528	122
2529	120
2530	129
2531	115
2532	133
2533	123
2534	116
2535	124
2536	138
2537	114
2538	122
2539	125
2540	121
2541	144
2542	128
2543	135
2544	113
2545	131
2546	117
2547	130
2548	133
2549	152
2550	137
2551	128
2552	147
2553	146
2554	122
2555	129
2556	137
2557	126
2558	122
2559	141
2560	152
2561	128
2562	136
2563	122
2564	120
2565	128
2566	117
2567	113
2568	115
2569	130
2570	124
2571	138
2572	119
2573	120
2574	152
2575	128
2576	129
2577	113
2578	131
2579	140
2580	114
2581	132
2582	145
2583	132
2584	130
2585	123
2586	122
2587	139
2588	152
2589	134
2590	142
2591	125
2592	145
2593	125
2594	101
2595	137
2596	150
2597	122
2598	119
2599	127
2600	125
2601	147
2602	153
2603	120
2604	125
2605	138
2606	153
2607	127
2608	111
2609	142
2610	120
2611	144
2612	123
2613	127
2614	147
2615	126
2616	129
2617	128
2618	137
2619	121
2620	152
2621	140
2622	149
2623	148
2624	129
2625	134
2626	163
2627	126
2628	124
2629	125
2630	132
2631	121
2632	132
2633	122
2634	133
2635	142
2636	133
2637	145
2638	121
2639	138
2640	148
2641	143
2642	144
2643	125
2644	136
2645	107
2646	127
2647	135
2648	129
2649	127
2650	153
2651	141
2652	140
2653	133
2654	124
2655	118
2656	131
2657	148
2658	127
2659	142
2660	131
2661	143
2662	123
2663	137
2664	124
2665	137
2666	134
2667	144
2668	128
2669	111
2670	137
2671	131
2672	137
2673	113
2674	131
2675	121
2676	122
2677	143
2678	118
2679	118
2680	114
2681	120
2682	124
2683	153
2684	114
2685	107
2686	141
2687	123
2688	132
2689	145
2690	130
2691	127
2692	133
2693	126
2694	126
2695	130
2696	133
2697	131
2698	133
2699	133
2700	110
2701	130
2702	128
2703	138
2704	128
2705	99
2706	123
2707	131
2708	155
2709	124
2710	129
2711	133
2712	126
2713	124
2714	135
2715	127
2716	135
2717	126
2718	126
2719	143
2720	120
2721	131
2722	155
2723	123
2724	131
2725	117
2726	135
2727	140
2728	134
2729	132
2730	157
2731	124
2732	111
2733	155
2734	145
2735	121
2736	152
2737	136
2738	134
2739	120
2740	146
2741	132
2742	148
2743	145
2744	135
2745	140
2746	137
2747	98
2748	139
2749	112
2750	141
2751	133
2752	134
2753	132
2754	123
2755	114
2756	131
2757	135
2758	127
2759	133
2760	151
2761	129
2762	118
2763	133
2764	148
2765	121
2766	113
2767	121
2768	148
2769	135
2770	131
2771	120
2772	144
2773	108
2774	138
2775	122
2776	139
2777	123
2778	120
2779	129
2780	140
2781	136
2782	124
2783	139
2784	124
2785	129
2786	144
2787	124
2788	119
2789	140
2790	125
2791	124
2792	152
2793	171
2794	142
2795	134
2796	137
2797	141
2798	142
2799	130
2800	149
2801	120
2802	130
2803	137
2804	130
2805	136
2806	148
2807	143
2808	120
2809	134
2810	127
2811	113
2812	129
2813	126
2814	140
2815	115
2816	123
2817	121
2818	123
2819	126
2820	118
2821	146
2822	136
2823	136
2824	120
2825	139
2826	124
2827	131
2828	131
2829	126
2830	135
2831	123
2832	122
2833	132
2834	126
2835	119
2836	120
2837	150
2838	121
2839	134
2840	137
2841	151
2842	133
2843	143
2844	147
2845	128
2846	116
2847	139
2848	142
2849	125
2850	144
2851	114
2852	142
2853	124
2854	132
2855	140
2856	152
2857	145
2858	126
2859	138
2860	123
2861	128
2862	128
2863	114
2864	137
2865	142
2866	141
2867	114
2868	121
2869	129
2870	142
2871	136
2872	145
2873	136
2874	140
2875	150
2876	141
2877	129
2878	116
2879	152
2880	149
2881	117
2882	157
2883	116
2884	120
2885	151
2886	157
2887	129
2888	128
2889	138
2890	130
2891	137
2892	119
2893	132
2894	116
2895	158
2896	130
2897	147
2898	137
2899	129
2900	139
2901	148
2902	132
2903	133
2904	131
2905	132
2906	129
2907	144
2908	143
2909	134
2910	124
2911	135
2912	131
2913	132
2914	127
2915	142
2916	138
2917	143
2918	127
2919	116
2920	132
2921	130
2922	141
2923	138
2924	140
2925	135
2926	141
2927	124
2928	144
2929	146
2930	128
2931	141
2932	123
2933	137
2934	133
2935	110
2936	139
2937	144
2938	128
2939	137
2940	141
2941	137
2942	121
2943	137
2944	106
2945	141
2946	136
2947	160
2948	134
2949	126
2950	149
2951	141
2952	154
2953	131
2954	152
2955	122
2956	139
2957	150
2958	141
2959	160
2960	128
2961	149
2962	140
2963	146
2964	132
2965	132
2966	164
2967	146
2968	144
2969	139
2970	140
2971	137
2972	139
2973	134
2974	142
2975	157
2976	131
2977	133
2978	143
2979	154
2980	149
2981	126
2982	138
2983	125
2984	139
2985	132
2986	138
2987	142
2988	143
2989	136
2990	132
2991	121
2992	135
2993	152
2994	134
2995	157
2996	114
2997	138
2998	151
2999	132
3000	153
3001	133
3002	154
3003	118
3004	137
3005	172
3006	137
3007	157
3008	150
3009	137
3010	150
3011	136
3012	143
3013	135
3014	134
3015	129
3016	143
3017	152
3018	150
3019	128
3020	156
3021	129
3022	163
3023	139
3024	135
3025	133
3026	130
3027	130
3028	139
3029	144
3030	145
3031	137
3032	131
3033	125
3034	133
3035	119
3036	126
3037	113
3038	140
3039	158
3040	138
3041	145
3042	134
3043	158
3044	147
3045	152
3046	128
3047	149
3048	132
3049	131
3050	141
3051	153
3052	163
3053	141
3054	132
3055	143
3056	149
3057	129
3058	140
3059	135
3060	129
3061	151
3062	134
3063	134
3064	140
3065	132
3066	127
3067	133
3068	151
3069	134
3070	123
3071	164
3072	158
3073	138
3074	158
3075	140
3076	146
3077	148
3078	136
3079	149
3080	147
3081	126
3082	147
3083	151
3084	128
3085	145
3086	136
3087	129
3088	152
3089	129
3090	146
3091	145
3092	138
3093	158
3094	135
3095	124
3096	116
3097	134
3098	135
3099	163
3100	138
3101	156
3102	148
3103	140
3104	133
3105	150
3106	145
3107	124
3108	147
3109	143
3110	116
3111	131
3112	155
3113	155
3114	142
3115	125
3116	110
3117	121
3118	130
3119	111
3120	141
3121	141
3122	162
3123	151
3124	120
3125	110
3126	112
3127	146
3128	114
3129	134
3130	132
3131	132
3132	145
3133	132
3134	141
3135	155
3136	144
3137	137
3138	129
3139	152
3140	140
3141	151
3142	147
3143	167
3144	134
3145	145
3146	137
3147	117
3148	126
3149	119
3150	121
3151	121
3152	150
3153	123
3154	129
3155	142
3156	111
3157	133
3158	136
3159	133
3160	135
3161	113
3162	140
3163	152
3164	129
3165	131
3166	117
3167	122
3168	140
3169	142
3170	127
3171	119
3172	139
3173	131
3174	137
3175	113
3176	141
3177	120
3178	137
3179	117
3180	122
3181	135
3182	127
3183	112
3184	135
3185	110
3186	126
3187	124
3188	132
3189	113
3190	124
3191	117
3192	100
3193	108
3194	120
3195	122
3196	128
3197	109
3198	115
3199	123
3200	86
3201	132
3202	113
3203	120
3204	126
3205	111
3206	115
3207	100
3208	118
3209	117
3210	109
3211	143
3212	101
3213	122
3214	114
3215	106
3216	120
3217	98
3218	114
3219	106
3220	97
3221	111
3222	96
3223	116
3224	126
3225	119
3226	86
3227	97
3228	108
3229	109
3230	105
3231	114
3232	95
3233	110
3234	89
3235	126
3236	128
3237	128
3238	96
3239	98
3240	101
3241	91
3242	95
3243	97
3244	94
3245	117
3246	113
3247	111
3248	82
3249	112
3250	99
3251	92
3252	85
3253	88
3254	103
3255	94
3256	99
3257	78
3258	93
3259	117
3260	106
3261	110
3262	99
3263	98
3264	94
3265	92
3266	98
3267	96
3268	101
3269	84
3270	82
3271	81
3272	73
3273	83
3274	89
3275	94
3276	92
3277	92
3278	79
3279	107
3280	79
3281	72
3282	88
3283	97
3284	83
3285	101
3286	83
3287	98
3288	83
3289	91
3290	90
3291	66
3292	86
3293	89
3294	80
3295	81
3296	78
3297	70
3298	88
3299	84
3300	77
3301	72
3302	86
3303	84
3304	103
3305	81
3306	83
3307	76
3308	83
3309	76
3310	78
3311	80
3312	86
3313	81
3314	72
3315	73
3316	77
3317	73
3318	87
3319	77
3320	65
3321	70
3322	83
3323	72
3324	70
3325	72
3326	80
3327	73
3328	65
3329	70
3330	64
3331	64
3332	79
3333	90
3334	68
3335	65
3336	63
3337	50
3338	85
3339	63
3340	69
3341	74
3342	52
3343	69
3344	73
3345	80
3346	77
3347	80
3348	84
3349	73
3350	66
3351	55
3352	74
3353	60
3354	56
3355	71
3356	58
3357	64
3358	55
3359	79
3360	63
3361	62
3362	67
3363	63
3364	64
3365	64
3366	42
3367	59
3368	61
3369	57
3370	62
3371	64
3372	57
3373	56
3374	58
3375	56
3376	57
3377	64
3378	62
3379	56
3380	53
3381	60
3382	53
3383	50
3384	51
3385	52
3386	50
3387	59
3388	59
3389	44
3390	52
3391	64
3392	58
3393	51
3394	56
3395	61
3396	50
3397	59
3398	63
3399	70
3400	63
3401	63
3402	57
3403	55
3404	74
3405	60
3406	44
3407	50
3408	63
3409	54
3410	54
3411	46
3412	51
3413	39
3414	44
3415	50
3416	70
3417	53
3418	64
3419	51
3420	58
3421	52
3422	52
3423	51
3424	36
3425	50
3426	56
3427	56
3428	60
3429	52
3430	49
3431	54
3432	43
3433	51
3434	51
3435	44
3436	49
3437	48
3438	40
3439	46
3440	45
3441	46
3442	39
3443	38
3444	38
3445	38
3446	54
3447	52
3448	50
3449	37
3450	51
3451	45
3452	57
3453	49
3454	44
3455	43
3456	44
3457	51
3458	48
3459	47
3460	50
3461	48
3462	40
3463	38
3464	47
3465	42
3466	48
3467	46
3468	46
3469	43
3470	39
3471	52
3472	42
3473	44
3474	49
3475	41
3476	39
3477	35
3478	40
3479	42
3480	45
3481	43
3482	48
3483	40
3484	45
3485	22
3486	50
3487	43
3488	53
3489	32
3490	35
3491	46
3492	38
3493	47
3494	49
3495	28
3496	40
3497	36
3498	38
3499	33
3500	54
3501	43
3502	47
3503	53
3504	37
3505	39
3506	36
3507	46
3508	38
3509	44
3510	49
3511	35
3512	37
3513	48
3514	48
3515	41
3516	37
3517	31
3518	39
3519	43
3520	33
3521	40
3522	44
3523	42
3524	49
3525	55
3526	55
3527	37
3528	30
3529	47
3530	35
3531	38
3532	39
3533	30
3534	31
3535	39
3536	36
3537	42
3538	43
3539	46
3540	32
3541	44
3542	36
3543	41
3544	32
3545	49
3546	40
3547	37
3548	41
3549	39
3550	33
3551	33
3552	49
3553	40
3554	29
3555	42
3556	44
3557	31
3558	39
3559	32
3560	41
3561	50
3562	35
3563	40
3564	28
3565	30
3566	49
3567	42
3568	46
3569	38
3570	43
3571	44
3572	39
3573	36
3574	44
3575	37
3576	42
3577	47
3578	27
3579	38
3580	42
3581	32
3582	38
3583	37
3584	39
3585	41
3586	40
3587	42
3588	37
3589	43
3590	52
3591	44
3592	47
3593	35
3594	34
3595	33
3596	43
3597	40
3598	28
3599	34
3600	38
3601	39
3602	47
3603	31
3604	45
3605	41
3606	43
3607	38
3608	47
3609	38
3610	44
3611	45
3612	27
3613	39
3614	50
3615	38
3616	43
3617	44
3618	27
3619	31
3620	30
3621	49
3622	27
3623	32
3624	53
3625	35
3626	39
3627	39
3628	34
3629	38
3630	42
3631	33
3632	46
3633	51
3634	35
3635	36
3636	38
3637	38
3638	38
3639	52
3640	48
3641	48
3642	45
3643	35
3644	53
3645	39
3646	40
3647	35
3648	36
3649	47
3650	52
3651	51
3652	46
3653	39
3654	38
3655	47
3656	29
3657	52
3658	46
3659	47
3660	38
3661	47
3662	27
3663	43
3664	58
3665	44
3666	51
3667	49
3668	52
3669	51
3670	51
3671	53
3672	47
3673	57
3674	51
3675	54
3676	41
3677	41
3678	43
3679	65
3680	48
3681	62
3682	56
3683	48
3684	50
3685	63
3686	48
3687	51
3688	58
3689	61
3690	51
3691	63
3692	59
3693	60
3694	57
3695	54
3696	47
3697	55
3698	54
3699	49
3700	56
3701	61
3702	62
3703	65
3704	72
3705	69
3706	66
3707	85
3708	79
3709	78
3710	61
3711	65
3712	79
3713	73
3714	71
3715	65
3716	74
3717	73
3718	77
3719	75
3720	78
3721	69
3722	76
3723	98
3724	82
3725	72
3726	84
3727	83
3728	96
3729	90
3730	90
3731	100
3732	81
3733	90
3734	92
3735	104
3736	100
3737	84
3738	128
3739	99
3740	87
3741	96
3742	113
3743	97
3744	98
3745	116
3746	114
3747	132
3748	115
3749	123
3750	134
3751	113
3752	108
3753	124
3754	120
3755	118
3756	111
3757	127
3758	150
3759	156
3760	136
3761	128
3762	134
3763	143
3764	171
3765	142
3766	167
3767	148
3768	161
3769	164
3770	152
3771	154
3772	156
3773	158
3774	169
3775	154
3776	166
3777	214
3778	167
3779	211
3780	188
3781	204
3782	168
3783	179
3784	204
3785	215
3786	237
3787	184
3788	206
3789	215
3790	219
3791	223
3792	221
3793	212
3794	234
3795	242
3796	224
3797	236
3798	230
3799	236
3800	247
3801	262
3802	227
3803	233
3804	240
3805	261
3806	236
3807	257
3808	239
3809	268
3810	274
3811	289
3812	276
3813	255
3814	314
3815	289
3816	304
3817	290
3818	267
3819	265
3820	329
3821	322
3822	307
3823	329
3824	308
3825	337
3826	339
3827	329
3828	327
3829	323
3830	346
3831	342
3832	345
3833	340
3834	365
3835	354
3836	343
3837	363
3838	348
3839	394
3840	361
3841	394
3842	422
3843	387
3844	427
3845	408
3846	352
3847	412
3848	391
3849	392
3850	431
3851	390
3852	439
3853	416
3854	409
3855	457
3856	426
3857	470
3858	446
3859	488
3860	439
3861	421
3862	434
3863	485
3864	465
3865	455
3866	454
3867	479
3868	492
3869	452
3870	534
3871	502
3872	535
3873	466
3874	503
3875	477
3876	542
3877	508
3878	494
3879	526
3880	542
3881	529
3882	577
3883	573
3884	601
3885	500
3886	511
3887	552
3888	548
3889	515
3890	549
3891	574
3892	531
3893	558
3894	550
3895	642
3896	572
3897	565
3898	600
3899	593
3900	548
3901	560
3902	610
3903	611
3904	580
3905	582
3906	603
3907	611
3908	624
3909	594
3910	625
3911	616
3912	681
3913	586
3914	605
3915	646
3916	606
3917	652
3918	603
3919	599
3920	578
3921	595
3922	591
3923	625
3924	662
3925	636
3926	624
3927	669
3928	637
3929	622
3930	637
3931	594
3932	650
3933	644
3934	646
3935	661
3936	638
3937	650
3938	651
3939	623
3940	607
3941	628
3942	610
3943	656
3944	649
3945	596
3946	634
3947	643
3948	607
3949	630
3950	635
3951	603
3952	596
3953	638
3954	630
3955	619
3956	654
3957	676
3958	618
3959	615
3960	634
3961	602
3962	675
3963	574
3964	641
3965	638
3966	628
3967	659
3968	584
3969	588
3970	615
3971	625
3972	624
3973	621
3974	578
3975	595
3976	589
3977	572
3978	565
3979	574
3980	668
3981	631
3982	567
3983	597
3984	551
3985	591
3986	553
3987	568
3988	585
3989	568
3990	558
3991	562
3992	581
3993	545
3994	516
3995	600
3996	553
3997	538
3998	589
3999	530
4000	506
4001	499
4002	577
4003	547
4004	510
4005	547
4006	531
4007	505
4008	515
4009	481
4010	466
4011	511
4012	504
4013	476
4014	471
4015	456
4016	443
4017	476
4018	449
4019	451
4020	506
4021	470
4022	493
4023	459
4024	444
4025	468
4026	447
4027	459
4028	421
4029	425
4030	434
4031	419
4032	419
4033	420
4034	379
4035	403
4036	400
4037	407
4038	391
4039	370
4040	405
4041	389
4042	376
4043	387
4044	356
4045	380
4046	354
4047	368
4048	336
4049	360
4050	379
4051	323
4052	353
4053	339
4054	357
4055	330
4056	360
4057	328
4058	306
4059	309
4060	305
4061	297
4062	269
4063	294
4064	305
4065	282
4066	310
4067	303
4068	266
4069	276
4070	290
4071	276
4072	265
4073	262
4074	272
4075	260
4076	251
4077	264
4078	265
4079	246
4080	233
4081	234
4082	218
4083	235
4084	234
4085	236
4086	238
4087	232
4088	226
4089	230
4090	225
4091	201
4092	210
4093	183
4094	207
4095	207
4096	212
4097	155
4098	173
4099	197
4100	179
4101	180
4102	203
4103	172
4104	165
4105	181
4106	145
4107	178
4108	166
4109	180
4110	143
4111	157
4112	148
4113	145
4114	146
4115	139
4116	127
4117	156
4118	133
4119	138
4120	122
4121	142
4122	132
4123	118
4124	119
4125	111
4126	123
4127	117
4128	105
4129	124
4130	103
4131	120
4132	120
4133	111
4134	94
4135	99
4136	97
4137	114
4138	96
4139	108
4140	90
4141	96
4142	100
4143	106
4144	96
4145	105
4146	79
4147	86
4148	85
4149	95
4150	84
4151	92
4152	70
4153	78
4154	80
4155	84
4156	70
4157	69
4158	76
4159	74
4160	73
4161	70
4162	71
4163	60
4164	62
4165	50
4166	77
4167	55
4168	69
4169	62
4170	65
4171	75
4172	58
4173	52
4174	57
4175	65
4176	36
4177	44
4178	44
4179	54
4180	54
4181	36
4182	50
4183	39
4184	47
4185	47
4186	44
4187	63
4188	43
4189	64
4190	47
4191	34
4192	33
4193	43
4194	48
4195	41
4196	43
4197	40
4198	43
4199	41
4200	43
4201	30
4202	29
4203	29
4204	34
4205	27
4206	46
4207	42
4208	41
4209	33
4210	39
4211	35
4212	42
4213	51
4214	39
4215	38
4216	28
4217	32
4218	34
4219	30
4220	26
4221	32
4222	30
4223	28
4224	25
4225	30
4226	24
4227	40
4228	28
4229	30
4230	32
4231	27
4232	28
4233	32
4234	31
4235	24
4236	23
4237	23
4238	22
4239	20
4240	30
4241	21
4242	14
4243	24
4244	28
4245	33
4246	23
4247	17
4248	23
4249	22
4250	20
4251	25
4252	29
4253	35
4254	15
4255	26
4256	25
4257	23
4258	13
4259	15
4260	19
4261	19
4262	21
4263	20
4264	20
4265	15
4266	13
4267	18
4268	25
4269	15
4270	15
4271	20
4272	20
4273	27
4274	17
4275	25
4276	20
4277	12
4278	25
4279	17
4280	22
4281	19
4282	27
4283	24
4284	18
4285	23
4286	21
4287	23
4288	16
4289	31
4290	29
4291	20
4292	17
4293	18
4294	21
4295	20
4296	13
4297	13
4298	15
4299	23
4300	20
4301	17
4302	25
4303	19
4304	20
4305	19
4306	18
4307	23
4308	12
4309	17
4310	16
4311	22
4312	24
4313	12
4314	18
4315	9
4316	16
4317	15
4318	17
4319	11
4320	13
4321	15
4322	21
4323	18
4324	17
4325	21
4326	14
4327	11
4328	22
4329	23
4330	12
4331	17
4332	24
4333	16
4334	17
4335	16
4336	22
4337	20
4338	15
4339	14
4340	22
4341	21
4342	14
4343	15
4344	17
4345	16
4346	26
4347	15
4348	13
4349	17
4350	13
4351	22
4352	21
4353	22
4354	17
4355	17
4356	25
4357	19
4358	18
4359	19
4360	17
4361	16
4362	16
4363	21
4364	23
4365	21
4366	23
4367	16
4368	18
4369	17
4370	16
4371	17
4372	15
4373	25
4374	17
4375	18
4376	18
4377	16
4378	16
4379	23
4380	20
4381	24
4382	12
4383	15
4384	24
4385	18
4386	18
4387	16
4388	13
4389	17
4390	9
4391	12
4392	16
4393	21
4394	22
4395	17
4396	19
4397	18
4398	16
4399	14
4400	13
4401	15
4402	11
4403	17
4404	16
4405	20
4406	20
4407	15
4408	13
4409	18
4410	17
4411	18
4412	15
4413	17
4414	16
4415	15
4416	28
4417	19
4418	12
4419	22
4420	11
4421	9
4422	27
4423	21
4424	21
4425	15
4426	13
4427	16
4428	25
4429	14
4430	13
4431	18
4432	20
4433	12
4434	10
4435	12
4436	22
4437	19
4438	19
4439	12
4440	24
4441	18
4442	17
4443	14
4444	13
4445	20
4446	20
4447	16
4448	19
4449	20
4450	14
4451	14
4452	18
4453	20
4454	15
4455	21
4456	19
4457	18
4458	9
4459	20
4460	16
4461	17
4462	12
4463	21
4464	11
4465	14
4466	18
4467	13
4468	20
4469	16
4470	17
4471	22
4472	19
4473	32
4474	22
4475	15
4476	19
4477	11
4478	19
4479	19
4480	12
4481	16
4482	15
4483	19
4484	22
4485	14
4486	16
4487	17
4488	5
4489	15
4490	14
4491	23
4492	16
4493	19
4494	15
4495	10
4496	18
4497	19
4498	16
4499	16
4500	17
4501	16
4502	12
4503	7
4504	17
4505	14
4506	11
4507	27
4508	14
4509	22
4510	15
4511	15
4512	18
4513	14
4514	14
4515	10
4516	16
4517	19
4518	15
4519	12
4520	18
4521	13
4522	14
4523	21
4524	15
4525	11
4526	12
4527	21
4528	13
4529	30
4530	28
4531	16
4532	24
4533	13
4534	20
4535	18
4536	17
4537	15
4538	19
4539	13
4540	24
4541	13
4542	14
4543	17
4544	17
4545	17
4546	17
4547	20
4548	13
4549	15
4550	11
4551	16
4552	25
4553	20
4554	13
4555	20
4556	16
4557	22
4558	17
4559	17
4560	20
4561	13
4562	16
4563	13
4564	13
4565	23
4566	20
4567	19
4568	14
4569	15
4570	17
4571	22
4572	15
4573	20
4574	17
4575	19
4576	17
4577	20
4578	21
4579	14
4580	29
4581	22
4582	12
4583	17
4584	20
4585	23
4586	17
4587	10
4588	17
4589	23
4590	22
4591	20
4592	14
4593	14
4594	18
4595	16
4596	17
4597	22
4598	9
4599	14
4600	18
4601	17
4602	15
4603	18
4604	11
4605	25
4606	10
4607	24
4608	15
4609	19
4610	17
4611	13
4612	23
4613	10
4614	23
4615	19
4616	20
4617	22
4618	18
4619	14
4620	15
4621	14
4622	9
4623	15
4624	17
4625	15
4626	24
4627	16
4628	15
4629	12
4630	19
4631	18
4632	16
4633	16
4634	15
4635	11
4636	16
4637	19
4638	17
4639	18
4640	19
4641	16
4642	21
4643	17
4644	14
4645	16
4646	17
4647	16
4648	12
4649	10
4650	18
4651	19
4652	12
4653	19
4654	17
4655	16
4656	12
4657	12
4658	11
4659	18
4660	12
4661	15
4662	17
4663	16
4664	15
4665	24
4666	17
4667	9
4668	14
4669	18
4670	12
4671	15
4672	13
4673	19
4674	18
4675	15
4676	17
4677	12
4678	17
4679	16
4680	15
4681	11
4682	14
4683	20
4684	16
4685	27
4686	20
4687	10
4688	18
4689	17
4690	8
4691	23
4692	22
4693	13
4694	21
4695	17
4696	11
4697	17
4698	8
4699	17
4700	19
4701	12
4702	10
4703	13
4704	19
4705	15
4706	13
4707	15
4708	7
4709	17
4710	15
4711	16
4712	15
4713	9
4714	14
4715	16
4716	14
4717	10
4718	18
4719	12
4720	15
4721	12
4722	19
4723	26
4724	17
4725	14
4726	15
4727	9
4728	13
4729	14
4730	16
4731	10
4732	22
4733	15
4734	14
4735	13
4736	18
4737	20
4738	8
4739	14
4740	10
4741	13
4742	17
4743	15
4744	14
4745	15
4746	18
4747	12
4748	8
4749	12
4750	25
4751	11
4752	22
4753	10
4754	12
4755	19
4756	17
4757	16
4758	17
4759	11
4760	12
4761	5
4762	14
4763	19
4764	18
4765	17
4766	18
4767	16
4768	10
4769	10
4770	16
4771	13
4772	14
4773	14
4774	14
4775	17
4776	16
4777	10
4778	9
4779	15
4780	14
4781	12
4782	6
4783	12
4784	20
4785	12
4786	13
4787	14
4788	11
4789	22
4790	20
4791	13
4792	16
4793	19
4794	11
4795	13
4796	17
4797	16
4798	10
4799	17
4800	13
4801	16
4802	14
4803	19
4804	15
4805	17
4806	22
4807	13
4808	17
4809	8
4810	11
4811	15
4812	8
4813	17
4814	13
4815	11
4816	14
4817	21
4818	8
4819	18
4820	17
4821	12
4822	13
4823	14
4824	10
4825	16
4826	16
4827	12
4828	15
4829	15
4830	19
4831	17
4832	11
4833	16
4834	12
4835	13
4836	9
4837	9
4838	13
4839	9
4840	17
4841	9
4842	20
4843	12
4844	10
4845	15
4846	14
4847	19
4848	6
4849	12
4850	15
4851	10
4852	16
4853	20
4854	17
4855	19
4856	11
4857	13
4858	12
4859	14
4860	10
4861	24
4862	13
4863	17
4864	23
4865	9
4866	13
4867	13
4868	16
4869	20
4870	19
4871	14
4872	9
4873	13
4874	11
4875	15
4876	15
4877	5
4878	13
4879	12
4880	11
4881	6
4882	9
4883	10
4884	11
4885	15
4886	14
4887	14
4888	14
4889	16
4890	9
4891	15
4892	8
4893	11
4894	19
4895	8
4896	12
4897	9
4898	11
4899	11
4900	17
4901	17
4902	14
4903	14
4904	16
4905	10
4906	8
4907	13
4908	12
4909	16
4910	12
4911	11
4912	12
4913	9
4914	9
4915	17
4916	14
4917	12
4918	17
4919	10
4920	10
4921	12
4922	9
4923	16
4924	13
4925	8
4926	8
4927	14
4928	10
4929	19
4930	13
4931	8
4932	11
4933	13
4934	14
4935	10
4936	10
4937	10
4938	16
4939	9
4940	10
4941	11
4942	12
4943	14
4944	8
4945	10
4946	9
4947	16
4948	7
4949	9
4950	8
4951	9
4952	18
4953	11
4954	12
4955	9
4956	16
4957	20
4958	9
4959	14
4960	10
4961	7
4962	18
4963	3
4964	4
4965	8
4966	13
4967	13
4968	15
4969	15
4970	7
4971	11
4972	10
4973	16
4974	4
4975	14
4976	8
4977	10
4978	10
4979	14
4980	7
4981	8
4982	6
4983	10
4984	10
4985	5
4986	5
4987	15
4988	11
4989	2
4990	8
4991	10
4992	12
4993	7
4994	6
4995	7
4996	9
4997	12
4998	18
4999	13
5000	8
5001	10
5002	4
5003	12
5004	16
5005	12
5006	5
5007	16
5008	8
5009	7
5010	8
5011	10
5012	13
5013	10
5014	15
5015	10
5016	8
5017	10
5018	11
5019	11
5020	7
5021	10
5022	10
5023	7
5024	7
5025	14
5026	11
5027	8
5028	13
5029	8
5030	10
5031	11
5032	13
5033	9
5034	12
5035	12
5036	7
5037	6
5038	8
5039	7
5040	9
5041	7
5042	6
5043	6
5044	10
5045	12
5046	7
5047	8
5048	7
5049	9
5050	7
5051	7
5052	16
5053	5
5054	11
5055	3
5056	8
5057	15
5058	11
5059	11
5060	5
5061	6
5062	8
5063	6
5064	10
5065	10
5066	14
5067	7
5068	8
5069	13
5070	5
5071	5
5072	9
5073	10
5074	3
5075	6
5076	10
5077	12
5078	9
5079	9
5080	8
5081	2
5082	6
5083	9
5084	7
5085	6
5086	4
5087	10
5088	4
5089	10
5090	7
5091	3
5092	15
5093	1
5094	8
5095	6
5096	8
5097	8
5098	10
5099	10
5100	8
5101	7
5102	4
5103	5
5104	4
5105	9
5106	7
5107	8
5108	8
5109	6
5110	10
5111	5
5112	8
5113	8
5114	10
5115	4
5116	14
5117	7
5118	3
5119	4
5120	10
5121	15
5122	6
5123	8
5124	11
5125	6
5126	8
5127	5
5128	10
5129	5
5130	10
5131	11
5132	7
5133	4
5134	2
5135	5
5136	4
5137	6
5138	7
5139	3
5140	9
5141	10
5142	8
5143	11
5144	9
5145	7
5146	10
5147	9
5148	7
5149	10
5150	9
5151	6
5152	3
5153	11
5154	5
5155	6
5156	6
5157	7
5158	2
5159	10
5160	6
5161	4
5162	3
5163	8
5164	3
5165	5
5166	6
5167	7
5168	4
5169	6
5170	11
5171	9
5172	10
5173	4
5174	8
5175	9
5176	6
5177	8
5178	7
5179	4
5180	7
5181	9
5182	8
5183	7
5184	4
5185	8
5186	5
5187	4
5188	3
5189	9
5190	13
5191	7
5192	7
5193	4
5194	8
5195	3
5196	13
5197	4
5198	6
5199	8
5200	9
5201	3
5202	6
5203	12
5204	3
5205	8
5206	7
5207	10
5208	5
5209	6
5210	6
5211	9
5212	10
5213	7
5214	4
5215	4
5216	7
5217	8
5218	5
5219	5
5220	4
5221	10
5222	6
5223	8
5224	8
5225	3
5226	7
5227	6
5228	6
5229	6
5230	8
5231	3
5232	12
5233	8
5234	8
5235	3
5236	6
5237	6
5238	7
5239	5
5240	5
5241	7
5242	5
5243	8
5244	7
5245	4
5246	7
5247	3
5248	10
5249	10
5250	4
5251	14
5252	10
5253	8
5254	4
5255	8
5256	3
5257	2
5258	1
5259	5
5260	6
5261	6
5262	6
5263	5
5264	4
5265	4
5266	7
5267	9
5268	10
5269	13
5270	5
5271	6
5272	7
5273	1
5274	3
5275	13
5276	7
5277	4
5278	4
5279	6
5280	8
5281	6
5282	5
5283	7
5284	7
5285	6
5286	8
5287	10
5288	10
5289	4
5290	6
5291	7
5292	5
5293	7
5294	7
5295	3
5296	2
5297	5
5298	7
5299	9
5300	7
5301	3
5302	8
5303	8
5304	12
5305	9
5306	7
5307	3
5308	5
5309	6
5310	4
5311	5
5312	8
5313	6
5314	10
5315	9
5316	9
5317	10
5318	9
5319	6
5320	13
5321	8
5322	13
5323	9
5324	9
5325	7
5326	6
5327	14
5328	8
5329	3
5330	7
5331	14
5332	9
5333	9
5334	7
5335	4
5336	7
5337	10
5338	12
5339	11
5340	6
5341	12
5342	8
5343	6
5344	12
5345	9
5346	6
5347	10
5348	13
5349	9
5350	12
5351	6
5352	9
5353	10
5354	4
5355	12
5356	12
5357	9
5358	12
5359	6
5360	9
5361	9
5362	5
5363	14
5364	16
5365	7
5366	7
5367	8
5368	10
5369	8
5370	8
5371	12
5372	10
5373	5
5374	9
5375	11
5376	8
5377	12
5378	12
5379	21
5380	6
5381	13
5382	10
5383	11
5384	6
5385	15
5386	12
5387	22
5388	9
5389	8
5390	14
5391	12
5392	16
5393	12
5394	10
5395	9
5396	16
5397	14
5398	5
5399	13
5400	17
5401	12
5402	15
5403	16
5404	13
5405	10
5406	16
5407	17
5408	10
5409	15
5410	18
5411	13
5412	16
5413	15
5414	12
5415	10
5416	16
5417	18
5418	14
5419	18
5420	13
5421	13
5422	13
5423	17
5424	21
5425	15
5426	19
5427	18
5428	15
5429	15
5430	14
5431	24
5432	17
5433	18
5434	19
5435	20
5436	20
5437	22
5438	19
5439	23
5440	16
5441	14
5442	22
5443	20
5444	22
5445	19
5446	22
5447	25
5448	20
5449	19
5450	26
5451	24
5452	14
5453	21
5454	22
5455	17
5456	18
5457	19
5458	18
5459	23
5460	17
5461	19
5462	28
5463	28
5464	20
5465	19
5466	20
5467	18
5468	22
5469	34
5470	18
5471	27
5472	23
5473	19
5474	25
5475	27
5476	26
5477	24
5478	27
5479	20
5480	25
5481	29
5482	22
5483	25
5484	28
5485	21
5486	29
5487	34
5488	32
5489	16
5490	11
5491	30
5492	29
5493	25
5494	18
5495	21
5496	26
5497	28
5498	29
5499	27
5500	28
5501	31
5502	17
5503	33
5504	28
5505	36
5506	22
5507	25
5508	28
5509	33
5510	28
5511	31
5512	26
5513	32
5514	37
5515	24
5516	26
5517	25
5518	26
5519	31
5520	39
5521	41
5522	33
5523	27
5524	25
5525	29
5526	26
5527	26
5528	26
5529	32
5530	24
5531	38
5532	33
5533	38
5534	49
5535	20
5536	33
5537	28
5538	35
5539	40
5540	33
5541	36
5542	24
5543	26
5544	35
5545	37
5546	33
5547	30
5548	34
5549	32
5550	29
5551	27
5552	36
5553	32
5554	34
5555	36
5556	34
5557	29
5558	36
5559	34
5560	42
5561	33
5562	28
5563	37
5564	37
5565	32
5566	39
5567	35
5568	33
5569	30
5570	34
5571	42
5572	38
5573	37
5574	46
5575	33
5576	38
5577	43
5578	29
5579	36
5580	35
5581	40
5582	34
5583	33
5584	37
5585	37
5586	28
5587	33
5588	36
5589	41
5590	33
5591	35
5592	35
5593	40
5594	35
5595	41
5596	32
5597	40
5598	38
5599	32
5600	27
5601	24
5602	37
5603	44
5604	37
5605	34
5606	35
5607	42
5608	33
5609	34
5610	37
5611	37
5612	25
5613	35
5614	29
5615	33
5616	47
5617	40
5618	33
5619	29
5620	37
5621	45
5622	34
5623	38
5624	28
5625	28
5626	28
5627	31
5628	31
5629	31
5630	29
5631	31
5632	27
5633	34
5634	32
5635	31
5636	31
5637	31
5638	26
5639	23
5640	37
5641	22
5642	26
5643	34
5644	34
5645	23
5646	26
5647	31
5648	29
5649	36
5650	32
5651	33
5652	21
5653	35
5654	34
5655	27
5656	27
5657	39
5658	31
5659	19
5660	28
5661	25
5662	28
5663	21
5664	17
5665	30
5666	28
5667	33
5668	26
5669	29
5670	28
5671	28
5672	26
5673	23
5674	18
5675	25
5676	17
5677	23
5678	24
5679	20
5680	28
5681	20
5682	22
5683	17
5684	30
5685	23
5686	29
5687	16
5688	26
5689	21
5690	27
5691	15
5692	23
5693	28
5694	21
5695	17
5696	16
5697	26
5698	24
5699	21
5700	20
5701	22
5702	20
5703	26
5704	18
5705	18
5706	17
5707	17
5708	21
5709	22
5710	20
5711	10
5712	16
5713	14
5714	13
5715	21
5716	26
5717	17
5718	12
5719	15
5720	14
5721	19
5722	11
5723	11
5724	15
5725	16
5726	19
5727	10
5728	17
5729	11
5730	9
5731	10
5732	18
5733	11
5734	17
5735	13
5736	18
5737	9
5738	21
5739	12
5740	9
5741	12
5742	8
5743	13
5744	19
5745	6
5746	12
5747	15
5748	14
5749	11
5750	18
5751	10
5752	14
5753	13
5754	8
5755	4
5756	7
5757	14
5758	9
5759	7
5760	6
5761	14
5762	8
5763	14
5764	14
5765	12
5766	7
5767	10
5768	11
5769	14
5770	12
5771	9
5772	5
5773	17
5774	7
5775	7
5776	13
5777	4
5778	10
5779	10
5780	10
5781	10
5782	10
5783	3
5784	9
5785	11
5786	5
5787	8
5788	10
5789	5
5790	5
5791	7
5792	5
5793	6
5794	4
5795	10
5796	11
5797	5
5798	11
5799	4
5800	4
5801	12
5802	3
5803	2
5804	6
5805	2
5806	8
5807	11
5808	6
5809	12
5810	5
5811	5
5812	4
5813	2
5814	5
5815	6
5816	5
5817	3
5818	0
5819	5
5820	5
5821	1
5822	4
5823	7
5824	7
5825	3
5826	7
5827	5
5828	2
5829	4
5830	1
5831	4
5832	8
5833	5
5834	2
5835	2
5836	4
5837	1
5838	6
5839	4
5840	2
5841	3
5842	1
5843	3
5844	5
5845	3
5846	5
5847	6
5848	1
5849	0
5850	4
5851	1
5852	2
5853	1
5854	0
5855	2
5856	2
5857	2
5858	3
5859	3
5860	3
5861	5
5862	2
5863	4
5864	6
5865	3
5866	2
5867	3
5868	2
5869	2
5870	1
5871	0
5872	3
5873	2
5874	3
5875	7
5876	1
5877	2
5878	2
5879	3
5880	2
5881	0
5882	0
5883	1
5884	2
5885	0
5886	2
5887	1
5888	1
5889	3
5890	1
5891	2
5892	3
5893	3
5894	1
5895	2
5896	2
5897	3
5898	5
5899	2
5900	3
5901	1
5902	1
5903	2
5904	0
5905	0
5906	0
5907	2
5908	1
5909	0
5910	0
5911	0
5912	2
5913	1
5914	0
5915	0
5916	2
5917	0
5918	2
5919	2
5920	2
5921	0
5922	3
5923	2
5924	0
5925	2
5926	1
5927	3
5928	1
5929	0
5930	0
5931	0
5932	2
5933	2
5934	1
5935	1
5936	1
5937	2
5938	1
5939	0
5940	2
5941	1
5942	0
5943	1
5944	0
5945	1
5946	2
5947	1
5948	0
5949	1
5950	3
5951	2
5952	0
5953	2
5954	0
5955	2
5956	2
5957	1
5958	1
5959	2
5960	2
5961	2
5962	0
5963	1
5964	1
5965	0
5966	2
5967	3
5968	1
5969	1
5970	0
5971	1
5972	1
5973	0
5974	1
5975	2
5976	1
5977	2
5978	3
5979	2
5980	2
5981	2
5982	1
5983	2
5984	0
5985	0
5986	2
5987	2
5988	1
5989	1
5990	0
5991	1
5992	0
5993	0
5994	2
5995	2
5996	1
5997	0
5998	1
5999	0
6000	4
6001	0
6002	0
6003	1
6004	2
6005	1
6006	0
6007	3
6008	0
6009	3
6010	1
6011	1
6012	2
6013	0
6014	2
6015	3
6016	2
6017	0
6018	0
6019	2
6020	2
6021	0
6022	1
6023	0
6024	3
6025	1
6026	3
6027	0
6028	0
6029	0
6030	1
6031	0
6032	0
6033	1
6034	2
6035	0
6036	0
6037	0
6038	3
6039	1
6040	1
6041	0
6042	0
6043	1
6044	0
6045	0
6046	0
6047	1
6048	0
6049	0
6050	0
6051	0
6052	1
6053	1
6054	1
6055	4
6056	2
6057	2
6058	2
6059	1
6060	1
6061	0
6062	4
6063	0
6064	0
6065	2
6066	2
6067	2
6068	0
6069	3
6070	0
6071	0
6072	2
6073	2
6074	1
6075	1
6076	0
6077	1
6078	0
6079	0
6080	1
6081	0
6082	1
6083	1
6084	0
6085	0
6086	1
6087	1
6088	0
6089	2
6090	1
6091	4
6092	0
6093	1
6094	0
6095	0
6096	3
6097	2
6098	1
6099	0
6100	0
6101	2
6102	0
6103	0
6104	1
6105	0
6106	1
6107	1
6108	0
6109	3
6110	1
6111	0
6112	0
6113	0
6114	1
6115	0
6116	1
6117	2
6118	2
6119	0
6120	0
6121	1
6122	0
6123	1
6124	0
6125	2
6126	0
6127	0
6128	1
6129	0
6130	0
6131	1
6132	0
6133	0
6134	3
6135	0
6136	0
6137	1
6138	0
6139	1
6140	1
6141	1
6142	0
6143	1
6144	1
6145	0
6146	1
6147	1
6148	0
6149	1
6150	1
6151	1
6152	2
6153	1
6154	2
6155	2
6156	1
6157	2
6158	0
6159	2
6160	2
6161	0
6162	2
6163	0
6164	1
6165	1
6166	1
6167	1
6168	3
6169	1
6170	2
6171	1
6172	1
6173	0
6174	1
6175	2
6176	0
6177	0
6178	0
6179	2
6180	0
6181	1
6182	3
6183	0
6184	1
6185	0
6186	0
6187	1
6188	0
6189	2
6190	2
6191	0
6192	0
6193	2
6194	0
6195	1
6196	1
6197	0
6198	2
6199	1
6200	1
6201	0
6202	0
6203	0
6204	1
6205	0
6206	2
6207	1
6208	0
6209	1
6210	1
6211	0
6212	0
6213	0
6214	1
6215	1
6216	1
6217	1
6218	2
6219	0
6220	3
6221	2
6222	2
6223	1
6224	0
6225	1
6226	0
6227	4
6228	1
6229	1
6230	2
6231	1
6232	1
6233	1
6234	0
6235	1
6236	1
6237	0
6238	0
6239	0
6240	1
6241	0
6242	0
6243	2
6244	4
6245	1
6246	0
6247	1
6248	1
6249	1
6250	3
6251	0
6252	3
6253	2
6254	1
6255	0
6256	1
6257	3
6258	0
6259	0
6260	0
6261	1
6262	2
6263	1
6264	0
6265	0
6266	0
6267	1
6268	0
6269	0
6270	1
6271	0
6272	0
6273	0
6274	0
6275	0
6276	1
6277	0
6278	1
6279	0
6280	0
6281	0
6282	2
6283	0
6284	0
6285	0
6286	2
6287	1
6288	0
6289	0
6290	2
6291	0
6292	1
6293	1
6294	1
6295	1
6296	1
6297	3
6298	1
6299	1
6300	0
6301	1
6302	0
6303	0
6304	0
6305	0
6306	4
6307	1
6308	1
6309	0
6310	1
6311	0
6312	1
6313	0
6314	0
6315	1
6316	0
6317	1
6318	1
6319	3
6320	3
6321	0
6322	0
6323	1
6324	1
6325	0
6326	0
6327	2
6328	1
6329	1
6330	1
6331	2
6332	1
6333	1
6334	2
6335	2
6336	1
6337	1
6338	0
6339	1
6340	1
6341	2
6342	0
6343	0
6344	1
6345	0
6346	0
6347	0
6348	2
6349	0
6350	0
6351	1
6352	4
6353	1
6354	0
6355	0
6356	1
6357	1
6358	1
6359	1
6360	0
6361	2
6362	0
6363	0
6364	1
6365	0
6366	1
6367	0
6368	1
6369	1
6370	1
6371	1
6372	0
6373	0
6374	0
6375	1
6376	2
6377	1
6378	2
6379	1
6380	0
6381	0
6382	4
6383	0
6384	2
6385	0
6386	3
6387	1
6388	1
6389	0
6390	1
6391	0
6392	1
6393	0
6394	2
6395	0
6396	1
6397	2
6398	1
6399	0
6400	1
6401	0
6402	0
6403	1
6404	1
6405	0
6406	0
6407	0
6408	2
6409	0
6410	0
6411	0
6412	0
6413	0
6414	0
6415	1
6416	0
6417	0
6418	1
6419	0
6420	1
6421	3
6422	0
6423	0
6424	2
6425	1
6426	1
6427	2
6428	0
6429	1
6430	0
6431	0
6432	0
6433	3
6434	0
6435	2
6436	0
6437	0
6438	0
6439	1
6440	0
6441	0
6442	0
6443	0
6444	1
6445	0
6446	2
6447	1
6448	1
6449	0
6450	2
6451	1
6452	0
6453	2
6454	1
6455	1
6456	1
6457	1
6458	0
6459	1
6460	2
6461	0
6462	0
6463	3
6464	1
6465	0
6466	1
6467	0
6468	0
6469	2
6470	1
6471	2
6472	1
6473	1
6474	0
6475	3
6476	0
6477	1
6478	0
6479	0
6480	1
6481	2
6482	0
6483	0
6484	0
6485	2
6486	1
6487	2
6488	1
6489	1
6490	2
6491	0
6492	2
6493	0
6494	1
6495	1
6496	0
6497	0
6498	0
6499	0
6500	0
6501	0
6502	1
6503	0
6504	0
6505	0
6506	0
6507	2
6508	0
6509	0
6510	1
6511	0
6512	0
6513	2
6514	1
6515	2
6516	1
6517	1
6518	0
6519	0
6520	1
6521	1
6522	1
6523	2
6524	1
6525	1
6526	1
6527	1
6528	1
6529	0
6530	0
6531	0
6532	1
6533	0
6534	1
6535	0
6536	1
6537	2
6538	1
6539	1
6540	2
6541	1
6542	3
6543	1
6544	0
6545	1
6546	1
6547	0
6548	1
6549	0
6550	0
6551	0
6552	0
6553	0
6554	3
6555	0
6556	1
6557	1
6558	0
6559	2
6560	1
6561	0
6562	1
6563	0
6564	2
6565	0
6566	0
6567	0
6568	0
6569	1
6570	0
6571	3
6572	2
6573	1
6574	0
6575	1
6576	0
6577	0
6578	0
6579	1
6580	1
6581	1
6582	1
6583	1
6584	0
6585	1
6586	2
6587	1
6588	0
6589	0
6590	1
6591	1
6592	0
6593	0
6594	1
6595	2
6596	0
6597	0
6598	0
6599	1
6600	0
6601	1
6602	1
6603	2
6604	2
6605	0
6606	0
6607	1
6608	2
6609	0
6610	0
6611	1
6612	2
6613	3
6614	1
6615	0
6616	1
6617	0
6618	1
6619	0
6620	0
6621	0
6622	1
6623	0
6624	0
6625	0
6626	1
6627	2
6628	0
6629	0
6630	0
6631	1
6632	3
6633	0
6634	1
6635	1
6636	1
6637	1
6638	0
6639	2
6640	0
6641	2
6642	0
6643	0
6644	0
6645	0
6646	1
6647	1
6648	1
6649	0
6650	1
6651	1
6652	0
6653	0
6654	1
6655	1
6656	1
6657	0
6658	0
6659	0
6660	0
6661	0
6662	2
6663	1
6664	1
6665	0
6666	0
6667	0
6668	2
6669	0
6670	1
6671	2
6672	0
6673	1
6674	2
6675	0
6676	0
6677	0
6678	1
6679	0
6680	0
6681	0
6682	1
6683	2
6684	0
6685	0
6686	1
6687	0
6688	1
6689	0
6690	1
6691	1
6692	0
6693	0
6694	0
6695	2
6696	0
6697	0
6698	1
6699	0
6700	1
6701	2
6702	0
6703	1
6704	1
6705	0
6706	1
6707	1
6708	0
6709	0
6710	0
6711	1
6712	0
6713	1
6714	1
6715	1
6716	0
6717	1
6718	0
6719	0
6720	1
6721	1
6722	0
6723	0
6724	0
6725	1
6726	1
6727	3
6728	1
6729	1
6730	1
6731	0
6732	0
6733	0
6734	0
6735	0
6736	1
6737	0
6738	1
6739	2
6740	0
6741	1
6742	1
6743	1
6744	1
6745	0
6746	0
6747	2
6748	2
6749	0
6750	2
6751	1
6752	0
6753	0
6754	0
6755	2
6756	0
6757	1
6758	0
6759	0
6760	2
6761	0
6762	1
6763	0
6764	1
6765	2
6766	0
6767	0
6768	0
6769	0
6770	1
6771	1
6772	0
6773	0
6774	0
6775	1
6776	0
6777	0
6778	0
6779	0
6780	0
6781	1
6782	1
6783	0
6784	1
6785	0
6786	0
6787	0
6788	0
6789	0
6790	0
6791	0
6792	3
6793	1
6794	0
6795	0
6796	0
6797	2
6798	0
6799	1
6800	2
6801	1
6802	1
6803	1
6804	1
6805	1
6806	0
6807	0
6808	0
6809	1
6810	2
6811	1
6812	0
6813	1
6814	1
6815	0
6816	0
6817	0
6818	0
6819	0
6820	0
6821	0
6822	0
6823	2
6824	1
6825	1
6826	0
6827	1
6828	0
6829	1
6830	0
6831	0
6832	0
6833	1
6834	0
6835	1
6836	1
6837	0
6838	0
6839	1
6840	1
6841	1
6842	0
6843	1
6844	1
6845	1
6846	0
6847	1
6848	1
6849	2
6850	0
6851	0
6852	1
6853	1
6854	0
6855	0
6856	1
6857	1
6858	0
6859	0
6860	1
6861	0
6862	0
6863	0
6864	0
6865	1
6866	0
6867	0
6868	0
6869	0
6870	4
6871	0
6872	1
6873	0
6874	0
6875	0
6876	2
6877	1
6878	0
6879	1
6880	0
6881	0
6882	0
6883	1
6884	2
6885	0
6886	0
6887	1
6888	0
6889	1
6890	1
6891	0
6892	1
6893	0
6894	0
6895	1
6896	0
6897	0
6898	0
6899	0
6900	2
6901	1
6902	1
6903	0
6904	2
6905	0
6906	0
6907	0
6908	0
6909	0
6910	0
6911	0
6912	1
6913	0
6914	0
6915	0
6916	0
6917	0
6918	1
6919	0
6920	2
6921	3
6922	0
6923	0
6924	1
6925	2
6926	1
6927	0
6928	1
6929	0
6930	2
6931	0
6932	1
6933	1
6934	1
6935	0
6936	0
6937	1
6938	1
6939	0
6940	0
6941	0
6942	0
6943	0
6944	0
6945	1
6946	0
6947	1
6948	0
6949	4
6950	0
6951	1
6952	0
6953	0
6954	0
6955	2
6956	0
6957	0
6958	1
6959	1
6960	0
6961	0
6962	1
6963	0
6964	0
6965	0
6966	3
6967	1
6968	1
6969	0
6970	0
6971	1
6972	0
6973	0
6974	1
6975	0
6976	0
6977	0
6978	0
6979	1
6980	0
6981	0
6982	1
6983	1
6984	0
6985	0
6986	0
6987	1
6988	0
6989	0
6990	0
6991	1
6992	1
6993	0
6994	0
6995	0
6996	0
6997	0
6998	0
6999	0
7000	0
7001	0
7002	1
7003	1
7004	0
7005	0
7006	4
7007	0
7008	1
7009	0
7010	1
7011	0
7012	1
7013	0
7014	0
7015	0
7016	0
7017	0
7018	1
7019	1
7020	2
7021	0
7022	0
7023	0
7024	0
7025	1
7026	0
7027	1
7028	2
7029	1
7030	1
7031	1
7032	0
7033	2
7034	0
7035	0
7036	0
7037	1
7038	0
7039	0
7040	1
7041	0
7042	4
7043	0
7044	1
7045	0
7046	0
7047	1
7048	1
7049	1
7050	0
7051	0
7052	0
7053	0
7054	1
7055	1
7056	0
7057	1
7058	0
7059	2
7060	1
7061	1
7062	0
7063	0
7064	0
7065	0
7066	1
7067	0
7068	0
7069	1
7070	1
7071	1
7072	0
7073	0
7074	1
7075	0
7076	2
7077	0
7078	0
7079	0
7080	0
7081	0
7082	1
7083	2
7084	0
7085	0
7086	0
7087	3
7088	0
7089	0
7090	1
7091	0
7092	2
7093	1
7094	0
7095	0
7096	0
7097	0
7098	0
7099	0
7100	2
7101	0
7102	1
7103	0
7104	0
7105	0
7106	0
7107	0
7108	2
7109	1
7110	0
7111	0
7112	0
7113	0
7114	1
7115	1
7116	1
7117	0
7118	1
7119	0
7120	1
7121	0
7122	0
7123	2
7124	0
7125	1
7126	0
7127	1
7128	1
7129	0
7130	0
7131	0
7132	0
7133	1
7134	0
7135	0
7136	0
7137	0
7138	1
7139	0
7140	1
7141	0
7142	0
7143	0
7144	0
7145	1
7146	1
7147	0
7148	0
7149	1
7150	0
7151	0
7152	1
7153	1
7154	0
7155	1
7156	1
7157	0
7158	2
7159	0
7160	1
7161	0
7162	0
7163	1
7164	0
7165	0
7166	0
7167	1
7168	0
7169	1
7170	0
7171	1
7172	0
7173	0
7174	0
7175	0
7176	0
7177	1
7178	0
7179	0
7180	1
7181	1
7182	0
7183	1
7184	1
7185	0
7186	0
7187	2
7188	0
7189	0
7190	0
7191	0
7192	0
7193	0
7194	0
7195	1
7196	0
7197	0
7198	0
7199	1
7200	1
7201	0
7202	0
7203	0
7204	1
7205	1
7206	0
7207	0
7208	0
7209	1
7210	0
7211	0
7212	0
7213	0
7214	0
7215	0
7216	1
7217	0
7218	1
7219	0
7220	0
7221	0
7222	0
7223	1
7224	1
7225	1
7226	0
7227	0
7228	0
7229	0
7230	0
7231	1
7232	0
7233	0
7234	1
7235	1
7236	0
7237	0
7238	0
7239	1
7240	0
7241	0
7242	1
7243	0
7244	0
7245	1
7246	0
7247	0
7248	0
7249	1
7250	0
7251	0
7252	0
7253	0
7254	1
7255	1
7256	0
7257	0
7258	1
7259	1
7260	1
7261	1
7262	0
7263	0
7264	0
7265	1
7266	0
7267	0
7268	1
7269	0
7270	0
7271	1
7272	0
7273	1
7274	0
7275	0
7276	0
7277	1
7278	1
7279	2
7280	0
7281	0
7282	2
7283	0
7284	0
7285	1
7286	0
7287	0
7288	1
7289	0
7290	1
7291	1
7292	0
7293	1
7294	0
7295	0
7296	2
7297	0
7298	0
7299	1
7300	2
7301	0
7302	0
7303	2
7304	0
7305	0
7306	0
7307	0
7308	0
7309	0
7310	1
7311	0
7312	0
7313	0
7314	0
7315	0
7316	0
7317	0
7318	1
7319	0
7320	0
7321	0
7322	0
7323	0
7324	0
7325	0
7326	0
7327	0
7328	0
7329	0
7330	0
7331	1
7332	0
7333	0
7334	0
7335	0
7336	1
7337	0
7338	1
7339	0
7340	0
7341	1
7342	0
7343	0
7344	1
7345	1
7346	0
7347	0
7348	0
7349	2
7350	0
7351	0
7352	1
7353	1
7354	1
7355	0
7356	0
7357	0
7358	0
7359	0
7360	1
7361	0
7362	0
7363	1
7364	1
7365	1
7366	1
7367	2
7368	0
7369	1
7370	0
7371	0
7372	0
7373	0
7374	2
7375	1
7376	0
7377	0
7378	0
7379	1
7380	1
7381	0
7382	0
7383	0
7384	0
7385	0
7386	1
7387	0
7388	0
7389	0
7390	0
7391	1
7392	0
7393	0
7394	1
7395	0
7396	0
7397	0
7398	1
7399	0
7400	1
7401	0
7402	0
7403	0
7404	1
7405	0
7406	0
7407	0
7408	1
7409	0
7410	0
7411	1
7412	0
7413	0
7414	0
7415	0
7416	0
7417	0
7418	0
7419	0
7420	0
7421	0
7422	0
7423	1
7424	0
7425	0
7426	0
7427	0
7428	0
7429	0
7430	0
7431	0
7432	0
7433	1
7434	2
7435	0
7436	0
7437	0
7438	0
7439	0
7440	0
7441	0
7442	0
7443	0
7444	0
7445	0
7446	0
7447	1
7448	1
7449	0
7450	0
7451	0
7452	0
7453	0
7454	0
7455	0
7456	0
7457	0
7458	0
7459	0
7460	0
7461	3
7462	0
7463	0
7464	0
7465	1
7466	1
7467	1
7468	0
7469	0
7470	0
7471	1
7472	0
7473	0
7474	0
7475	1
7476	0
7477	0
7478	0
7479	1
7480	0
7481	1
7482	1
7483	0
7484	0
7485	0
7486	0
7487	0
7488	0
7489	0
7490	1
7491	0
7492	0
7493	0
7494	0
7495	1
7496	0
7497	0
7498	0
7499	1
7500	1
7501	0
7502	1
7503	0
7504	0
7505	0
7506	0
7507	0
7508	0
7509	0
7510	2
7511	0
7512	0
7513	1
7514	1
7515	0
7516	0
7517	0
7518	0
7519	1
7520	0
7521	0
7522	0
7523	0
7524	0
7525	0
7526	0
7527	0
7528	0
7529	0
7530	1
7531	0
7532	1
7533	0
7534	0
7535	0
7536	0
7537	0
7538	0
7539	1
7540	0
7541	0
7542	0
7543	1
7544	1
7545	0
7546	0
7547	0
7548	1
7549	0
7550	1
7551	0
7552	0
7553	0
7554	0
7555	0
7556	0
7557	1
7558	0
7559	1
7560	0
7561	1
7562	0
7563	0
7564	0
7565	1
7566	2
7567	0
7568	0
7569	1
7570	0
7571	1
7572	0
7573	0
7574	0
7575	1
7576	0
7577	0
7578	1
7579	0
7580	0
7581	2
7582	0
7583	0
7584	1
7585	0
7586	1
7587	0
7588	0
7589	1
7590	0
7591	1
7592	0
7593	0
7594	1
7595	0
7596	0
7597	0
7598	0
7599	0
7600	0
7601	0
7602	0
7603	0
7604	0
7605	0
7606	0
7607	0
7608	0
7609	0
7610	0
7611	0
7612	0
7613	0
7614	0
7615	2
7616	0
7617	0
7618	1
7619	0
7620	0
7621	0
7622	1
7623	1
7624	0
7625	0
7626	1
7627	0
7628	1
7629	0
7630	0
7631	0
7632	0
7633	1
7634	0
7635	0
7636	0
7637	0
7638	0
7639	1
7640	0
7641	0
7642	0
7643	0
7644	1
7645	1
7646	0
7647	0
7648	2
7649	0
7650	0
7651	0
7652	0
7653	0
7654	0
7655	1
7656	1
7657	0
7658	0
7659	0
7660	0
7661	0
7662	0
7663	0
7664	1
7665	1
7666	0
7667	0
7668	0
7669	0
7670	1
7671	2
7672	0
7673	0
7674	0
7675	0
7676	1
7677	0
7678	0
7679	2
7680	2
7681	1
7682	0
7683	0
7684	0
7685	1
7686	0
7687	1
7688	1
7689	1
7690	0
7691	0
7692	0
7693	1
7694	0
7695	0
7696	0
7697	0
7698	0
7699	0
7700	0
7701	0
7702	0
7703	0
7704	0
7705	0
7706	0
7707	0
7708	0
7709	0
7710	1
7711	0
7712	0
7713	0
7714	0
7715	1
7716	0
7717	2
7718	2
7719	0
7720	0
7721	1
7722	0
7723	0
7724	0
7725	0
7726	1
7727	0
7728	0
7729	0
7730	0
7731	0
7732	1
7733	0
7734	0
7735	0
7736	0
7737	2
7738	0
7739	1
7740	0
7741	0
7742	0
7743	1
7744	0
7745	1
7746	0
7747	0
7748	1
7749	0
7750	1
7751	1
7752	0
7753	0
7754	0
7755	1
7756	0
7757	1
7758	0
7759	0
7760	0
7761	0
7762	1
7763	0
7764	1
7765	0
7766	0
7767	0
7768	1
7769	0
7770	1
7771	0
7772	0
7773	0
7774	0
7775	0
7776	0
7777	0
7778	0
7779	1
7780	0
7781	1
7782	0
7783	0
7784	0
7785	0
7786	0
7787	0
7788	0
7789	1
7790	0
7791	0
7792	0
7793	0
7794	0
7795	0
7796	2
7797	1
7798	2
7799	0
7800	1
7801	0
7802	1
7803	1
7804	0
7805	0
7806	0
7807	0
7808	0
7809	0
7810	0
7811	0
7812	0
7813	3
7814	0
7815	0
7816	1
7817	0
7818	0
7819	0
7820	0
7821	0
7822	0
7823	1
7824	0
7825	0
7826	2
7827	0
7828	0
7829	1
7830	0
7831	0
7832	2
7833	0
7834	1
7835	0
7836	0
7837	1
7838	0
7839	0
7840	1
7841	0
7842	1
7843	0
7844	0
7845	0
7846	2
7847	1
7848	0
7849	0
7850	0
7851	1
7852	1
7853	0
7854	2
7855	0
7856	0
7857	2
7858	0
7859	0
7860	1
7861	0
7862	1
7863	0
7864	2
7865	0
7866	1
7867	0
7868	1
7869	0
7870	1
7871	0
7872	0
7873	0
7874	0
7875	0
7876	3
7877	0
7878	0
7879	0
7880	0
7881	1
7882	0
7883	2
7884	0
7885	0
7886	0
7887	0
7888	0
7889	0
7890	1
7891	0
7892	2
7893	1
7894	0
7895	0
7896	1
7897	0
7898	0
7899	1
7900	2
7901	1
7902	0
7903	0
7904	0
7905	0
7906	2
7907	0
7908	0
7909	2
7910	1
7911	0
7912	2
7913	0
7914	0
7915	0
7916	1
7917	1
7918	2
7919	0
7920	0
7921	0
7922	1
7923	0
7924	0
7925	0
7926	1
7927	1
7928	0
7929	2
7930	0
7931	0
7932	0
7933	0
7934	0
7935	0
7936	0
7937	0
7938	0
7939	0
7940	0
7941	0
7942	0
7943	0
7944	0
7945	0
7946	0
7947	1
7948	1
7949	1
7950	1
7951	0
7952	0
7953	0
7954	0
7955	0
7956	1
7957	0
7958	1
7959	1
7960	0
7961	0
7962	0
7963	0
7964	0
7965	1
7966	1
7967	1
7968	0
7969	2
7970	0
7971	1
7972	0
7973	0
7974	2
7975	0
7976	1
7977	0
7978	1
7979	0
7980	0
7981	0
7982	0
7983	0
7984	1
7985	0
7986	0
7987	0
7988	0
7989	0
7990	0
7991	0
7992	2
7993	0
7994	0
7995	2
7996	0
7997	0
7998	0
7999	0
8000	0
8001	1
8002	0
8003	0
8004	0
8005	2
8006	0
8007	0
8008	0
8009	1
8010	0
8011	0
8012	1
8013	0
8014	2
8015	0
8016	1
8017	0
8018	0
8019	0
8020	0
8021	0
8022	0
8023	0
8024	0
8025	0
8026	0
8027	0
8028	2
8029	0
8030	0
8031	0
8032	0
8033	0
8034	0
8035	0
8036	0
8037	0
8038	0
8039	0
8040	0
8041	0
8042	0
8043	0
8044	0
8045	0
8046	0
8047	0
8048	0
8049	0
8050	0
8051	0
8052	0
8053	0
8054	0
8055	0
8056	0
8057	0
8058	0
8059	0
8060	0
8061	0
8062	0
8063	0
8064	0
8065	0
8066	0
8067	0
8068	0
8069	0
8070	0
8071	0
8072	0
8073	0
8074	0
8075	0
8076	0
8077	0
8078	0
8079	0
8080	0
8081	0
8082	0
8083	0
8084	0
8085	0
8086	0
8087	0
8088	0
8089	0
8090	0
8091	0
8092	0
8093	0
8094	0
8095	0
8096	0
8097	0
8098	0
8099	0
8100	0
8101	0
8102	0
8103	0
8104	0
8105	0
8106	0
8107	0
8108	0
8109	0
8110	0
8111	0
8112	0
8113	0
8114	0
8115	0
8116	0
8117	0
8118	0
8119	0
8120	0
8121	0
8122	0
8123	0
8124	0
8125	0
8126	0
8127	0
8128	0
8129	0
8130	0
8131	0
8132	0
8133	0
8134	0
8135	0
8136	0
8137	0
8138	0
8139	0
8140	0
8141	0
8142	0
8143	0
8144	0
8145	0
8146	0
8147	0
8148	0
8149	0
8150	0
8151	0
8152	0
8153	0
8154	0
8155	0
8156	0
8157	0
8158	0
8159	0
8160	0
8161	0
8162	0
8163	0
8164	0
8165	0
8166	0
8167	0
8168	0
8169	0
8170	0
8171	0
8172	0
8173	0
8174	0
8175	0
8176	0
8177	0
8178	0
8179	0
8180	0
8181	0
8182	0
8183	0
8184	0
8185	0
8186	0
8187	0
8188	0
8189	0
8190	0
8191	0
