0	0
1	0
2	0
3	0
4	0
5	0
6	0
7	0
8	0
9	0
10	0
11	0
12	0
13	0
14	0
15	0
16	0
17	0
18	0
19	0
20	0
21	0
22	0
23	0
24	0
25	0
26	0
27	0
28	0
29	0
30	0
31	1
32	0
33	1
34	1
35	1
36	0
37	0
38	0
39	1
40	3
41	0
42	0
43	3
44	25
45	96
46	121
47	155
48	146
49	128
50	116
51	101
52	86
53	94
54	93
55	70
56	92
57	86
58	94
59	75
60	100
61	89
62	96
63	89
64	92
65	86
66	85
67	81
68	81
69	57
70	90
71	83
72	71
73	88
74	99
75	86
76	105
77	82
78	90
79	92
80	77
81	81
82	64
83	58
84	68
85	79
86	72
87	68
88	64
89	69
90	73
91	76
92	66
93	66
94	63
95	72
96	75
97	72
98	77
99	62
100	70
101	66
102	66
103	71
104	76
105	79
106	72
107	74
108	75
109	72
110	75
111	88
112	70
113	65
114	84
115	77
116	66
117	83
118	80
119	71
120	89
121	73
122	101
123	83
124	91
125	73
126	69
127	92
128	88
129	76
130	84
131	74
132	83
133	71
134	81
135	81
136	82
137	90
138	91
139	78
140	97
141	81
142	98
143	69
144	99
145	96
146	90
147	84
148	79
149	83
150	94
151	73
152	127
153	80
154	93
155	107
156	88
157	96
158	81
159	78
160	129
161	99
162	109
163	102
164	103
165	105
166	103
167	117
168	120
169	108
170	103
171	106
172	109
173	100
174	88
175	99
176	122
177	119
178	108
179	100
180	114
181	99
182	114
183	121
184	130
185	137
186	112
187	135
188	150
189	121
190	118
191	123
192	99
193	129
194	119
195	116
196	126
197	140
198	137
199	131
200	116
201	140
202	138
203	132
204	106
205	152
206	149
207	118
208	150
209	135
210	130
211	125
212	136
213	137
214	160
215	140
216	148
217	157
218	144
219	148
220	160
221	147
222	161
223	145
224	162
225	136
226	125
227	169
228	167
229	166
230	123
231	157
232	155
233	180
234	172
235	167
236	184
237	151
238	184
239	171
240	181
241	163
242	184
243	183
244	195
245	198
246	186
247	201
248	177
249	172
250	168
251	170
252	180
253	176
254	193
255	160
256	176
257	177
258	186
259	168
260	177
261	198
262	212
263	190
264	178
265	155
266	159
267	196
268	204
269	178
270	170
271	174
272	174
273	172
274	168
275	201
276	187
277	214
278	166
279	180
280	190
281	163
282	174
283	178
284	165
285	185
286	180
287	161
288	166
289	183
290	200
291	162
292	172
293	166
294	197
295	198
296	166
297	162
298	154
299	164
300	162
301	170
302	174
303	161
304	169
305	169
306	185
307	155
308	166
309	185
310	159
311	207
312	157
313	191
314	155
315	198
316	170
317	177
318	168
319	166
320	147
321	172
322	169
323	178
324	175
325	159
326	177
327	189
328	172
329	183
330	160
331	182
332	183
333	168
334	164
335	161
336	179
337	178
338	169
339	200
340	168
341	159
342	167
343	182
344	162
345	193
346	166
347	181
348	158
349	171
350	155
351	166
352	171
353	184
354	155
355	183
356	174
357	166
358	164
359	173
360	158
361	157
362	155
363	150
364	151
365	170
366	160
367	184
368	162
369	155
370	190
371	149
372	164
373	198
374	176
375	190
376	164
377	184
378	155
379	164
380	154
381	158
382	185
383	179
384	163
385	179
386	158
387	174
388	175
389	170
390	160
391	152
392	164
393	167
394	152
395	182
396	161
397	144
398	144
399	144
400	155
401	164
402	158
403	173
404	156
405	168
406	158
407	155
408	155
409	142
410	159
411	171
412	149
413	178
414	151
415	137
416	138
417	196
418	163
419	157
420	153
421	139
422	146
423	142
424	161
425	157
426	172
427	160
428	158
429	150
430	174
431	152
432	184
433	167
434	174
435	163
436	147
437	170
438	159
439	183
440	164
441	152
442	150
443	168
444	154
445	147
446	181
447	150
448	141
449	149
450	147
451	164
452	156
453	149
454	139
455	134
456	152
457	151
458	152
459	145
460	151
461	167
462	147
463	164
464	145
465	156
466	157
467	162
468	165
469	152
470	128
471	136
472	133
473	145
474	142
475	125
476	152
477	153
478	158
479	149
480	166
481	136
482	144
483	152
484	173
485	160
486	134
487	152
488	168
489	141
490	143
491	131
492	152
493	154
494	144
495	140
496	163
497	166
498	141
499	131
500	139
501	144
502	145
503	122
504	138
505	130
506	155
507	143
508	145
509	137
510	130
511	149
512	146
513	127
514	134
515	143
516	133
517	145
518	157
519	132
520	156
521	136
522	156
523	163
524	137
525	131
526	117
527	126
528	114
529	115
530	125
531	157
532	150
533	139
534	140
535	158
536	145
537	155
538	126
539	150
540	137
541	134
542	142
543	135
544	134
545	149
546	134
547	140
548	151
549	139
550	142
551	174
552	133
553	121
554	133
555	131
556	145
557	169
558	136
559	140
560	174
561	165
562	155
563	138
564	135
565	136
566	128
567	139
568	129
569	136
570	134
571	128
572	143
573	159
574	147
575	143
576	147
577	134
578	126
579	141
580	135
581	147
582	147
583	141
584	137
585	147
586	147
587	148
588	139
589	156
590	154
591	130
592	133
593	133
594	142
595	134
596	128
597	141
598	150
599	146
600	136
601	124
602	129
603	147
604	126
605	137
606	110
607	153
608	131
609	148
610	134
611	149
612	117
613	144
614	116
615	147
616	143
617	118
618	134
619	116
620	116
621	116
622	124
623	133
624	124
625	111
626	126
627	122
628	122
629	118
630	125
631	130
632	138
633	135
634	131
635	137
636	133
637	149
638	145
639	115
640	108
641	129
642	106
643	116
644	110
645	129
646	133
647	115
648	117
649	109
650	132
651	103
652	109
653	110
654	135
655	146
656	126
657	135
658	119
659	143
660	126
661	111
662	114
663	137
664	127
665	119
666	108
667	105
668	125
669	129
670	123
671	115
672	118
673	124
674	117
675	126
676	117
677	124
678	114
679	125
680	100
681	135
682	119
683	114
684	108
685	119
686	122
687	121
688	121
689	100
690	112
691	112
692	108
693	113
694	120
695	109
696	116
697	116
698	134
699	106
700	105
701	103
702	137
703	107
704	120
705	107
706	103
707	108
708	126
709	113
710	100
711	128
712	112
713	110
714	106
715	117
716	111
717	103
718	103
719	114
720	104
721	108
722	107
723	100
724	119
725	112
726	117
727	134
728	102
729	106
730	109
731	125
732	102
733	105
734	109
735	115
736	109
737	116
738	97
739	104
740	124
741	105
742	111
743	106
744	117
745	112
746	122
747	106
748	95
749	100
750	118
751	134
752	101
753	111
754	124
755	110
756	107
757	95
758	113
759	109
760	90
761	113
762	111
763	100
764	128
765	97
766	102
767	94
768	120
769	109
770	100
771	107
772	111
773	93
774	126
775	98
776	103
777	105
778	100
779	107
780	104
781	113
782	122
783	92
784	96
785	110
786	111
787	117
788	103
789	96
790	82
791	97
792	103
793	98
794	107
795	114
796	107
797	109
798	119
799	99
800	95
801	117
802	118
803	98
804	97
805	109
806	88
807	106
808	98
809	77
810	94
811	101
812	87
813	95
814	105
815	110
816	113
817	85
818	95
819	119
820	89
821	112
822	90
823	79
824	97
825	115
826	89
827	98
828	98
829	88
830	98
831	88
832	88
833	94
834	87
835	84
836	91
837	90
838	87
839	93
840	83
841	68
842	117
843	89
844	98
845	96
846	90
847	104
848	84
849	108
850	95
851	88
852	129
853	99
854	87
855	103
856	87
857	78
858	92
859	96
860	90
861	83
862	93
863	74
864	80
865	88
866	95
867	91
868	85
869	84
870	83
871	100
872	85
873	80
874	82
875	73
876	88
877	66
878	91
879	85
880	108
881	97
882	95
883	80
884	82
885	89
886	78
887	86
888	100
889	105
890	97
891	77
892	91
893	93
894	85
895	87
896	94
897	81
898	88
899	98
900	89
901	98
902	83
903	110
904	89
905	81
906	80
907	86
908	95
909	89
910	92
911	89
912	82
913	87
914	87
915	92
916	95
917	97
918	85
919	92
920	88
921	90
922	85
923	77
924	100
925	90
926	79
927	72
928	76
929	99
930	73
931	89
932	99
933	91
934	83
935	95
936	88
937	89
938	89
939	92
940	92
941	88
942	105
943	74
944	105
945	67
946	89
947	96
948	88
949	79
950	98
951	91
952	88
953	87
954	80
955	86
956	89
957	94
958	89
959	80
960	83
961	86
962	87
963	68
964	92
965	92
966	81
967	87
968	76
969	95
970	68
971	86
972	83
973	90
974	94
975	70
976	87
977	83
978	100
979	84
980	61
981	83
982	79
983	67
984	90
985	69
986	85
987	91
988	70
989	92
990	74
991	108
992	76
993	83
994	65
995	89
996	70
997	89
998	83
999	86
1000	65
1001	69
1002	73
1003	82
1004	77
1005	80
1006	81
1007	79
1008	73
1009	71
1010	70
1011	63
1012	82
1013	81
1014	77
1015	82
1016	82
1017	67
1018	76
1019	84
1020	67
1021	81
1022	64
1023	92
1024	76
1025	70
1026	78
1027	69
1028	82
1029	90
1030	87
1031	73
1032	82
1033	67
1034	72
1035	84
1036	82
1037	80
1038	77
1039	71
1040	74
1041	65
1042	56
1043	73
1044	70
1045	74
1046	66
1047	63
1048	77
1049	66
1050	68
1051	58
1052	84
1053	83
1054	84
1055	67
1056	88
1057	66
1058	68
1059	70
1060	53
1061	58
1062	75
1063	68
1064	77
1065	71
1066	82
1067	64
1068	70
1069	53
1070	78
1071	59
1072	72
1073	62
1074	61
1075	80
1076	56
1077	65
1078	67
1079	70
1080	62
1081	64
1082	64
1083	60
1084	63
1085	53
1086	62
1087	61
1088	51
1089	72
1090	53
1091	49
1092	55
1093	63
1094	58
1095	61
1096	58
1097	66
1098	63
1099	48
1100	60
1101	56
1102	56
1103	64
1104	69
1105	69
1106	50
1107	53
1108	56
1109	60
1110	50
1111	73
1112	56
1113	49
1114	61
1115	60
1116	64
1117	68
1118	66
1119	55
1120	52
1121	46
1122	47
1123	73
1124	50
1125	66
1126	67
1127	67
1128	55
1129	55
1130	64
1131	62
1132	59
1133	47
1134	59
1135	44
1136	68
1137	50
1138	48
1139	55
1140	67
1141	46
1142	47
1143	60
1144	59
1145	48
1146	65
1147	52
1148	53
1149	64
1150	46
1151	62
1152	38
1153	51
1154	58
1155	55
1156	48
1157	59
1158	50
1159	42
1160	66
1161	65
1162	46
1163	69
1164	51
1165	41
1166	47
1167	42
1168	48
1169	54
1170	52
1171	51
1172	54
1173	64
1174	59
1175	67
1176	59
1177	63
1178	48
1179	63
1180	36
1181	51
1182	39
1183	48
1184	61
1185	59
1186	50
1187	56
1188	64
1189	55
1190	47
1191	48
1192	61
1193	51
1194	58
1195	65
1196	48
1197	54
1198	47
1199	46
1200	47
1201	43
1202	51
1203	55
1204	50
1205	55
1206	51
1207	46
1208	53
1209	48
1210	47
1211	43
1212	37
1213	49
1214	36
1215	41
1216	45
1217	49
1218	56
1219	46
1220	47
1221	54
1222	52
1223	52
1224	58
1225	56
1226	41
1227	58
1228	35
1229	42
1230	46
1231	41
1232	43
1233	38
1234	55
1235	39
1236	53
1237	51
1238	67
1239	46
1240	52
1241	49
1242	44
1243	47
1244	52
1245	47
1246	43
1247	37
1248	50
1249	47
1250	49
1251	43
1252	66
1253	40
1254	58
1255	43
1256	45
1257	46
1258	44
1259	57
1260	50
1261	41
1262	40
1263	56
1264	57
1265	33
1266	48
1267	41
1268	57
1269	51
1270	48
1271	48
1272	52
1273	60
1274	41
1275	44
1276	51
1277	47
1278	55
1279	49
1280	48
1281	54
1282	48
1283	52
1284	57
1285	44
1286	47
1287	44
1288	35
1289	52
1290	50
1291	48
1292	45
1293	48
1294	59
1295	52
1296	54
1297	57
1298	51
1299	54
1300	42
1301	40
1302	41
1303	39
1304	56
1305	50
1306	54
1307	49
1308	52
1309	42
1310	49
1311	47
1312	54
1313	44
1314	42
1315	63
1316	45
1317	51
1318	38
1319	51
1320	51
1321	45
1322	53
1323	49
1324	51
1325	46
1326	44
1327	56
1328	57
1329	49
1330	52
1331	55
1332	52
1333	47
1334	55
1335	55
1336	42
1337	57
1338	53
1339	48
1340	42
1341	54
1342	47
1343	42
1344	46
1345	58
1346	55
1347	61
1348	58
1349	54
1350	45
1351	47
1352	57
1353	55
1354	59
1355	51
1356	44
1357	50
1358	57
1359	46
1360	50
1361	47
1362	54
1363	59
1364	52
1365	60
1366	50
1367	38
1368	62
1369	58
1370	54
1371	48
1372	46
1373	53
1374	49
1375	50
1376	43
1377	58
1378	59
1379	51
1380	48
1381	63
1382	56
1383	46
1384	66
1385	56
1386	63
1387	60
1388	52
1389	64
1390	59
1391	56
1392	53
1393	52
1394	63
1395	58
1396	55
1397	47
1398	45
1399	55
1400	50
1401	57
1402	48
1403	60
1404	58
1405	52
1406	62
1407	66
1408	56
1409	56
1410	60
1411	67
1412	66
1413	55
1414	41
1415	62
1416	61
1417	68
1418	49
1419	56
1420	49
1421	62
1422	70
1423	53
1424	53
1425	56
1426	62
1427	53
1428	65
1429	54
1430	55
1431	67
1432	51
1433	71
1434	63
1435	66
1436	56
1437	67
1438	61
1439	61
1440	52
1441	66
1442	72
1443	54
1444	57
1445	51
1446	59
1447	71
1448	62
1449	46
1450	59
1451	56
1452	66
1453	64
1454	55
1455	61
1456	65
1457	46
1458	63
1459	69
1460	62
1461	73
1462	72
1463	54
1464	58
1465	67
1466	56
1467	74
1468	64
1469	74
1470	61
1471	83
1472	52
1473	72
1474	68
1475	85
1476	67
1477	80
1478	54
1479	67
1480	58
1481	76
1482	74
1483	71
1484	78
1485	69
1486	67
1487	82
1488	71
1489	77
1490	72
1491	82
1492	58
1493	74
1494	82
1495	82
1496	78
1497	71
1498	78
1499	72
1500	94
1501	68
1502	83
1503	96
1504	88
1505	77
1506	74
1507	76
1508	87
1509	101
1510	79
1511	87
1512	105
1513	89
1514	91
1515	98
1516	99
1517	94
1518	101
1519	105
1520	119
1521	115
1522	97
1523	133
1524	118
1525	128
1526	114
1527	128
1528	125
1529	121
1530	129
1531	122
1532	155
1533	114
1534	141
1535	153
1536	129
1537	136
1538	143
1539	164
1540	149
1541	138
1542	164
1543	163
1544	170
1545	198
1546	162
1547	171
1548	183
1549	165
1550	188
1551	167
1552	177
1553	169
1554	198
1555	198
1556	203
1557	199
1558	212
1559	215
1560	202
1561	207
1562	208
1563	227
1564	250
1565	227
1566	232
1567	232
1568	252
1569	210
1570	229
1571	234
1572	234
1573	231
1574	266
1575	255
1576	262
1577	277
1578	273
1579	278
1580	260
1581	275
1582	261
1583	279
1584	276
1585	255
1586	305
1587	274
1588	284
1589	273
1590	338
1591	320
1592	299
1593	278
1594	322
1595	329
1596	340
1597	316
1598	340
1599	348
1600	315
1601	337
1602	369
1603	365
1604	366
1605	362
1606	387
1607	341
1608	338
1609	364
1610	382
1611	375
1612	427
1613	381
1614	374
1615	370
1616	399
1617	381
1618	364
1619	427
1620	380
1621	406
1622	397
1623	387
1624	365
1625	396
1626	390
1627	372
1628	383
1629	405
1630	421
1631	337
1632	394
1633	387
1634	409
1635	405
1636	391
1637	416
1638	444
1639	408
1640	415
1641	413
1642	412
1643	442
1644	415
1645	394
1646	419
1647	410
1648	419
1649	427
1650	359
1651	429
1652	389
1653	384
1654	387
1655	395
1656	411
1657	383
1658	358
1659	397
1660	347
1661	353
1662	366
1663	336
1664	315
1665	355
1666	334
1667	384
1668	350
1669	351
1670	349
1671	363
1672	352
1673	295
1674	334
1675	319
1676	321
1677	324
1678	303
1679	287
1680	303
1681	293
1682	306
1683	292
1684	300
1685	275
1686	294
1687	279
1688	274
1689	259
1690	256
1691	245
1692	232
1693	257
1694	225
1695	269
1696	262
1697	233
1698	231
1699	221
1700	224
1701	206
1702	201
1703	226
1704	226
1705	188
1706	200
1707	190
1708	225
1709	192
1710	194
1711	176
1712	171
1713	187
1714	172
1715	161
1716	154
1717	182
1718	158
1719	149
1720	153
1721	161
1722	145
1723	115
1724	123
1725	119
1726	141
1727	112
1728	121
1729	133
1730	115
1731	118
1732	121
1733	123
1734	114
1735	108
1736	89
1737	97
1738	100
1739	101
1740	88
1741	90
1742	108
1743	97
1744	88
1745	86
1746	85
1747	79
1748	76
1749	78
1750	73
1751	58
1752	59
1753	54
1754	62
1755	79
1756	66
1757	66
1758	53
1759	65
1760	51
1761	59
1762	57
1763	51
1764	50
1765	47
1766	52
1767	46
1768	50
1769	50
1770	45
1771	43
1772	37
1773	48
1774	47
1775	48
1776	57
1777	49
1778	35
1779	33
1780	45
1781	47
1782	36
1783	41
1784	42
1785	36
1786	35
1787	38
1788	29
1789	35
1790	33
1791	43
1792	35
1793	40
1794	37
1795	32
1796	36
1797	42
1798	36
1799	28
1800	29
1801	35
1802	35
1803	35
1804	32
1805	33
1806	29
1807	34
1808	22
1809	39
1810	29
1811	38
1812	34
1813	25
1814	25
1815	32
1816	31
1817	30
1818	31
1819	27
1820	36
1821	31
1822	37
1823	38
1824	28
1825	35
1826	24
1827	29
1828	33
1829	31
1830	27
1831	25
1832	32
1833	31
1834	31
1835	30
1836	35
1837	27
1838	23
1839	31
1840	28
1841	26
1842	36
1843	31
1844	33
1845	37
1846	22
1847	30
1848	26
1849	33
1850	22
1851	33
1852	32
1853	34
1854	24
1855	34
1856	33
1857	39
1858	26
1859	26
1860	20
1861	35
1862	32
1863	21
1864	24
1865	31
1866	26
1867	36
1868	32
1869	31
1870	22
1871	33
1872	43
1873	26
1874	26
1875	29
1876	24
1877	30
1878	19
1879	23
1880	23
1881	28
1882	21
1883	19
1884	28
1885	31
1886	29
1887	28
1888	29
1889	31
1890	28
1891	38
1892	35
1893	27
1894	27
1895	32
1896	33
1897	28
1898	33
1899	32
1900	23
1901	29
1902	27
1903	30
1904	32
1905	26
1906	35
1907	30
1908	28
1909	36
1910	22
1911	37
1912	33
1913	38
1914	30
1915	26
1916	24
1917	28
1918	38
1919	31
1920	29
1921	24
1922	24
1923	31
1924	27
1925	22
1926	35
1927	28
1928	30
1929	26
1930	23
1931	29
1932	22
1933	34
1934	28
1935	28
1936	29
1937	23
1938	35
1939	26
1940	30
1941	28
1942	32
1943	24
1944	32
1945	26
1946	37
1947	32
1948	28
1949	20
1950	32
1951	27
1952	32
1953	28
1954	29
1955	32
1956	32
1957	33
1958	26
1959	21
1960	34
1961	34
1962	32
1963	29
1964	30
1965	35
1966	31
1967	37
1968	25
1969	33
1970	31
1971	24
1972	35
1973	32
1974	25
1975	24
1976	41
1977	33
1978	18
1979	25
1980	28
1981	22
1982	27
1983	34
1984	32
1985	30
1986	24
1987	33
1988	31
1989	24
1990	33
1991	23
1992	30
1993	40
1994	33
1995	27
1996	26
1997	27
1998	24
1999	23
2000	37
2001	29
2002	31
2003	25
2004	20
2005	29
2006	28
2007	37
2008	23
2009	28
2010	31
2011	28
2012	39
2013	28
2014	29
2015	38
2016	37
2017	20
2018	24
2019	20
2020	19
2021	28
2022	24
2023	30
2024	27
2025	26
2026	25
2027	37
2028	36
2029	23
2030	34
2031	24
2032	27
2033	38
2034	42
2035	27
2036	32
2037	36
2038	28
2039	25
2040	40
2041	29
2042	30
2043	33
2044	22
2045	29
2046	25
2047	29
2048	35
2049	26
2050	26
2051	31
2052	22
2053	29
2054	30
2055	27
2056	27
2057	19
2058	22
2059	27
2060	33
2061	24
2062	28
2063	24
2064	27
2065	28
2066	23
2067	35
2068	25
2069	25
2070	32
2071	24
2072	26
2073	28
2074	27
2075	22
2076	24
2077	33
2078	29
2079	25
2080	45
2081	26
2082	34
2083	28
2084	19
2085	25
2086	22
2087	38
2088	29
2089	31
2090	33
2091	28
2092	25
2093	36
2094	34
2095	27
2096	32
2097	32
2098	35
2099	27
2100	32
2101	29
2102	27
2103	26
2104	36
2105	37
2106	30
2107	28
2108	31
2109	34
2110	32
2111	33
2112	30
2113	29
2114	19
2115	31
2116	33
2117	25
2118	31
2119	25
2120	29
2121	23
2122	25
2123	23
2124	34
2125	26
2126	26
2127	28
2128	22
2129	25
2130	29
2131	39
2132	29
2133	28
2134	28
2135	32
2136	31
2137	27
2138	28
2139	32
2140	30
2141	39
2142	18
2143	23
2144	24
2145	26
2146	29
2147	36
2148	35
2149	28
2150	32
2151	23
2152	28
2153	28
2154	34
2155	30
2156	29
2157	26
2158	27
2159	27
2160	25
2161	18
2162	40
2163	34
2164	29
2165	26
2166	29
2167	31
2168	25
2169	27
2170	33
2171	32
2172	35
2173	24
2174	28
2175	20
2176	31
2177	28
2178	32
2179	26
2180	27
2181	37
2182	25
2183	26
2184	21
2185	22
2186	32
2187	19
2188	25
2189	26
2190	33
2191	29
2192	32
2193	18
2194	28
2195	30
2196	24
2197	27
2198	29
2199	27
2200	42
2201	32
2202	32
2203	15
2204	22
2205	39
2206	37
2207	24
2208	36
2209	28
2210	26
2211	25
2212	34
2213	27
2214	36
2215	29
2216	28
2217	32
2218	20
2219	28
2220	28
2221	26
2222	34
2223	29
2224	33
2225	24
2226	20
2227	36
2228	34
2229	29
2230	24
2231	24
2232	31
2233	30
2234	22
2235	22
2236	31
2237	32
2238	30
2239	32
2240	25
2241	27
2242	32
2243	25
2244	27
2245	23
2246	32
2247	31
2248	26
2249	26
2250	23
2251	22
2252	24
2253	33
2254	32
2255	30
2256	34
2257	28
2258	46
2259	23
2260	28
2261	27
2262	30
2263	28
2264	32
2265	33
2266	30
2267	25
2268	32
2269	23
2270	28
2271	33
2272	21
2273	28
2274	31
2275	34
2276	22
2277	32
2278	30
2279	32
2280	25
2281	37
2282	29
2283	29
2284	22
2285	21
2286	35
2287	26
2288	23
2289	19
2290	23
2291	29
2292	21
2293	24
2294	34
2295	30
2296	21
2297	22
2298	29
2299	28
2300	30
2301	24
2302	20
2303	24
2304	27
2305	19
2306	31
2307	23
2308	27
2309	44
2310	24
2311	21
2312	29
2313	37
2314	22
2315	15
2316	20
2317	29
2318	29
2319	24
2320	42
2321	37
2322	21
2323	22
2324	26
2325	25
2326	26
2327	29
2328	33
2329	14
2330	27
2331	26
2332	26
2333	26
2334	29
2335	22
2336	25
2337	32
2338	28
2339	32
2340	22
2341	26
2342	27
2343	32
2344	32
2345	20
2346	26
2347	22
2348	30
2349	29
2350	31
2351	28
2352	20
2353	24
2354	24
2355	21
2356	27
2357	32
2358	29
2359	25
2360	24
2361	27
2362	33
2363	25
2364	30
2365	32
2366	25
2367	29
2368	21
2369	28
2370	20
2371	29
2372	22
2373	29
2374	32
2375	26
2376	20
2377	30
2378	28
2379	21
2380	28
2381	26
2382	35
2383	27
2384	26
2385	29
2386	22
2387	28
2388	21
2389	29
2390	26
2391	31
2392	28
2393	24
2394	28
2395	24
2396	29
2397	24
2398	39
2399	39
2400	23
2401	29
2402	23
2403	33
2404	22
2405	28
2406	28
2407	21
2408	25
2409	31
2410	13
2411	24
2412	42
2413	35
2414	21
2415	24
2416	29
2417	22
2418	18
2419	22
2420	22
2421	32
2422	30
2423	27
2424	21
2425	32
2426	36
2427	26
2428	19
2429	27
2430	28
2431	25
2432	34
2433	25
2434	33
2435	31
2436	20
2437	26
2438	22
2439	28
2440	22
2441	19
2442	26
2443	23
2444	26
2445	21
2446	23
2447	27
2448	35
2449	33
2450	19
2451	22
2452	35
2453	23
2454	26
2455	27
2456	26
2457	35
2458	29
2459	35
2460	28
2461	20
2462	28
2463	22
2464	35
2465	25
2466	27
2467	32
2468	25
2469	42
2470	30
2471	34
2472	27
2473	26
2474	34
2475	32
2476	26
2477	33
2478	28
2479	37
2480	34
2481	25
2482	24
2483	27
2484	30
2485	27
2486	27
2487	28
2488	31
2489	29
2490	32
2491	30
2492	31
2493	24
2494	33
2495	24
2496	21
2497	24
2498	29
2499	24
2500	25
2501	24
2502	25
2503	32
2504	23
2505	25
2506	24
2507	24
2508	29
2509	18
2510	23
2511	33
2512	15
2513	31
2514	27
2515	29
2516	34
2517	33
2518	30
2519	32
2520	23
2521	21
2522	26
2523	23
2524	25
2525	27
2526	25
2527	25
2528	22
2529	26
2530	24
2531	24
2532	30
2533	30
2534	35
2535	31
2536	24
2537	26
2538	22
2539	22
2540	21
2541	31
2542	25
2543	29
2544	33
2545	23
2546	37
2547	28
2548	24
2549	30
2550	30
2551	25
2552	28
2553	23
2554	24
2555	35
2556	34
2557	23
2558	33
2559	21
2560	41
2561	29
2562	28
2563	34
2564	27
2565	20
2566	24
2567	28
2568	27
2569	34
2570	28
2571	21
2572	22
2573	23
2574	23
2575	29
2576	24
2577	25
2578	34
2579	26
2580	27
2581	29
2582	30
2583	26
2584	28
2585	29
2586	27
2587	23
2588	32
2589	23
2590	20
2591	25
2592	28
2593	16
2594	30
2595	39
2596	30
2597	32
2598	32
2599	26
2600	23
2601	33
2602	17
2603	34
2604	27
2605	33
2606	21
2607	29
2608	32
2609	29
2610	30
2611	32
2612	30
2613	29
2614	25
2615	29
2616	23
2617	23
2618	35
2619	40
2620	33
2621	18
2622	33
2623	26
2624	33
2625	32
2626	32
2627	18
2628	29
2629	29
2630	28
2631	14
2632	19
2633	17
2634	24
2635	27
2636	24
2637	19
2638	26
2639	36
2640	33
2641	26
2642	27
2643	24
2644	25
2645	32
2646	22
2647	26
2648	31
2649	28
2650	36
2651	23
2652	27
2653	17
2654	32
2655	19
2656	36
2657	25
2658	32
2659	29
2660	22
2661	17
2662	32
2663	26
2664	27
2665	30
2666	31
2667	32
2668	35
2669	23
2670	24
2671	20
2672	24
2673	23
2674	24
2675	27
2676	27
2677	30
2678	20
2679	36
2680	32
2681	28
2682	43
2683	28
2684	26
2685	19
2686	25
2687	28
2688	21
2689	33
2690	30
2691	34
2692	25
2693	29
2694	23
2695	23
2696	34
2697	17
2698	30
2699	24
2700	31
2701	33
2702	28
2703	23
2704	39
2705	21
2706	23
2707	21
2708	25
2709	24
2710	28
2711	25
2712	24
2713	19
2714	24
2715	29
2716	28
2717	19
2718	28
2719	25
2720	18
2721	27
2722	26
2723	39
2724	27
2725	31
2726	43
2727	21
2728	28
2729	25
2730	25
2731	32
2732	23
2733	33
2734	30
2735	32
2736	29
2737	31
2738	35
2739	31
2740	31
2741	23
2742	30
2743	31
2744	29
2745	30
2746	22
2747	21
2748	29
2749	28
2750	29
2751	28
2752	36
2753	27
2754	30
2755	27
2756	29
2757	26
2758	30
2759	28
2760	20
2761	28
2762	28
2763	21
2764	28
2765	31
2766	21
2767	26
2768	23
2769	25
2770	24
2771	41
2772	30
2773	34
2774	22
2775	20
2776	24
2777	25
2778	22
2779	26
2780	34
2781	36
2782	23
2783	23
2784	20
2785	30
2786	30
2787	27
2788	28
2789	18
2790	25
2791	41
2792	24
2793	24
2794	17
2795	27
2796	20
2797	24
2798	26
2799	28
2800	30
2801	25
2802	24
2803	33
2804	23
2805	32
2806	30
2807	37
2808	30
2809	28
2810	32
2811	38
2812	29
2813	27
2814	25
2815	32
2816	33
2817	24
2818	25
2819	23
2820	31
2821	27
2822	23
2823	28
2824	33
2825	24
2826	34
2827	38
2828	24
2829	24
2830	27
2831	25
2832	30
2833	43
2834	24
2835	27
2836	26
2837	22
2838	25
2839	14
2840	29
2841	35
2842	33
2843	35
2844	20
2845	34
2846	23
2847	30
2848	25
2849	37
2850	33
2851	19
2852	30
2853	32
2854	28
2855	18
2856	31
2857	29
2858	41
2859	28
2860	33
2861	31
2862	25
2863	35
2864	29
2865	26
2866	40
2867	31
2868	25
2869	29
2870	24
2871	29
2872	27
2873	34
2874	28
2875	36
2876	28
2877	24
2878	23
2879	29
2880	25
2881	23
2882	37
2883	22
2884	33
2885	31
2886	25
2887	30
2888	31
2889	26
2890	26
2891	29
2892	38
2893	31
2894	31
2895	36
2896	30
2897	26
2898	27
2899	29
2900	34
2901	29
2902	29
2903	26
2904	24
2905	32
2906	23
2907	26
2908	28
2909	26
2910	25
2911	36
2912	28
2913	27
2914	31
2915	24
2916	30
2917	31
2918	32
2919	21
2920	34
2921	28
2922	22
2923	24
2924	19
2925	27
2926	26
2927	25
2928	25
2929	37
2930	31
2931	20
2932	21
2933	36
2934	25
2935	32
2936	30
2937	22
2938	20
2939	26
2940	29
2941	35
2942	29
2943	32
2944	22
2945	34
2946	36
2947	23
2948	24
2949	34
2950	33
2951	27
2952	30
2953	37
2954	28
2955	23
2956	30
2957	35
2958	31
2959	29
2960	22
2961	28
2962	26
2963	21
2964	34
2965	22
2966	28
2967	21
2968	25
2969	22
2970	34
2971	34
2972	27
2973	31
2974	36
2975	21
2976	32
2977	28
2978	35
2979	31
2980	27
2981	24
2982	22
2983	23
2984	30
2985	30
2986	35
2987	30
2988	35
2989	40
2990	25
2991	31
2992	31
2993	28
2994	35
2995	36
2996	32
2997	31
2998	28
2999	30
3000	31
3001	21
3002	33
3003	31
3004	30
3005	25
3006	30
3007	28
3008	25
3009	34
3010	21
3011	37
3012	31
3013	26
3014	30
3015	29
3016	29
3017	31
3018	36
3019	27
3020	33
3021	42
3022	22
3023	22
3024	29
3025	40
3026	33
3027	30
3028	26
3029	31
3030	30
3031	20
3032	37
3033	32
3034	35
3035	29
3036	31
3037	26
3038	24
3039	35
3040	24
3041	30
3042	30
3043	27
3044	30
3045	39
3046	30
3047	30
3048	29
3049	20
3050	34
3051	29
3052	39
3053	39
3054	36
3055	33
3056	37
3057	35
3058	33
3059	39
3060	33
3061	34
3062	20
3063	32
3064	35
3065	35
3066	22
3067	29
3068	30
3069	20
3070	34
3071	29
3072	34
3073	32
3074	36
3075	38
3076	31
3077	32
3078	21
3079	21
3080	25
3081	27
3082	35
3083	33
3084	33
3085	32
3086	35
3087	31
3088	22
3089	37
3090	29
3091	29
3092	28
3093	24
3094	25
3095	31
3096	26
3097	27
3098	34
3099	26
3100	31
3101	33
3102	24
3103	30
3104	21
3105	27
3106	28
3107	28
3108	32
3109	32
3110	34
3111	25
3112	26
3113	31
3114	26
3115	25
3116	34
3117	19
3118	31
3119	20
3120	23
3121	26
3122	32
3123	21
3124	36
3125	23
3126	36
3127	36
3128	32
3129	25
3130	26
3131	31
3132	38
3133	28
3134	36
3135	27
3136	39
3137	24
3138	25
3139	35
3140	32
3141	31
3142	47
3143	33
3144	23
3145	34
3146	31
3147	30
3148	28
3149	17
3150	25
3151	28
3152	29
3153	29
3154	28
3155	31
3156	43
3157	30
3158	31
3159	21
3160	30
3161	23
3162	37
3163	21
3164	24
3165	26
3166	28
3167	31
3168	26
3169	29
3170	24
3171	24
3172	21
3173	32
3174	18
3175	28
3176	23
3177	23
3178	26
3179	37
3180	28
3181	24
3182	21
3183	28
3184	32
3185	30
3186	28
3187	31
3188	26
3189	21
3190	21
3191	25
3192	25
3193	24
3194	29
3195	25
3196	26
3197	18
3198	21
3199	42
3200	30
3201	27
3202	28
3203	31
3204	29
3205	26
3206	18
3207	23
3208	22
3209	24
3210	21
3211	27
3212	23
3213	22
3214	27
3215	23
3216	28
3217	28
3218	23
3219	28
3220	19
3221	32
3222	22
3223	18
3224	32
3225	17
3226	18
3227	21
3228	16
3229	28
3230	26
3231	22
3232	27
3233	16
3234	23
3235	22
3236	21
3237	23
3238	30
3239	19
3240	27
3241	20
3242	20
3243	24
3244	28
3245	20
3246	19
3247	18
3248	28
3249	27
3250	20
3251	21
3252	18
3253	20
3254	15
3255	23
3256	15
3257	23
3258	24
3259	34
3260	23
3261	19
3262	21
3263	21
3264	20
3265	17
3266	17
3267	16
3268	13
3269	22
3270	21
3271	28
3272	17
3273	13
3274	20
3275	20
3276	20
3277	20
3278	17
3279	26
3280	25
3281	18
3282	22
3283	24
3284	21
3285	22
3286	14
3287	19
3288	12
3289	17
3290	19
3291	24
3292	13
3293	17
3294	27
3295	19
3296	12
3297	24
3298	20
3299	14
3300	23
3301	13
3302	26
3303	13
3304	19
3305	20
3306	23
3307	12
3308	9
3309	9
3310	15
3311	16
3312	16
3313	16
3314	22
3315	19
3316	17
3317	14
3318	15
3319	18
3320	16
3321	8
3322	8
3323	17
3324	19
3325	11
3326	19
3327	23
3328	15
3329	10
3330	14
3331	12
3332	10
3333	10
3334	13
3335	10
3336	20
3337	14
3338	15
3339	13
3340	9
3341	15
3342	20
3343	19
3344	15
3345	12
3346	8
3347	21
3348	10
3349	13
3350	20
3351	16
3352	21
3353	19
3354	20
3355	16
3356	12
3357	19
3358	11
3359	11
3360	10
3361	8
3362	18
3363	17
3364	9
3365	12
3366	12
3367	14
3368	13
3369	8
3370	10
3371	12
3372	15
3373	14
3374	4
3375	10
3376	12
3377	13
3378	19
3379	11
3380	9
3381	9
3382	14
3383	17
3384	11
3385	8
3386	13
3387	7
3388	11
3389	17
3390	13
3391	12
3392	13
3393	12
3394	14
3395	11
3396	11
3397	16
3398	11
3399	18
3400	8
3401	10
3402	16
3403	12
3404	20
3405	13
3406	12
3407	13
3408	15
3409	13
3410	13
3411	9
3412	10
3413	12
3414	9
3415	7
3416	14
3417	18
3418	12
3419	11
3420	9
3421	12
3422	19
3423	14
3424	13
3425	11
3426	9
3427	10
3428	14
3429	10
3430	12
3431	15
3432	12
3433	11
3434	12
3435	21
3436	8
3437	9
3438	10
3439	9
3440	14
3441	9
3442	8
3443	4
3444	16
3445	7
3446	10
3447	14
3448	9
3449	13
3450	9
3451	16
3452	7
3453	12
3454	12
3455	8
3456	14
3457	7
3458	8
3459	8
3460	10
3461	13
3462	5
3463	10
3464	12
3465	13
3466	10
3467	9
3468	10
3469	5
3470	7
3471	11
3472	13
3473	7
3474	8
3475	10
3476	4
3477	12
3478	7
3479	6
3480	7
3481	11
3482	8
3483	7
3484	12
3485	5
3486	8
3487	9
3488	9
3489	4
3490	12
3491	7
3492	6
3493	7
3494	8
3495	10
3496	9
3497	10
3498	15
3499	5
3500	7
3501	8
3502	6
3503	6
3504	9
3505	10
3506	6
3507	11
3508	8
3509	7
3510	5
3511	10
3512	8
3513	4
3514	11
3515	12
3516	3
3517	6
3518	14
3519	11
3520	8
3521	15
3522	10
3523	6
3524	7
3525	7
3526	12
3527	10
3528	14
3529	7
3530	8
3531	11
3532	6
3533	6
3534	9
3535	6
3536	8
3537	5
3538	8
3539	10
3540	10
3541	7
3542	9
3543	4
3544	15
3545	7
3546	11
3547	4
3548	3
3549	10
3550	11
3551	14
3552	13
3553	6
3554	9
3555	1
3556	3
3557	6
3558	7
3559	7
3560	6
3561	12
3562	8
3563	6
3564	8
3565	6
3566	6
3567	7
3568	6
3569	7
3570	13
3571	10
3572	6
3573	5
3574	3
3575	13
3576	10
3577	9
3578	11
3579	9
3580	8
3581	6
3582	7
3583	3
3584	5
3585	8
3586	10
3587	5
3588	7
3589	9
3590	5
3591	6
3592	8
3593	6
3594	6
3595	5
3596	3
3597	9
3598	8
3599	8
3600	8
3601	8
3602	14
3603	6
3604	8
3605	4
3606	8
3607	7
3608	5
3609	3
3610	5
3611	10
3612	13
3613	11
3614	6
3615	2
3616	3
3617	10
3618	6
3619	9
3620	6
3621	10
3622	9
3623	11
3624	10
3625	6
3626	9
3627	5
3628	4
3629	9
3630	4
3631	8
3632	10
3633	11
3634	10
3635	8
3636	10
3637	9
3638	13
3639	9
3640	6
3641	10
3642	9
3643	11
3644	8
3645	11
3646	6
3647	5
3648	3
3649	5
3650	6
3651	1
3652	9
3653	7
3654	7
3655	14
3656	8
3657	8
3658	8
3659	10
3660	3
3661	6
3662	8
3663	9
3664	14
3665	6
3666	3
3667	12
3668	8
3669	6
3670	5
3671	5
3672	13
3673	17
3674	7
3675	8
3676	5
3677	12
3678	13
3679	8
3680	11
3681	9
3682	10
3683	8
3684	11
3685	10
3686	6
3687	5
3688	8
3689	3
3690	5
3691	13
3692	13
3693	10
3694	11
3695	9
3696	8
3697	12
3698	7
3699	6
3700	7
3701	14
3702	8
3703	10
3704	11
3705	13
3706	6
3707	10
3708	4
3709	9
3710	12
3711	8
3712	10
3713	14
3714	8
3715	17
3716	11
3717	7
3718	11
3719	16
3720	9
3721	13
3722	12
3723	7
3724	10
3725	10
3726	9
3727	8
3728	10
3729	7
3730	13
3731	15
3732	9
3733	8
3734	13
3735	14
3736	11
3737	8
3738	13
3739	10
3740	14
3741	10
3742	15
3743	13
3744	13
3745	10
3746	20
3747	14
3748	26
3749	15
3750	13
3751	14
3752	18
3753	5
3754	11
3755	20
3756	14
3757	12
3758	17
3759	15
3760	14
3761	15
3762	13
3763	24
3764	15
3765	20
3766	20
3767	21
3768	16
3769	15
3770	20
3771	20
3772	14
3773	18
3774	22
3775	19
3776	32
3777	19
3778	27
3779	20
3780	26
3781	17
3782	24
3783	23
3784	22
3785	22
3786	27
3787	28
3788	17
3789	33
3790	19
3791	22
3792	31
3793	27
3794	33
3795	17
3796	35
3797	24
3798	31
3799	25
3800	32
3801	21
3802	45
3803	20
3804	31
3805	23
3806	34
3807	29
3808	39
3809	36
3810	26
3811	50
3812	27
3813	36
3814	30
3815	28
3816	28
3817	32
3818	39
3819	36
3820	36
3821	40
3822	50
3823	30
3824	38
3825	48
3826	34
3827	44
3828	41
3829	41
3830	51
3831	45
3832	42
3833	60
3834	36
3835	47
3836	39
3837	42
3838	50
3839	50
3840	55
3841	52
3842	50
3843	50
3844	55
3845	54
3846	56
3847	50
3848	44
3849	61
3850	61
3851	57
3852	59
3853	45
3854	65
3855	55
3856	65
3857	59
3858	56
3859	64
3860	51
3861	62
3862	75
3863	61
3864	60
3865	56
3866	78
3867	67
3868	65
3869	66
3870	86
3871	67
3872	80
3873	79
3874	83
3875	89
3876	75
3877	68
3878	73
3879	70
3880	82
3881	75
3882	86
3883	66
3884	59
3885	79
3886	82
3887	84
3888	75
3889	86
3890	89
3891	84
3892	57
3893	79
3894	81
3895	86
3896	85
3897	89
3898	79
3899	72
3900	81
3901	81
3902	72
3903	83
3904	73
3905	85
3906	89
3907	81
3908	77
3909	107
3910	97
3911	86
3912	95
3913	120
3914	88
3915	102
3916	98
3917	98
3918	92
3919	87
3920	94
3921	106
3922	102
3923	82
3924	102
3925	72
3926	87
3927	102
3928	109
3929	107
3930	101
3931	86
3932	102
3933	91
3934	93
3935	110
3936	102
3937	119
3938	108
3939	124
3940	108
3941	101
3942	93
3943	108
3944	102
3945	110
3946	129
3947	96
3948	117
3949	123
3950	96
3951	100
3952	117
3953	105
3954	98
3955	104
3956	109
3957	123
3958	121
3959	109
3960	123
3961	109
3962	114
3963	118
3964	114
3965	101
3966	116
3967	112
3968	121
3969	124
3970	136
3971	121
3972	108
3973	116
3974	110
3975	109
3976	105
3977	99
3978	123
3979	100
3980	108
3981	122
3982	120
3983	112
3984	126
3985	116
3986	129
3987	118
3988	113
3989	113
3990	102
3991	116
3992	93
3993	114
3994	110
3995	134
3996	86
3997	105
3998	121
3999	127
4000	141
4001	116
4002	95
4003	86
4004	122
4005	118
4006	129
4007	107
4008	118
4009	111
4010	116
4011	118
4012	107
4013	109
4014	93
4015	107
4016	105
4017	109
4018	110
4019	95
4020	109
4021	110
4022	113
4023	99
4024	99
4025	116
4026	101
4027	93
4028	102
4029	79
4030	89
4031	105
4032	113
4033	100
4034	99
4035	94
4036	101
4037	91
4038	93
4039	109
4040	85
4041	93
4042	90
4043	94
4044	105
4045	99
4046	88
4047	78
4048	78
4049	95
4050	91
4051	80
4052	94
4053	76
4054	79
4055	93
4056	91
4057	74
4058	97
4059	98
4060	93
4061	91
4062	83
4063	85
4064	81
4065	91
4066	80
4067	74
4068	70
4069	84
4070	79
4071	89
4072	85
4073	91
4074	70
4075	64
4076	74
4077	68
4078	71
4079	70
4080	67
4081	62
4082	91
4083	54
4084	72
4085	50
4086	53
4087	71
4088	69
4089	61
4090	60
4091	61
4092	59
4093	52
4094	56
4095	53
4096	52
4097	60
4098	67
4099	59
4100	46
4101	62
4102	47
4103	54
4104	55
4105	56
4106	56
4107	46
4108	63
4109	53
4110	38
4111	57
4112	54
4113	45
4114	43
4115	33
4116	49
4117	51
4118	35
4119	51
4120	40
4121	40
4122	42
4123	49
4124	44
4125	32
4126	50
4127	44
4128	35
4129	29
4130	35
4131	41
4132	37
4133	42
4134	38
4135	40
4136	38
4137	37
4138	31
4139	35
4140	32
4141	31
4142	29
4143	30
4144	30
4145	32
4146	38
4147	34
4148	37
4149	31
4150	31
4151	27
4152	27
4153	17
4154	26
4155	26
4156	11
4157	27
4158	26
4159	27
4160	29
4161	26
4162	20
4163	19
4164	20
4165	19
4166	19
4167	17
4168	17
4169	15
4170	20
4171	18
4172	20
4173	15
4174	16
4175	23
4176	17
4177	16
4178	21
4179	11
4180	14
4181	20
4182	10
4183	9
4184	19
4185	8
4186	13
4187	12
4188	20
4189	9
4190	16
4191	16
4192	9
4193	10
4194	13
4195	10
4196	9
4197	9
4198	15
4199	13
4200	12
4201	15
4202	13
4203	8
4204	14
4205	14
4206	10
4207	12
4208	9
4209	3
4210	6
4211	7
4212	5
4213	6
4214	14
4215	5
4216	11
4217	7
4218	8
4219	3
4220	2
4221	8
4222	10
4223	7
4224	8
4225	8
4226	8
4227	7
4228	2
4229	4
4230	6
4231	9
4232	4
4233	10
4234	4
4235	5
4236	6
4237	1
4238	5
4239	9
4240	3
4241	5
4242	2
4243	3
4244	7
4245	3
4246	4
4247	6
4248	5
4249	6
4250	4
4251	8
4252	9
4253	3
4254	6
4255	8
4256	7
4257	6
4258	5
4259	2
4260	1
4261	4
4262	2
4263	7
4264	3
4265	4
4266	4
4267	7
4268	3
4269	4
4270	6
4271	2
4272	1
4273	4
4274	4
4275	6
4276	5
4277	3
4278	5
4279	3
4280	3
4281	3
4282	2
4283	3
4284	3
4285	5
4286	0
4287	1
4288	1
4289	0
4290	1
4291	3
4292	3
4293	3
4294	2
4295	3
4296	0
4297	1
4298	2
4299	6
4300	5
4301	2
4302	4
4303	3
4304	2
4305	1
4306	1
4307	1
4308	2
4309	5
4310	1
4311	2
4312	2
4313	3
4314	3
4315	4
4316	4
4317	2
4318	1
4319	3
4320	5
4321	0
4322	6
4323	3
4324	3
4325	2
4326	2
4327	4
4328	3
4329	1
4330	0
4331	2
4332	2
4333	2
4334	3
4335	3
4336	2
4337	1
4338	0
4339	3
4340	1
4341	2
4342	1
4343	6
4344	0
4345	2
4346	1
4347	2
4348	1
4349	2
4350	4
4351	4
4352	4
4353	3
4354	1
4355	1
4356	2
4357	1
4358	0
4359	4
4360	1
4361	2
4362	2
4363	3
4364	1
4365	3
4366	1
4367	5
4368	1
4369	3
4370	2
4371	0
4372	4
4373	2
4374	2
4375	1
4376	2
4377	2
4378	2
4379	2
4380	0
4381	5
4382	6
4383	1
4384	1
4385	3
4386	0
4387	1
4388	2
4389	0
4390	4
4391	2
4392	3
4393	5
4394	3
4395	1
4396	1
4397	2
4398	2
4399	3
4400	2
4401	3
4402	2
4403	4
4404	5
4405	4
4406	2
4407	1
4408	2
4409	5
4410	5
4411	3
4412	3
4413	1
4414	2
4415	4
4416	4
4417	6
4418	1
4419	2
4420	3
4421	1
4422	1
4423	0
4424	4
4425	1
4426	3
4427	3
4428	1
4429	0
4430	4
4431	1
4432	3
4433	3
4434	4
4435	1
4436	3
4437	3
4438	5
4439	2
4440	5
4441	3
4442	2
4443	2
4444	3
4445	1
4446	1
4447	2
4448	4
4449	2
4450	6
4451	2
4452	4
4453	1
4454	2
4455	7
4456	4
4457	3
4458	1
4459	4
4460	2
4461	1
4462	3
4463	2
4464	5
4465	5
4466	4
4467	4
4468	4
4469	2
4470	0
4471	3
4472	1
4473	3
4474	2
4475	5
4476	1
4477	3
4478	3
4479	6
4480	2
4481	1
4482	2
4483	3
4484	6
4485	3
4486	3
4487	0
4488	4
4489	2
4490	1
4491	7
4492	2
4493	1
4494	2
4495	4
4496	4
4497	5
4498	2
4499	2
4500	3
4501	5
4502	3
4503	6
4504	3
4505	4
4506	2
4507	3
4508	4
4509	6
4510	4
4511	1
4512	1
4513	6
4514	4
4515	3
4516	1
4517	2
4518	2
4519	4
4520	1
4521	1
4522	1
4523	4
4524	1
4525	2
4526	2
4527	2
4528	0
4529	2
4530	3
4531	5
4532	2
4533	1
4534	2
4535	2
4536	4
4537	8
4538	6
4539	2
4540	2
4541	3
4542	1
4543	1
4544	4
4545	4
4546	2
4547	0
4548	2
4549	4
4550	4
4551	5
4552	4
4553	5
4554	1
4555	5
4556	7
4557	8
4558	1
4559	7
4560	8
4561	1
4562	2
4563	5
4564	3
4565	5
4566	2
4567	2
4568	4
4569	6
4570	4
4571	2
4572	3
4573	3
4574	3
4575	4
4576	3
4577	5
4578	4
4579	3
4580	3
4581	4
4582	4
4583	2
4584	3
4585	4
4586	3
4587	3
4588	3
4589	2
4590	1
4591	4
4592	2
4593	7
4594	3
4595	4
4596	2
4597	1
4598	3
4599	2
4600	1
4601	4
4602	4
4603	2
4604	3
4605	2
4606	2
4607	4
4608	2
4609	2
4610	2
4611	1
4612	3
4613	4
4614	5
4615	4
4616	8
4617	4
4618	2
4619	4
4620	2
4621	3
4622	1
4623	3
4624	2
4625	2
4626	6
4627	2
4628	3
4629	2
4630	1
4631	4
4632	2
4633	3
4634	1
4635	5
4636	1
4637	2
4638	3
4639	2
4640	0
4641	1
4642	2
4643	2
4644	4
4645	7
4646	3
4647	1
4648	2
4649	3
4650	5
4651	2
4652	0
4653	1
4654	3
4655	2
4656	2
4657	5
4658	3
4659	4
4660	2
4661	2
4662	0
4663	0
4664	3
4665	4
4666	4
4667	4
4668	0
4669	2
4670	3
4671	2
4672	3
4673	3
4674	3
4675	3
4676	4
4677	1
4678	2
4679	1
4680	2
4681	0
4682	1
4683	1
4684	3
4685	4
4686	3
4687	2
4688	2
4689	1
4690	1
4691	3
4692	3
4693	4
4694	1
4695	1
4696	1
4697	1
4698	2
4699	3
4700	4
4701	1
4702	2
4703	1
4704	3
4705	0
4706	1
4707	2
4708	4
4709	1
4710	1
4711	2
4712	3
4713	2
4714	1
4715	1
4716	2
4717	2
4718	1
4719	2
4720	2
4721	2
4722	1
4723	3
4724	2
4725	3
4726	0
4727	0
4728	3
4729	2
4730	1
4731	3
4732	1
4733	3
4734	2
4735	0
4736	2
4737	1
4738	2
4739	1
4740	2
4741	1
4742	0
4743	1
4744	0
4745	3
4746	0
4747	2
4748	4
4749	2
4750	0
4751	1
4752	0
4753	1
4754	1
4755	1
4756	1
4757	3
4758	1
4759	2
4760	0
4761	1
4762	1
4763	1
4764	0
4765	0
4766	0
4767	1
4768	2
4769	2
4770	1
4771	1
4772	0
4773	1
4774	0
4775	1
4776	1
4777	1
4778	0
4779	1
4780	1
4781	1
4782	1
4783	1
4784	2
4785	1
4786	4
4787	0
4788	3
4789	3
4790	0
4791	0
4792	0
4793	0
4794	0
4795	1
4796	0
4797	0
4798	1
4799	0
4800	1
4801	2
4802	2
4803	0
4804	1
4805	0
4806	1
4807	0
4808	1
4809	1
4810	4
4811	0
4812	2
4813	0
4814	2
4815	1
4816	1
4817	1
4818	3
4819	1
4820	1
4821	0
4822	0
4823	0
4824	0
4825	2
4826	0
4827	1
4828	1
4829	1
4830	2
4831	2
4832	1
4833	0
4834	2
4835	0
4836	1
4837	5
4838	1
4839	1
4840	1
4841	0
4842	1
4843	1
4844	0
4845	1
4846	2
4847	0
4848	1
4849	0
4850	1
4851	1
4852	0
4853	0
4854	2
4855	0
4856	3
4857	1
4858	0
4859	0
4860	0
4861	3
4862	1
4863	1
4864	1
4865	1
4866	0
4867	0
4868	0
4869	1
4870	1
4871	0
4872	1
4873	1
4874	0
4875	0
4876	0
4877	0
4878	0
4879	0
4880	1
4881	1
4882	2
4883	0
4884	3
4885	0
4886	0
4887	0
4888	1
4889	0
4890	0
4891	1
4892	1
4893	2
4894	1
4895	1
4896	2
4897	1
4898	0
4899	0
4900	1
4901	0
4902	2
4903	0
4904	0
4905	0
4906	1
4907	1
4908	0
4909	0
4910	2
4911	2
4912	0
4913	1
4914	0
4915	2
4916	1
4917	0
4918	2
4919	0
4920	1
4921	0
4922	1
4923	1
4924	0
4925	1
4926	0
4927	0
4928	1
4929	1
4930	0
4931	0
4932	0
4933	0
4934	0
4935	1
4936	0
4937	0
4938	0
4939	1
4940	0
4941	0
4942	2
4943	2
4944	0
4945	1
4946	0
4947	1
4948	1
4949	0
4950	0
4951	0
4952	1
4953	1
4954	0
4955	0
4956	1
4957	2
4958	1
4959	2
4960	0
4961	0
4962	1
4963	2
4964	1
4965	0
4966	0
4967	1
4968	1
4969	1
4970	2
4971	2
4972	1
4973	0
4974	1
4975	0
4976	0
4977	0
4978	0
4979	1
4980	1
4981	0
4982	1
4983	1
4984	2
4985	0
4986	0
4987	0
4988	1
4989	3
4990	0
4991	2
4992	2
4993	0
4994	2
4995	0
4996	3
4997	0
4998	0
4999	1
5000	0
5001	1
5002	1
5003	1
5004	0
5005	0
5006	1
5007	1
5008	1
5009	0
5010	0
5011	3
5012	1
5013	0
5014	2
5015	0
5016	0
5017	0
5018	1
5019	0
5020	1
5021	0
5022	0
5023	1
5024	0
5025	2
5026	0
5027	0
5028	0
5029	0
5030	1
5031	0
5032	0
5033	0
5034	1
5035	1
5036	0
5037	0
5038	2
5039	1
5040	0
5041	0
5042	0
5043	3
5044	1
5045	0
5046	1
5047	2
5048	0
5049	0
5050	1
5051	1
5052	0
5053	2
5054	0
5055	0
5056	0
5057	1
5058	0
5059	0
5060	1
5061	0
5062	0
5063	0
5064	1
5065	1
5066	0
5067	0
5068	1
5069	1
5070	0
5071	1
5072	0
5073	0
5074	1
5075	1
5076	1
5077	2
5078	0
5079	2
5080	3
5081	1
5082	1
5083	1
5084	0
5085	0
5086	1
5087	0
5088	1
5089	0
5090	0
5091	1
5092	0
5093	1
5094	0
5095	0
5096	0
5097	0
5098	0
5099	2
5100	0
5101	0
5102	2
5103	1
5104	0
5105	1
5106	0
5107	0
5108	0
5109	0
5110	0
5111	1
5112	1
5113	1
5114	1
5115	1
5116	0
5117	1
5118	2
5119	0
5120	0
5121	0
5122	1
5123	0
5124	1
5125	0
5126	1
5127	2
5128	0
5129	0
5130	0
5131	0
5132	1
5133	1
5134	0
5135	0
5136	0
5137	0
5138	0
5139	3
5140	1
5141	0
5142	0
5143	0
5144	0
5145	0
5146	0
5147	1
5148	0
5149	1
5150	1
5151	0
5152	0
5153	0
5154	1
5155	0
5156	0
5157	0
5158	0
5159	0
5160	0
5161	2
5162	1
5163	0
5164	0
5165	0
5166	0
5167	0
5168	1
5169	0
5170	0
5171	0
5172	2
5173	1
5174	1
5175	0
5176	0
5177	0
5178	0
5179	1
5180	0
5181	1
5182	0
5183	1
5184	0
5185	0
5186	0
5187	2
5188	0
5189	0
5190	1
5191	0
5192	0
5193	0
5194	0
5195	0
5196	1
5197	2
5198	0
5199	1
5200	0
5201	0
5202	1
5203	2
5204	0
5205	0
5206	1
5207	0
5208	0
5209	0
5210	0
5211	1
5212	1
5213	1
5214	0
5215	0
5216	1
5217	0
5218	0
5219	1
5220	0
5221	0
5222	1
5223	1
5224	0
5225	1
5226	1
5227	1
5228	0
5229	0
5230	0
5231	0
5232	0
5233	0
5234	0
5235	1
5236	1
5237	2
5238	1
5239	0
5240	0
5241	1
5242	0
5243	0
5244	1
5245	0
5246	0
5247	1
5248	0
5249	1
5250	2
5251	1
5252	0
5253	0
5254	1
5255	1
5256	0
5257	1
5258	1
5259	0
5260	0
5261	0
5262	0
5263	0
5264	0
5265	0
5266	0
5267	1
5268	0
5269	0
5270	0
5271	1
5272	0
5273	1
5274	0
5275	0
5276	0
5277	1
5278	2
5279	0
5280	0
5281	0
5282	0
5283	1
5284	0
5285	1
5286	0
5287	1
5288	0
5289	1
5290	1
5291	0
5292	1
5293	0
5294	1
5295	0
5296	0
5297	0
5298	1
5299	2
5300	1
5301	0
5302	0
5303	0
5304	1
5305	1
5306	0
5307	1
5308	0
5309	1
5310	0
5311	1
5312	2
5313	3
5314	1
5315	0
5316	1
5317	1
5318	1
5319	2
5320	0
5321	0
5322	0
5323	1
5324	2
5325	1
5326	0
5327	0
5328	0
5329	2
5330	0
5331	0
5332	1
5333	0
5334	1
5335	0
5336	0
5337	0
5338	2
5339	0
5340	0
5341	2
5342	0
5343	1
5344	0
5345	1
5346	2
5347	1
5348	1
5349	1
5350	1
5351	0
5352	2
5353	0
5354	2
5355	0
5356	0
5357	0
5358	1
5359	0
5360	0
5361	0
5362	0
5363	0
5364	0
5365	0
5366	0
5367	0
5368	1
5369	0
5370	1
5371	1
5372	1
5373	0
5374	0
5375	0
5376	2
5377	0
5378	0
5379	1
5380	0
5381	1
5382	1
5383	0
5384	0
5385	2
5386	1
5387	1
5388	1
5389	0
5390	0
5391	0
5392	3
5393	3
5394	0
5395	0
5396	0
5397	0
5398	0
5399	0
5400	0
5401	1
5402	0
5403	1
5404	0
5405	0
5406	2
5407	0
5408	0
5409	0
5410	0
5411	1
5412	1
5413	1
5414	2
5415	0
5416	2
5417	2
5418	2
5419	2
5420	1
5421	1
5422	1
5423	0
5424	1
5425	0
5426	3
5427	1
5428	0
5429	0
5430	0
5431	2
5432	1
5433	2
5434	1
5435	1
5436	1
5437	0
5438	3
5439	0
5440	0
5441	1
5442	2
5443	2
5444	0
5445	1
5446	2
5447	0
5448	1
5449	1
5450	0
5451	1
5452	0
5453	0
5454	0
5455	0
5456	0
5457	0
5458	0
5459	1
5460	0
5461	0
5462	0
5463	1
5464	0
5465	1
5466	0
5467	2
5468	0
5469	0
5470	1
5471	0
5472	2
5473	0
5474	1
5475	0
5476	2
5477	1
5478	2
5479	1
5480	0
5481	3
5482	0
5483	1
5484	1
5485	0
5486	1
5487	1
5488	1
5489	0
5490	1
5491	0
5492	2
5493	0
5494	2
5495	0
5496	0
5497	0
5498	0
5499	0
5500	1
5501	0
5502	1
5503	0
5504	0
5505	1
5506	0
5507	0
5508	2
5509	2
5510	0
5511	0
5512	0
5513	2
5514	1
5515	1
5516	4
5517	0
5518	2
5519	2
5520	1
5521	1
5522	1
5523	2
5524	2
5525	0
5526	0
5527	0
5528	0
5529	0
5530	0
5531	0
5532	2
5533	0
5534	0
5535	2
5536	0
5537	0
5538	0
5539	0
5540	0
5541	0
5542	1
5543	0
5544	0
5545	1
5546	0
5547	1
5548	1
5549	0
5550	1
5551	0
5552	0
5553	1
5554	1
5555	1
5556	0
5557	3
5558	1
5559	1
5560	1
5561	0
5562	2
5563	1
5564	1
5565	1
5566	2
5567	2
5568	2
5569	0
5570	0
5571	0
5572	1
5573	0
5574	0
5575	0
5576	0
5577	2
5578	0
5579	0
5580	0
5581	0
5582	0
5583	1
5584	0
5585	1
5586	1
5587	1
5588	0
5589	2
5590	1
5591	0
5592	1
5593	2
5594	1
5595	0
5596	0
5597	0
5598	0
5599	3
5600	3
5601	0
5602	0
5603	2
5604	0
5605	0
5606	2
5607	1
5608	0
5609	1
5610	1
5611	1
5612	0
5613	1
5614	1
5615	1
5616	0
5617	2
5618	1
5619	0
5620	2
5621	3
5622	0
5623	0
5624	0
5625	0
5626	1
5627	0
5628	0
5629	0
5630	1
5631	0
5632	0
5633	0
5634	0
5635	1
5636	1
5637	1
5638	0
5639	0
5640	0
5641	1
5642	0
5643	1
5644	0
5645	0
5646	1
5647	0
5648	0
5649	0
5650	1
5651	1
5652	0
5653	0
5654	0
5655	2
5656	0
5657	0
5658	1
5659	0
5660	2
5661	1
5662	1
5663	0
5664	0
5665	2
5666	2
5667	0
5668	0
5669	0
5670	1
5671	0
5672	1
5673	1
5674	2
5675	2
5676	0
5677	0
5678	0
5679	0
5680	0
5681	0
5682	1
5683	1
5684	0
5685	0
5686	0
5687	2
5688	1
5689	0
5690	1
5691	0
5692	1
5693	0
5694	0
5695	0
5696	1
5697	3
5698	1
5699	0
5700	0
5701	1
5702	0
5703	0
5704	1
5705	0
5706	0
5707	1
5708	1
5709	1
5710	0
5711	0
5712	0
5713	0
5714	1
5715	0
5716	1
5717	0
5718	1
5719	0
5720	1
5721	1
5722	0
5723	1
5724	1
5725	0
5726	0
5727	0
5728	0
5729	0
5730	0
5731	0
5732	0
5733	1
5734	0
5735	1
5736	0
5737	1
5738	1
5739	1
5740	1
5741	0
5742	0
5743	1
5744	0
5745	0
5746	0
5747	0
5748	2
5749	1
5750	0
5751	1
5752	1
5753	0
5754	0
5755	0
5756	0
5757	0
5758	0
5759	0
5760	0
5761	1
5762	1
5763	1
5764	1
5765	0
5766	0
5767	0
5768	1
5769	0
5770	0
5771	0
5772	0
5773	0
5774	0
5775	0
5776	1
5777	1
5778	3
5779	0
5780	1
5781	0
5782	1
5783	1
5784	1
5785	0
5786	0
5787	0
5788	0
5789	0
5790	1
5791	0
5792	0
5793	0
5794	0
5795	0
5796	0
5797	1
5798	1
5799	0
5800	0
5801	0
5802	0
5803	0
5804	1
5805	0
5806	0
5807	0
5808	0
5809	1
5810	0
5811	0
5812	1
5813	0
5814	0
5815	2
5816	0
5817	1
5818	0
5819	0
5820	0
5821	0
5822	0
5823	0
5824	1
5825	0
5826	0
5827	0
5828	0
5829	0
5830	1
5831	0
5832	0
5833	0
5834	2
5835	2
5836	1
5837	0
5838	0
5839	0
5840	0
5841	1
5842	0
5843	0
5844	1
5845	0
5846	2
5847	1
5848	0
5849	0
5850	0
5851	0
5852	0
5853	0
5854	1
5855	0
5856	0
5857	0
5858	0
5859	0
5860	0
5861	0
5862	0
5863	1
5864	0
5865	0
5866	1
5867	1
5868	0
5869	0
5870	1
5871	1
5872	0
5873	0
5874	1
5875	0
5876	0
5877	0
5878	2
5879	0
5880	0
5881	0
5882	0
5883	0
5884	0
5885	0
5886	1
5887	1
5888	1
5889	0
5890	0
5891	2
5892	0
5893	0
5894	0
5895	0
5896	0
5897	0
5898	0
5899	0
5900	1
5901	0
5902	1
5903	1
5904	0
5905	0
5906	0
5907	0
5908	1
5909	0
5910	0
5911	1
5912	1
5913	1
5914	0
5915	0
5916	0
5917	0
5918	0
5919	1
5920	3
5921	0
5922	0
5923	0
5924	0
5925	1
5926	0
5927	0
5928	0
5929	0
5930	1
5931	0
5932	1
5933	0
5934	0
5935	0
5936	0
5937	0
5938	0
5939	0
5940	1
5941	1
5942	0
5943	0
5944	0
5945	0
5946	0
5947	0
5948	0
5949	0
5950	0
5951	0
5952	2
5953	1
5954	0
5955	0
5956	0
5957	0
5958	0
5959	0
5960	0
5961	0
5962	0
5963	1
5964	0
5965	0
5966	0
5967	0
5968	1
5969	0
5970	1
5971	0
5972	0
5973	0
5974	0
5975	0
5976	0
5977	0
5978	0
5979	0
5980	0
5981	0
5982	0
5983	0
5984	1
5985	0
5986	0
5987	1
5988	1
5989	1
5990	0
5991	0
5992	1
5993	1
5994	0
5995	0
5996	0
5997	0
5998	0
5999	1
6000	1
6001	0
6002	0
6003	0
6004	0
6005	0
6006	0
6007	0
6008	1
6009	0
6010	0
6011	0
6012	0
6013	0
6014	0
6015	0
6016	0
6017	0
6018	0
6019	0
6020	0
6021	1
6022	0
6023	0
6024	0
6025	0
6026	0
6027	0
6028	0
6029	0
6030	1
6031	0
6032	0
6033	0
6034	0
6035	0
6036	0
6037	0
6038	0
6039	0
6040	0
6041	0
6042	0
6043	1
6044	0
6045	0
6046	0
6047	0
6048	0
6049	0
6050	0
6051	1
6052	0
6053	0
6054	1
6055	1
6056	0
6057	0
6058	0
6059	0
6060	2
6061	0
6062	0
6063	0
6064	0
6065	0
6066	0
6067	2
6068	0
6069	2
6070	0
6071	1
6072	0
6073	0
6074	0
6075	0
6076	0
6077	0
6078	0
6079	0
6080	0
6081	2
6082	1
6083	0
6084	0
6085	0
6086	0
6087	1
6088	0
6089	1
6090	2
6091	0
6092	0
6093	1
6094	0
6095	1
6096	0
6097	0
6098	1
6099	0
6100	0
6101	0
6102	0
6103	0
6104	0
6105	0
6106	1
6107	0
6108	0
6109	0
6110	1
6111	0
6112	0
6113	0
6114	0
6115	0
6116	0
6117	0
6118	0
6119	0
6120	0
6121	0
6122	0
6123	0
6124	0
6125	0
6126	0
6127	1
6128	2
6129	0
6130	0
6131	0
6132	0
6133	0
6134	0
6135	0
6136	0
6137	0
6138	0
6139	0
6140	0
6141	0
6142	0
6143	0
6144	0
6145	0
6146	2
6147	0
6148	1
6149	0
6150	1
6151	0
6152	0
6153	0
6154	0
6155	0
6156	1
6157	0
6158	1
6159	2
6160	0
6161	2
6162	0
6163	0
6164	0
6165	0
6166	0
6167	0
6168	0
6169	1
6170	0
6171	0
6172	0
6173	0
6174	1
6175	0
6176	0
6177	0
6178	1
6179	0
6180	1
6181	0
6182	0
6183	0
6184	0
6185	0
6186	0
6187	1
6188	0
6189	0
6190	0
6191	0
6192	0
6193	0
6194	0
6195	0
6196	0
6197	1
6198	0
6199	0
6200	0
6201	0
6202	0
6203	1
6204	0
6205	0
6206	1
6207	0
6208	0
6209	0
6210	0
6211	0
6212	0
6213	0
6214	0
6215	0
6216	0
6217	0
6218	0
6219	1
6220	0
6221	0
6222	1
6223	1
6224	0
6225	0
6226	0
6227	1
6228	2
6229	0
6230	0
6231	1
6232	1
6233	0
6234	0
6235	0
6236	0
6237	0
6238	0
6239	1
6240	0
6241	0
6242	1
6243	1
6244	0
6245	1
6246	2
6247	1
6248	0
6249	0
6250	0
6251	0
6252	1
6253	0
6254	1
6255	2
6256	0
6257	0
6258	0
6259	0
6260	0
6261	0
6262	0
6263	0
6264	1
6265	0
6266	0
6267	0
6268	0
6269	0
6270	0
6271	0
6272	0
6273	0
6274	0
6275	1
6276	0
6277	0
6278	1
6279	0
6280	0
6281	0
6282	0
6283	1
6284	0
6285	0
6286	0
6287	0
6288	0
6289	1
6290	0
6291	0
6292	0
6293	0
6294	0
6295	0
6296	0
6297	0
6298	0
6299	0
6300	0
6301	0
6302	0
6303	0
6304	0
6305	0
6306	0
6307	0
6308	0
6309	0
6310	0
6311	0
6312	0
6313	0
6314	0
6315	0
6316	0
6317	0
6318	0
6319	0
6320	0
6321	0
6322	0
6323	0
6324	0
6325	0
6326	0
6327	0
6328	0
6329	0
6330	0
6331	1
6332	0
6333	0
6334	0
6335	0
6336	0
6337	0
6338	1
6339	0
6340	1
6341	1
6342	1
6343	1
6344	0
6345	2
6346	0
6347	1
6348	0
6349	1
6350	1
6351	0
6352	0
6353	2
6354	0
6355	0
6356	2
6357	1
6358	0
6359	0
6360	0
6361	1
6362	0
6363	0
6364	0
6365	0
6366	0
6367	0
6368	0
6369	1
6370	0
6371	1
6372	0
6373	1
6374	0
6375	0
6376	0
6377	0
6378	0
6379	0
6380	0
6381	1
6382	0
6383	1
6384	0
6385	0
6386	1
6387	0
6388	0
6389	0
6390	0
6391	0
6392	0
6393	0
6394	0
6395	0
6396	0
6397	0
6398	0
6399	0
6400	1
6401	0
6402	0
6403	0
6404	0
6405	0
6406	0
6407	0
6408	1
6409	1
6410	0
6411	0
6412	2
6413	0
6414	1
6415	2
6416	1
6417	1
6418	0
6419	1
6420	0
6421	1
6422	0
6423	1
6424	2
6425	0
6426	0
6427	0
6428	0
6429	0
6430	0
6431	0
6432	0
6433	0
6434	1
6435	2
6436	0
6437	0
6438	0
6439	1
6440	1
6441	0
6442	0
6443	0
6444	1
6445	0
6446	0
6447	0
6448	1
6449	0
6450	0
6451	0
6452	0
6453	1
6454	2
6455	0
6456	0
6457	0
6458	0
6459	1
6460	1
6461	0
6462	0
6463	0
6464	0
6465	0
6466	1
6467	0
6468	1
6469	0
6470	0
6471	0
6472	0
6473	0
6474	0
6475	1
6476	0
6477	1
6478	0
6479	0
6480	0
6481	0
6482	0
6483	2
6484	0
6485	1
6486	0
6487	1
6488	0
6489	0
6490	0
6491	1
6492	0
6493	0
6494	0
6495	0
6496	0
6497	0
6498	1
6499	1
6500	0
6501	1
6502	0
6503	0
6504	0
6505	0
6506	0
6507	0
6508	0
6509	0
6510	0
6511	0
6512	0
6513	0
6514	0
6515	1
6516	1
6517	0
6518	0
6519	0
6520	0
6521	0
6522	0
6523	0
6524	0
6525	0
6526	0
6527	1
6528	0
6529	0
6530	0
6531	0
6532	0
6533	0
6534	0
6535	0
6536	0
6537	0
6538	0
6539	1
6540	0
6541	0
6542	2
6543	0
6544	0
6545	2
6546	0
6547	0
6548	0
6549	0
6550	0
6551	0
6552	1
6553	0
6554	0
6555	1
6556	0
6557	0
6558	0
6559	0
6560	0
6561	0
6562	0
6563	0
6564	1
6565	0
6566	2
6567	0
6568	0
6569	1
6570	0
6571	1
6572	1
6573	1
6574	0
6575	0
6576	0
6577	0
6578	1
6579	0
6580	0
6581	0
6582	1
6583	0
6584	0
6585	0
6586	0
6587	3
6588	0
6589	0
6590	1
6591	2
6592	1
6593	0
6594	0
6595	0
6596	1
6597	1
6598	0
6599	0
6600	0
6601	1
6602	0
6603	2
6604	0
6605	3
6606	0
6607	0
6608	0
6609	1
6610	0
6611	1
6612	1
6613	1
6614	2
6615	0
6616	0
6617	0
6618	0
6619	0
6620	0
6621	0
6622	0
6623	1
6624	0
6625	0
6626	0
6627	0
6628	0
6629	0
6630	0
6631	1
6632	0
6633	0
6634	0
6635	0
6636	0
6637	0
6638	0
6639	0
6640	1
6641	0
6642	0
6643	2
6644	0
6645	1
6646	1
6647	0
6648	1
6649	0
6650	0
6651	1
6652	1
6653	0
6654	0
6655	0
6656	0
6657	0
6658	0
6659	1
6660	0
6661	0
6662	0
6663	1
6664	0
6665	0
6666	1
6667	0
6668	0
6669	1
6670	0
6671	0
6672	0
6673	0
6674	1
6675	1
6676	1
6677	0
6678	2
6679	0
6680	1
6681	1
6682	0
6683	0
6684	0
6685	0
6686	0
6687	0
6688	0
6689	0
6690	0
6691	1
6692	0
6693	1
6694	1
6695	0
6696	0
6697	0
6698	0
6699	0
6700	0
6701	0
6702	0
6703	0
6704	0
6705	1
6706	1
6707	0
6708	0
6709	1
6710	0
6711	0
6712	0
6713	0
6714	1
6715	0
6716	0
6717	3
6718	0
6719	0
6720	1
6721	0
6722	0
6723	1
6724	0
6725	1
6726	0
6727	0
6728	0
6729	0
6730	0
6731	1
6732	0
6733	0
6734	0
6735	0
6736	0
6737	1
6738	0
6739	0
6740	0
6741	0
6742	0
6743	0
6744	0
6745	0
6746	0
6747	0
6748	0
6749	0
6750	0
6751	0
6752	1
6753	0
6754	0
6755	2
6756	0
6757	0
6758	1
6759	0
6760	0
6761	0
6762	0
6763	1
6764	0
6765	0
6766	0
6767	0
6768	1
6769	0
6770	0
6771	2
6772	0
6773	1
6774	0
6775	2
6776	1
6777	0
6778	0
6779	0
6780	0
6781	1
6782	0
6783	0
6784	0
6785	0
6786	0
6787	0
6788	1
6789	0
6790	0
6791	0
6792	0
6793	0
6794	0
6795	0
6796	1
6797	0
6798	0
6799	1
6800	1
6801	0
6802	0
6803	0
6804	0
6805	0
6806	0
6807	0
6808	1
6809	0
6810	0
6811	0
6812	0
6813	0
6814	1
6815	1
6816	0
6817	0
6818	0
6819	1
6820	1
6821	1
6822	0
6823	0
6824	0
6825	1
6826	0
6827	0
6828	1
6829	0
6830	0
6831	0
6832	0
6833	0
6834	1
6835	0
6836	0
6837	0
6838	1
6839	0
6840	0
6841	0
6842	0
6843	0
6844	1
6845	1
6846	1
6847	0
6848	0
6849	1
6850	0
6851	0
6852	0
6853	0
6854	0
6855	0
6856	0
6857	0
6858	0
6859	0
6860	2
6861	0
6862	1
6863	0
6864	0
6865	0
6866	0
6867	1
6868	0
6869	1
6870	0
6871	1
6872	0
6873	0
6874	0
6875	0
6876	2
6877	0
6878	0
6879	0
6880	0
6881	0
6882	1
6883	0
6884	0
6885	1
6886	0
6887	0
6888	0
6889	0
6890	0
6891	0
6892	0
6893	0
6894	0
6895	1
6896	0
6897	0
6898	1
6899	0
6900	0
6901	0
6902	0
6903	0
6904	0
6905	0
6906	1
6907	1
6908	0
6909	1
6910	0
6911	0
6912	0
6913	0
6914	1
6915	0
6916	0
6917	0
6918	0
6919	0
6920	2
6921	0
6922	2
6923	1
6924	0
6925	0
6926	2
6927	0
6928	0
6929	0
6930	1
6931	0
6932	0
6933	0
6934	0
6935	1
6936	0
6937	0
6938	1
6939	0
6940	0
6941	0
6942	1
6943	0
6944	1
6945	1
6946	0
6947	0
6948	0
6949	0
6950	0
6951	0
6952	0
6953	0
6954	0
6955	0
6956	0
6957	1
6958	0
6959	1
6960	0
6961	0
6962	0
6963	1
6964	0
6965	2
6966	0
6967	0
6968	2
6969	1
6970	1
6971	0
6972	0
6973	0
6974	0
6975	0
6976	0
6977	0
6978	0
6979	0
6980	0
6981	0
6982	0
6983	0
6984	0
6985	0
6986	1
6987	1
6988	0
6989	0
6990	0
6991	0
6992	0
6993	1
6994	0
6995	0
6996	0
6997	1
6998	0
6999	0
7000	0
7001	0
7002	0
7003	0
7004	0
7005	0
7006	0
7007	0
7008	0
7009	0
7010	0
7011	0
7012	0
7013	1
7014	0
7015	0
7016	0
7017	2
7018	0
7019	0
7020	0
7021	1
7022	0
7023	0
7024	0
7025	0
7026	1
7027	0
7028	0
7029	1
7030	0
7031	0
7032	0
7033	0
7034	0
7035	0
7036	1
7037	0
7038	0
7039	0
7040	0
7041	1
7042	0
7043	0
7044	0
7045	1
7046	0
7047	0
7048	0
7049	0
7050	0
7051	0
7052	0
7053	0
7054	0
7055	1
7056	0
7057	0
7058	0
7059	0
7060	0
7061	0
7062	0
7063	1
7064	1
7065	0
7066	0
7067	1
7068	0
7069	0
7070	0
7071	0
7072	0
7073	0
7074	0
7075	0
7076	1
7077	0
7078	0
7079	0
7080	0
7081	0
7082	0
7083	1
7084	0
7085	0
7086	0
7087	0
7088	0
7089	0
7090	0
7091	0
7092	1
7093	1
7094	0
7095	0
7096	1
7097	0
7098	0
7099	0
7100	0
7101	0
7102	0
7103	1
7104	0
7105	0
7106	0
7107	0
7108	0
7109	0
7110	0
7111	1
7112	0
7113	0
7114	1
7115	0
7116	0
7117	0
7118	0
7119	0
7120	0
7121	0
7122	0
7123	0
7124	0
7125	0
7126	0
7127	0
7128	1
7129	0
7130	0
7131	0
7132	0
7133	0
7134	0
7135	0
7136	0
7137	0
7138	1
7139	0
7140	0
7141	1
7142	0
7143	0
7144	1
7145	0
7146	0
7147	0
7148	1
7149	0
7150	0
7151	0
7152	0
7153	0
7154	0
7155	1
7156	0
7157	0
7158	0
7159	0
7160	0
7161	0
7162	0
7163	0
7164	0
7165	0
7166	0
7167	0
7168	0
7169	1
7170	0
7171	0
7172	1
7173	1
7174	0
7175	0
7176	0
7177	0
7178	0
7179	0
7180	0
7181	0
7182	0
7183	0
7184	0
7185	0
7186	0
7187	0
7188	1
7189	0
7190	0
7191	0
7192	0
7193	0
7194	0
7195	0
7196	0
7197	0
7198	0
7199	0
7200	0
7201	1
7202	0
7203	1
7204	0
7205	1
7206	0
7207	0
7208	0
7209	0
7210	0
7211	1
7212	1
7213	0
7214	0
7215	0
7216	0
7217	0
7218	0
7219	0
7220	0
7221	0
7222	0
7223	0
7224	0
7225	0
7226	0
7227	0
7228	0
7229	0
7230	0
7231	0
7232	0
7233	0
7234	0
7235	0
7236	0
7237	0
7238	0
7239	0
7240	1
7241	0
7242	0
7243	0
7244	1
7245	0
7246	0
7247	0
7248	0
7249	0
7250	0
7251	0
7252	0
7253	0
7254	0
7255	0
7256	2
7257	0
7258	0
7259	0
7260	0
7261	0
7262	0
7263	0
7264	0
7265	0
7266	0
7267	0
7268	0
7269	0
7270	0
7271	0
7272	0
7273	0
7274	0
7275	0
7276	0
7277	0
7278	1
7279	0
7280	0
7281	0
7282	1
7283	0
7284	0
7285	1
7286	0
7287	0
7288	0
7289	0
7290	0
7291	0
7292	0
7293	0
7294	0
7295	0
7296	0
7297	0
7298	0
7299	0
7300	0
7301	0
7302	0
7303	0
7304	0
7305	0
7306	0
7307	0
7308	0
7309	0
7310	0
7311	0
7312	0
7313	1
7314	1
7315	0
7316	0
7317	0
7318	0
7319	0
7320	0
7321	1
7322	0
7323	0
7324	0
7325	0
7326	0
7327	0
7328	0
7329	0
7330	0
7331	0
7332	1
7333	0
7334	0
7335	1
7336	0
7337	0
7338	0
7339	0
7340	1
7341	1
7342	0
7343	1
7344	0
7345	0
7346	0
7347	0
7348	0
7349	0
7350	0
7351	0
7352	0
7353	0
7354	0
7355	0
7356	0
7357	0
7358	0
7359	0
7360	0
7361	0
7362	2
7363	0
7364	0
7365	0
7366	0
7367	0
7368	0
7369	0
7370	0
7371	2
7372	1
7373	0
7374	0
7375	0
7376	1
7377	0
7378	0
7379	0
7380	0
7381	0
7382	0
7383	0
7384	1
7385	0
7386	0
7387	0
7388	1
7389	0
7390	0
7391	0
7392	0
7393	0
7394	0
7395	0
7396	0
7397	0
7398	0
7399	0
7400	0
7401	0
7402	0
7403	0
7404	0
7405	0
7406	0
7407	0
7408	0
7409	0
7410	0
7411	0
7412	0
7413	0
7414	0
7415	0
7416	1
7417	0
7418	2
7419	0
7420	0
7421	0
7422	0
7423	0
7424	0
7425	0
7426	0
7427	0
7428	0
7429	0
7430	0
7431	0
7432	1
7433	0
7434	0
7435	0
7436	0
7437	0
7438	0
7439	0
7440	0
7441	0
7442	0
7443	0
7444	0
7445	0
7446	0
7447	1
7448	0
7449	1
7450	1
7451	0
7452	0
7453	1
7454	0
7455	0
7456	0
7457	0
7458	1
7459	0
7460	0
7461	0
7462	0
7463	0
7464	0
7465	0
7466	0
7467	0
7468	0
7469	0
7470	0
7471	0
7472	0
7473	0
7474	0
7475	0
7476	0
7477	0
7478	0
7479	1
7480	0
7481	0
7482	0
7483	0
7484	0
7485	0
7486	0
7487	0
7488	1
7489	1
7490	0
7491	0
7492	0
7493	1
7494	0
7495	0
7496	1
7497	0
7498	0
7499	0
7500	0
7501	0
7502	1
7503	1
7504	0
7505	0
7506	0
7507	2
7508	0
7509	0
7510	0
7511	0
7512	0
7513	0
7514	0
7515	0
7516	0
7517	0
7518	0
7519	1
7520	0
7521	0
7522	0
7523	0
7524	0
7525	1
7526	0
7527	0
7528	0
7529	0
7530	0
7531	0
7532	0
7533	0
7534	0
7535	0
7536	0
7537	0
7538	0
7539	0
7540	0
7541	0
7542	0
7543	1
7544	0
7545	1
7546	0
7547	0
7548	0
7549	0
7550	0
7551	0
7552	0
7553	0
7554	0
7555	0
7556	0
7557	0
7558	0
7559	0
7560	1
7561	0
7562	0
7563	0
7564	0
7565	0
7566	0
7567	0
7568	0
7569	0
7570	0
7571	0
7572	0
7573	0
7574	1
7575	0
7576	0
7577	0
7578	0
7579	0
7580	1
7581	0
7582	0
7583	0
7584	0
7585	0
7586	0
7587	0
7588	0
7589	0
7590	1
7591	0
7592	1
7593	0
7594	0
7595	0
7596	0
7597	1
7598	0
7599	0
7600	0
7601	1
7602	0
7603	0
7604	0
7605	0
7606	0
7607	0
7608	0
7609	0
7610	0
7611	0
7612	0
7613	0
7614	0
7615	0
7616	0
7617	0
7618	0
7619	0
7620	0
7621	0
7622	0
7623	0
7624	0
7625	0
7626	1
7627	1
7628	0
7629	0
7630	0
7631	0
7632	0
7633	0
7634	0
7635	0
7636	0
7637	0
7638	0
7639	0
7640	0
7641	0
7642	0
7643	0
7644	0
7645	0
7646	1
7647	0
7648	0
7649	0
7650	0
7651	0
7652	0
7653	0
7654	0
7655	0
7656	0
7657	0
7658	0
7659	0
7660	1
7661	0
7662	0
7663	0
7664	0
7665	0
7666	0
7667	0
7668	0
7669	0
7670	0
7671	0
7672	0
7673	1
7674	0
7675	0
7676	0
7677	0
7678	0
7679	0
7680	0
7681	0
7682	1
7683	0
7684	0
7685	0
7686	0
7687	0
7688	0
7689	0
7690	1
7691	0
7692	0
7693	0
7694	0
7695	0
7696	0
7697	0
7698	0
7699	1
7700	1
7701	0
7702	0
7703	0
7704	0
7705	0
7706	0
7707	0
7708	0
7709	0
7710	0
7711	0
7712	0
7713	1
7714	0
7715	0
7716	0
7717	0
7718	0
7719	0
7720	0
7721	0
7722	0
7723	0
7724	0
7725	0
7726	0
7727	0
7728	0
7729	1
7730	0
7731	1
7732	0
7733	0
7734	1
7735	0
7736	0
7737	2
7738	0
7739	0
7740	0
7741	0
7742	0
7743	0
7744	0
7745	0
7746	1
7747	0
7748	0
7749	1
7750	0
7751	0
7752	0
7753	0
7754	1
7755	1
7756	0
7757	0
7758	0
7759	0
7760	1
7761	0
7762	0
7763	1
7764	1
7765	0
7766	1
7767	0
7768	0
7769	0
7770	1
7771	0
7772	0
7773	0
7774	0
7775	0
7776	0
7777	0
7778	0
7779	0
7780	1
7781	0
7782	0
7783	1
7784	0
7785	0
7786	1
7787	0
7788	0
7789	0
7790	1
7791	0
7792	1
7793	0
7794	1
7795	0
7796	0
7797	0
7798	0
7799	0
7800	0
7801	0
7802	0
7803	0
7804	0
7805	0
7806	0
7807	0
7808	0
7809	0
7810	0
7811	1
7812	0
7813	0
7814	0
7815	0
7816	1
7817	0
7818	1
7819	0
7820	0
7821	0
7822	0
7823	0
7824	0
7825	0
7826	0
7827	0
7828	0
7829	0
7830	0
7831	0
7832	0
7833	0
7834	0
7835	0
7836	1
7837	0
7838	0
7839	0
7840	1
7841	1
7842	0
7843	0
7844	0
7845	0
7846	1
7847	1
7848	0
7849	1
7850	0
7851	1
7852	0
7853	0
7854	0
7855	0
7856	0
7857	0
7858	1
7859	0
7860	0
7861	0
7862	0
7863	0
7864	0
7865	0
7866	0
7867	0
7868	0
7869	0
7870	1
7871	0
7872	2
7873	0
7874	0
7875	0
7876	1
7877	0
7878	1
7879	1
7880	0
7881	0
7882	1
7883	0
7884	0
7885	0
7886	1
7887	1
7888	0
7889	0
7890	0
7891	1
7892	0
7893	1
7894	0
7895	0
7896	0
7897	1
7898	0
7899	0
7900	0
7901	1
7902	0
7903	0
7904	0
7905	0
7906	0
7907	1
7908	0
7909	0
7910	0
7911	0
7912	0
7913	1
7914	0
7915	0
7916	0
7917	0
7918	1
7919	0
7920	0
7921	0
7922	1
7923	0
7924	0
7925	0
7926	0
7927	0
7928	1
7929	0
7930	0
7931	0
7932	0
7933	0
7934	0
7935	0
7936	0
7937	1
7938	0
7939	0
7940	0
7941	0
7942	2
7943	0
7944	0
7945	1
7946	0
7947	2
7948	0
7949	2
7950	0
7951	0
7952	0
7953	0
7954	2
7955	1
7956	0
7957	2
7958	1
7959	0
7960	0
7961	0
7962	1
7963	0
7964	1
7965	0
7966	0
7967	1
7968	0
7969	0
7970	0
7971	0
7972	1
7973	1
7974	2
7975	0
7976	1
7977	0
7978	0
7979	0
7980	0
7981	3
7982	1
7983	0
7984	0
7985	0
7986	0
7987	0
7988	0
7989	0
7990	1
7991	2
7992	0
7993	0
7994	0
7995	0
7996	0
7997	1
7998	0
7999	1
8000	1
8001	0
8002	0
8003	0
8004	0
8005	0
8006	0
8007	3
8008	0
8009	0
8010	1
8011	0
8012	0
8013	1
8014	0
8015	1
8016	1
8017	0
8018	0
8019	0
8020	0
8021	0
8022	0
8023	0
8024	0
8025	0
8026	0
8027	0
8028	0
8029	0
8030	0
8031	0
8032	0
8033	0
8034	0
8035	0
8036	0
8037	0
8038	0
8039	0
8040	0
8041	0
8042	0
8043	0
8044	0
8045	0
8046	0
8047	0
8048	0
8049	0
8050	0
8051	0
8052	0
8053	0
8054	0
8055	0
8056	0
8057	0
8058	0
8059	0
8060	0
8061	0
8062	0
8063	0
8064	0
8065	0
8066	0
8067	0
8068	0
8069	0
8070	0
8071	0
8072	0
8073	0
8074	0
8075	0
8076	0
8077	0
8078	0
8079	0
8080	0
8081	0
8082	0
8083	0
8084	0
8085	0
8086	0
8087	0
8088	0
8089	0
8090	0
8091	0
8092	0
8093	0
8094	0
8095	0
8096	0
8097	0
8098	0
8099	0
8100	0
8101	0
8102	0
8103	0
8104	0
8105	0
8106	0
8107	0
8108	0
8109	0
8110	0
8111	0
8112	0
8113	0
8114	0
8115	0
8116	0
8117	0
8118	0
8119	0
8120	0
8121	0
8122	0
8123	0
8124	0
8125	0
8126	0
8127	0
8128	0
8129	0
8130	0
8131	0
8132	0
8133	0
8134	0
8135	0
8136	0
8137	0
8138	0
8139	0
8140	0
8141	0
8142	0
8143	0
8144	0
8145	0
8146	0
8147	0
8148	0
8149	0
8150	0
8151	0
8152	0
8153	0
8154	0
8155	0
8156	0
8157	0
8158	0
8159	0
8160	0
8161	0
8162	0
8163	0
8164	0
8165	0
8166	0
8167	0
8168	0
8169	0
8170	0
8171	0
8172	0
8173	0
8174	0
8175	0
8176	0
8177	0
8178	0
8179	0
8180	0
8181	0
8182	0
8183	0
8184	0
8185	0
8186	0
8187	0
8188	0
8189	0
8190	0
8191	0
