0	0
1	0
2	0
3	0
4	0
5	0
6	0
7	0
8	0
9	0
10	0
11	0
12	0
13	0
14	0
15	0
16	0
17	0
18	0
19	0
20	0
21	0
22	0
23	0
24	0
25	0
26	0
27	0
28	0
29	0
30	0
31	0
32	1
33	0
34	0
35	0
36	1
37	0
38	0
39	1
40	0
41	2
42	3
43	4
44	32
45	108
46	135
47	153
48	156
49	169
50	153
51	118
52	136
53	117
54	91
55	97
56	95
57	92
58	113
59	113
60	79
61	87
62	90
63	106
64	98
65	90
66	87
67	88
68	91
69	86
70	78
71	85
72	97
73	78
74	93
75	81
76	76
77	89
78	102
79	101
80	96
81	85
82	95
83	79
84	83
85	80
86	72
87	88
88	91
89	76
90	83
91	99
92	63
93	95
94	93
95	98
96	82
97	89
98	81
99	82
100	84
101	89
102	87
103	63
104	78
105	92
106	64
107	86
108	75
109	89
110	91
111	69
112	100
113	73
114	76
115	83
116	66
117	97
118	94
119	101
120	72
121	86
122	79
123	85
124	78
125	86
126	93
127	76
128	86
129	101
130	93
131	83
132	108
133	93
134	103
135	85
136	83
137	84
138	99
139	92
140	103
141	89
142	82
143	112
144	89
145	104
146	98
147	107
148	92
149	97
150	92
151	81
152	108
153	96
154	103
155	115
156	110
157	118
158	99
159	121
160	102
161	93
162	101
163	96
164	114
165	90
166	97
167	107
168	127
169	93
170	122
171	111
172	130
173	108
174	126
175	111
176	137
177	118
178	121
179	119
180	119
181	111
182	121
183	122
184	117
185	115
186	108
187	120
188	124
189	117
190	129
191	114
192	123
193	117
194	136
195	126
196	116
197	129
198	108
199	140
200	138
201	143
202	111
203	131
204	131
205	100
206	122
207	124
208	144
209	149
210	109
211	133
212	124
213	123
214	130
215	136
216	135
217	152
218	139
219	165
220	161
221	137
222	131
223	125
224	162
225	156
226	155
227	146
228	157
229	150
230	154
231	160
232	164
233	146
234	147
235	142
236	156
237	140
238	173
239	164
240	166
241	163
242	165
243	172
244	158
245	163
246	177
247	167
248	174
249	187
250	197
251	167
252	194
253	176
254	191
255	178
256	160
257	198
258	161
259	180
260	160
261	178
262	176
263	190
264	192
265	167
266	185
267	162
268	169
269	171
270	210
271	164
272	157
273	178
274	169
275	154
276	169
277	155
278	164
279	143
280	167
281	146
282	160
283	161
284	151
285	170
286	187
287	180
288	164
289	163
290	183
291	176
292	159
293	173
294	171
295	179
296	160
297	177
298	175
299	176
300	166
301	161
302	165
303	165
304	164
305	178
306	148
307	139
308	158
309	182
310	171
311	160
312	159
313	148
314	166
315	158
316	165
317	184
318	153
319	178
320	151
321	167
322	155
323	146
324	158
325	170
326	154
327	141
328	164
329	181
330	156
331	152
332	173
333	172
334	150
335	167
336	192
337	150
338	156
339	150
340	155
341	150
342	165
343	164
344	164
345	181
346	176
347	153
348	150
349	154
350	141
351	138
352	156
353	182
354	176
355	158
356	163
357	170
358	153
359	165
360	166
361	150
362	171
363	155
364	179
365	172
366	176
367	172
368	160
369	152
370	169
371	154
372	173
373	157
374	170
375	173
376	153
377	159
378	161
379	162
380	171
381	164
382	150
383	146
384	168
385	176
386	157
387	172
388	161
389	155
390	170
391	150
392	147
393	181
394	165
395	151
396	162
397	153
398	173
399	142
400	172
401	165
402	146
403	150
404	139
405	166
406	136
407	166
408	151
409	148
410	161
411	166
412	149
413	153
414	169
415	160
416	139
417	144
418	156
419	165
420	187
421	171
422	146
423	152
424	152
425	137
426	151
427	151
428	140
429	154
430	165
431	168
432	161
433	157
434	179
435	147
436	144
437	148
438	183
439	161
440	142
441	174
442	175
443	142
444	163
445	142
446	152
447	164
448	166
449	154
450	147
451	148
452	149
453	151
454	143
455	170
456	138
457	150
458	155
459	163
460	166
461	158
462	160
463	149
464	113
465	151
466	120
467	164
468	165
469	137
470	155
471	169
472	146
473	163
474	147
475	137
476	165
477	149
478	135
479	145
480	184
481	136
482	126
483	134
484	158
485	173
486	120
487	126
488	154
489	137
490	146
491	153
492	130
493	125
494	130
495	148
496	116
497	151
498	146
499	159
500	159
501	162
502	145
503	145
504	111
505	143
506	139
507	135
508	142
509	145
510	150
511	115
512	153
513	157
514	131
515	151
516	164
517	135
518	148
519	144
520	145
521	161
522	130
523	128
524	156
525	132
526	141
527	150
528	157
529	159
530	178
531	127
532	154
533	121
534	136
535	133
536	149
537	132
538	131
539	134
540	164
541	138
542	145
543	138
544	134
545	135
546	136
547	137
548	156
549	160
550	152
551	154
552	160
553	149
554	159
555	180
556	149
557	154
558	156
559	179
560	152
561	136
562	164
563	144
564	142
565	168
566	161
567	155
568	168
569	135
570	145
571	163
572	159
573	151
574	149
575	141
576	154
577	174
578	132
579	174
580	161
581	171
582	166
583	136
584	153
585	183
586	148
587	159
588	153
589	149
590	132
591	145
592	149
593	176
594	148
595	159
596	145
597	165
598	159
599	155
600	138
601	126
602	155
603	166
604	136
605	141
606	141
607	160
608	157
609	151
610	154
611	157
612	140
613	150
614	134
615	159
616	147
617	134
618	140
619	152
620	159
621	142
622	149
623	130
624	124
625	138
626	157
627	143
628	162
629	134
630	151
631	132
632	152
633	168
634	129
635	146
636	151
637	114
638	133
639	145
640	144
641	150
642	134
643	148
644	155
645	144
646	122
647	124
648	130
649	149
650	144
651	127
652	119
653	130
654	144
655	136
656	139
657	139
658	132
659	131
660	129
661	108
662	143
663	120
664	128
665	164
666	131
667	130
668	163
669	134
670	140
671	117
672	125
673	120
674	155
675	130
676	130
677	128
678	133
679	118
680	146
681	133
682	125
683	125
684	115
685	145
686	131
687	157
688	154
689	146
690	121
691	127
692	123
693	161
694	127
695	138
696	131
697	126
698	125
699	133
700	129
701	128
702	138
703	121
704	145
705	124
706	112
707	139
708	129
709	129
710	129
711	145
712	125
713	134
714	143
715	153
716	109
717	136
718	152
719	147
720	131
721	116
722	101
723	142
724	141
725	137
726	135
727	117
728	127
729	131
730	130
731	134
732	146
733	140
734	111
735	124
736	113
737	108
738	120
739	131
740	142
741	127
742	112
743	130
744	108
745	114
746	120
747	125
748	116
749	102
750	115
751	118
752	119
753	120
754	120
755	133
756	123
757	95
758	145
759	120
760	106
761	126
762	126
763	137
764	109
765	122
766	132
767	112
768	122
769	121
770	124
771	114
772	119
773	117
774	115
775	128
776	101
777	117
778	95
779	109
780	112
781	118
782	119
783	109
784	105
785	122
786	118
787	116
788	127
789	84
790	107
791	140
792	101
793	103
794	113
795	104
796	118
797	124
798	118
799	116
800	123
801	115
802	127
803	125
804	130
805	118
806	113
807	95
808	106
809	111
810	114
811	109
812	115
813	126
814	98
815	96
816	105
817	98
818	108
819	97
820	106
821	96
822	130
823	127
824	107
825	98
826	109
827	102
828	123
829	118
830	101
831	130
832	110
833	111
834	120
835	112
836	116
837	119
838	82
839	113
840	117
841	96
842	128
843	96
844	101
845	112
846	99
847	114
848	102
849	108
850	108
851	106
852	122
853	86
854	116
855	112
856	96
857	100
858	112
859	108
860	111
861	108
862	110
863	89
864	102
865	95
866	132
867	101
868	101
869	110
870	111
871	90
872	121
873	110
874	110
875	115
876	101
877	106
878	106
879	97
880	95
881	110
882	123
883	101
884	109
885	97
886	103
887	111
888	113
889	106
890	101
891	92
892	112
893	111
894	100
895	113
896	122
897	104
898	123
899	94
900	98
901	90
902	110
903	117
904	113
905	93
906	102
907	122
908	107
909	100
910	95
911	110
912	99
913	98
914	96
915	99
916	113
917	102
918	110
919	104
920	111
921	114
922	90
923	95
924	100
925	103
926	87
927	116
928	112
929	116
930	106
931	110
932	100
933	95
934	110
935	115
936	81
937	111
938	92
939	114
940	107
941	92
942	100
943	107
944	102
945	113
946	114
947	97
948	92
949	99
950	106
951	105
952	115
953	117
954	106
955	105
956	99
957	104
958	99
959	86
960	90
961	114
962	92
963	97
964	107
965	97
966	109
967	111
968	97
969	95
970	113
971	105
972	109
973	118
974	103
975	79
976	91
977	128
978	91
979	106
980	120
981	101
982	92
983	110
984	110
985	113
986	87
987	108
988	98
989	101
990	107
991	99
992	91
993	104
994	97
995	70
996	91
997	112
998	103
999	113
1000	102
1001	93
1002	99
1003	125
1004	90
1005	108
1006	119
1007	90
1008	115
1009	105
1010	96
1011	95
1012	100
1013	92
1014	100
1015	75
1016	111
1017	79
1018	101
1019	103
1020	93
1021	92
1022	99
1023	110
1024	104
1025	99
1026	100
1027	91
1028	89
1029	103
1030	107
1031	98
1032	100
1033	93
1034	77
1035	86
1036	91
1037	104
1038	93
1039	91
1040	82
1041	95
1042	66
1043	102
1044	90
1045	113
1046	94
1047	102
1048	93
1049	84
1050	86
1051	97
1052	87
1053	73
1054	80
1055	91
1056	97
1057	91
1058	88
1059	90
1060	75
1061	91
1062	79
1063	82
1064	95
1065	81
1066	84
1067	92
1068	69
1069	77
1070	88
1071	69
1072	84
1073	74
1074	89
1075	70
1076	77
1077	76
1078	74
1079	77
1080	71
1081	89
1082	97
1083	75
1084	77
1085	75
1086	58
1087	69
1088	71
1089	64
1090	67
1091	69
1092	76
1093	68
1094	73
1095	79
1096	65
1097	75
1098	66
1099	67
1100	76
1101	68
1102	72
1103	48
1104	58
1105	77
1106	77
1107	69
1108	63
1109	74
1110	67
1111	62
1112	80
1113	62
1114	71
1115	57
1116	65
1117	63
1118	64
1119	67
1120	57
1121	56
1122	74
1123	55
1124	55
1125	54
1126	70
1127	72
1128	75
1129	68
1130	79
1131	78
1132	70
1133	68
1134	65
1135	67
1136	72
1137	67
1138	59
1139	61
1140	69
1141	62
1142	68
1143	67
1144	50
1145	63
1146	51
1147	55
1148	54
1149	58
1150	64
1151	58
1152	72
1153	67
1154	47
1155	55
1156	59
1157	63
1158	71
1159	48
1160	73
1161	57
1162	62
1163	57
1164	65
1165	58
1166	57
1167	60
1168	71
1169	54
1170	56
1171	67
1172	60
1173	48
1174	83
1175	55
1176	46
1177	72
1178	54
1179	60
1180	74
1181	46
1182	62
1183	60
1184	64
1185	74
1186	60
1187	54
1188	56
1189	64
1190	53
1191	55
1192	56
1193	52
1194	65
1195	61
1196	49
1197	63
1198	50
1199	57
1200	63
1201	48
1202	49
1203	57
1204	42
1205	45
1206	49
1207	60
1208	59
1209	57
1210	54
1211	47
1212	75
1213	64
1214	71
1215	60
1216	55
1217	78
1218	48
1219	58
1220	62
1221	57
1222	68
1223	58
1224	69
1225	55
1226	52
1227	50
1228	49
1229	53
1230	56
1231	62
1232	55
1233	54
1234	65
1235	56
1236	54
1237	54
1238	54
1239	66
1240	54
1241	40
1242	58
1243	62
1244	53
1245	60
1246	59
1247	74
1248	55
1249	55
1250	48
1251	68
1252	67
1253	53
1254	63
1255	54
1256	49
1257	57
1258	48
1259	58
1260	60
1261	59
1262	71
1263	59
1264	61
1265	48
1266	67
1267	64
1268	54
1269	46
1270	62
1271	47
1272	67
1273	55
1274	51
1275	52
1276	49
1277	52
1278	57
1279	68
1280	67
1281	57
1282	74
1283	67
1284	58
1285	66
1286	56
1287	48
1288	63
1289	55
1290	56
1291	59
1292	60
1293	62
1294	53
1295	59
1296	52
1297	68
1298	68
1299	60
1300	67
1301	61
1302	57
1303	66
1304	51
1305	74
1306	65
1307	58
1308	67
1309	55
1310	53
1311	71
1312	54
1313	63
1314	69
1315	60
1316	50
1317	52
1318	67
1319	62
1320	67
1321	47
1322	66
1323	75
1324	62
1325	57
1326	53
1327	74
1328	64
1329	70
1330	68
1331	55
1332	69
1333	66
1334	58
1335	61
1336	70
1337	67
1338	76
1339	75
1340	63
1341	57
1342	64
1343	76
1344	65
1345	69
1346	62
1347	82
1348	68
1349	73
1350	83
1351	71
1352	68
1353	65
1354	81
1355	65
1356	73
1357	63
1358	74
1359	52
1360	77
1361	62
1362	62
1363	62
1364	68
1365	64
1366	75
1367	72
1368	72
1369	75
1370	56
1371	62
1372	70
1373	61
1374	75
1375	65
1376	48
1377	70
1378	62
1379	57
1380	75
1381	68
1382	64
1383	71
1384	85
1385	64
1386	61
1387	69
1388	56
1389	69
1390	68
1391	74
1392	79
1393	74
1394	60
1395	57
1396	69
1397	81
1398	68
1399	58
1400	49
1401	58
1402	67
1403	58
1404	91
1405	66
1406	71
1407	73
1408	65
1409	76
1410	86
1411	72
1412	75
1413	58
1414	69
1415	79
1416	68
1417	66
1418	77
1419	72
1420	63
1421	53
1422	76
1423	71
1424	58
1425	78
1426	65
1427	64
1428	72
1429	57
1430	88
1431	93
1432	75
1433	65
1434	75
1435	71
1436	82
1437	89
1438	85
1439	71
1440	67
1441	71
1442	64
1443	79
1444	69
1445	73
1446	76
1447	80
1448	67
1449	77
1450	67
1451	83
1452	73
1453	67
1454	86
1455	96
1456	74
1457	94
1458	76
1459	81
1460	67
1461	71
1462	74
1463	86
1464	85
1465	79
1466	92
1467	99
1468	70
1469	81
1470	93
1471	74
1472	95
1473	75
1474	83
1475	82
1476	93
1477	87
1478	84
1479	86
1480	84
1481	100
1482	94
1483	91
1484	84
1485	77
1486	92
1487	100
1488	88
1489	87
1490	95
1491	86
1492	98
1493	82
1494	101
1495	122
1496	112
1497	95
1498	109
1499	103
1500	116
1501	114
1502	89
1503	118
1504	110
1505	106
1506	114
1507	128
1508	110
1509	119
1510	133
1511	117
1512	135
1513	126
1514	110
1515	136
1516	139
1517	131
1518	140
1519	132
1520	127
1521	134
1522	136
1523	161
1524	153
1525	163
1526	162
1527	173
1528	184
1529	172
1530	185
1531	169
1532	189
1533	194
1534	197
1535	191
1536	184
1537	206
1538	183
1539	225
1540	204
1541	232
1542	206
1543	212
1544	212
1545	238
1546	238
1547	227
1548	246
1549	234
1550	265
1551	243
1552	253
1553	257
1554	257
1555	279
1556	273
1557	265
1558	279
1559	261
1560	284
1561	324
1562	332
1563	335
1564	334
1565	351
1566	315
1567	347
1568	351
1569	374
1570	340
1571	339
1572	342
1573	383
1574	350
1575	354
1576	385
1577	365
1578	362
1579	407
1580	383
1581	425
1582	420
1583	399
1584	413
1585	455
1586	418
1587	447
1588	434
1589	460
1590	448
1591	438
1592	451
1593	469
1594	463
1595	485
1596	469
1597	488
1598	564
1599	508
1600	494
1601	550
1602	538
1603	553
1604	503
1605	545
1606	530
1607	536
1608	551
1609	550
1610	566
1611	538
1612	548
1613	576
1614	611
1615	592
1616	558
1617	628
1618	556
1619	574
1620	587
1621	614
1622	658
1623	591
1624	604
1625	618
1626	659
1627	588
1628	598
1629	639
1630	632
1631	644
1632	614
1633	646
1634	689
1635	604
1636	583
1637	701
1638	664
1639	648
1640	609
1641	620
1642	595
1643	607
1644	611
1645	689
1646	633
1647	622
1648	674
1649	634
1650	641
1651	592
1652	554
1653	653
1654	655
1655	626
1656	563
1657	614
1658	650
1659	645
1660	605
1661	580
1662	624
1663	561
1664	563
1665	531
1666	563
1667	534
1668	564
1669	548
1670	563
1671	550
1672	553
1673	488
1674	515
1675	528
1676	537
1677	493
1678	519
1679	482
1680	462
1681	507
1682	486
1683	450
1684	438
1685	410
1686	435
1687	442
1688	396
1689	421
1690	415
1691	413
1692	409
1693	372
1694	395
1695	395
1696	380
1697	387
1698	377
1699	396
1700	339
1701	341
1702	361
1703	309
1704	325
1705	290
1706	304
1707	329
1708	275
1709	312
1710	259
1711	257
1712	262
1713	277
1714	260
1715	238
1716	261
1717	251
1718	251
1719	207
1720	232
1721	223
1722	219
1723	192
1724	211
1725	220
1726	187
1727	205
1728	174
1729	194
1730	196
1731	155
1732	161
1733	168
1734	173
1735	159
1736	147
1737	147
1738	141
1739	135
1740	136
1741	110
1742	120
1743	134
1744	109
1745	126
1746	137
1747	101
1748	105
1749	98
1750	108
1751	92
1752	106
1753	108
1754	108
1755	84
1756	83
1757	77
1758	87
1759	75
1760	85
1761	70
1762	81
1763	76
1764	68
1765	83
1766	68
1767	83
1768	69
1769	60
1770	66
1771	69
1772	64
1773	39
1774	54
1775	40
1776	55
1777	56
1778	62
1779	53
1780	46
1781	43
1782	38
1783	38
1784	37
1785	47
1786	48
1787	48
1788	41
1789	31
1790	37
1791	41
1792	32
1793	34
1794	35
1795	38
1796	36
1797	32
1798	34
1799	36
1800	26
1801	34
1802	23
1803	30
1804	38
1805	28
1806	36
1807	28
1808	27
1809	32
1810	29
1811	45
1812	27
1813	23
1814	25
1815	33
1816	33
1817	25
1818	28
1819	27
1820	35
1821	25
1822	23
1823	31
1824	29
1825	25
1826	33
1827	28
1828	28
1829	29
1830	19
1831	20
1832	36
1833	26
1834	19
1835	20
1836	26
1837	22
1838	32
1839	20
1840	28
1841	24
1842	27
1843	26
1844	29
1845	21
1846	35
1847	20
1848	23
1849	26
1850	27
1851	32
1852	24
1853	29
1854	33
1855	25
1856	24
1857	21
1858	34
1859	25
1860	28
1861	25
1862	19
1863	22
1864	31
1865	20
1866	18
1867	30
1868	25
1869	19
1870	36
1871	24
1872	28
1873	26
1874	28
1875	28
1876	23
1877	26
1878	33
1879	14
1880	12
1881	34
1882	28
1883	26
1884	31
1885	25
1886	29
1887	25
1888	24
1889	28
1890	24
1891	31
1892	28
1893	30
1894	26
1895	24
1896	34
1897	28
1898	20
1899	21
1900	25
1901	27
1902	28
1903	30
1904	22
1905	23
1906	27
1907	46
1908	29
1909	21
1910	28
1911	22
1912	39
1913	29
1914	13
1915	31
1916	19
1917	27
1918	31
1919	34
1920	38
1921	24
1922	21
1923	19
1924	33
1925	30
1926	19
1927	21
1928	32
1929	22
1930	18
1931	32
1932	25
1933	27
1934	28
1935	22
1936	24
1937	31
1938	25
1939	18
1940	26
1941	12
1942	21
1943	36
1944	25
1945	37
1946	26
1947	25
1948	21
1949	20
1950	28
1951	23
1952	27
1953	23
1954	23
1955	22
1956	22
1957	26
1958	28
1959	33
1960	20
1961	29
1962	21
1963	27
1964	25
1965	17
1966	22
1967	25
1968	14
1969	21
1970	25
1971	25
1972	16
1973	18
1974	27
1975	23
1976	33
1977	16
1978	28
1979	22
1980	21
1981	29
1982	29
1983	21
1984	26
1985	26
1986	21
1987	20
1988	29
1989	26
1990	23
1991	27
1992	18
1993	18
1994	25
1995	29
1996	23
1997	29
1998	18
1999	21
2000	25
2001	22
2002	21
2003	31
2004	24
2005	20
2006	25
2007	33
2008	34
2009	24
2010	20
2011	34
2012	20
2013	23
2014	27
2015	23
2016	25
2017	23
2018	27
2019	29
2020	17
2021	30
2022	18
2023	37
2024	22
2025	28
2026	23
2027	28
2028	30
2029	28
2030	29
2031	26
2032	27
2033	25
2034	26
2035	18
2036	23
2037	22
2038	21
2039	18
2040	26
2041	21
2042	25
2043	24
2044	27
2045	19
2046	19
2047	28
2048	26
2049	18
2050	16
2051	33
2052	26
2053	29
2054	19
2055	28
2056	29
2057	21
2058	27
2059	21
2060	27
2061	26
2062	18
2063	19
2064	36
2065	19
2066	45
2067	21
2068	26
2069	21
2070	24
2071	25
2072	24
2073	19
2074	24
2075	31
2076	22
2077	22
2078	28
2079	26
2080	20
2081	22
2082	27
2083	22
2084	20
2085	35
2086	28
2087	23
2088	24
2089	28
2090	17
2091	37
2092	18
2093	32
2094	29
2095	33
2096	27
2097	23
2098	24
2099	29
2100	33
2101	26
2102	18
2103	22
2104	18
2105	28
2106	30
2107	20
2108	23
2109	28
2110	22
2111	42
2112	27
2113	18
2114	29
2115	21
2116	32
2117	24
2118	20
2119	20
2120	20
2121	24
2122	20
2123	24
2124	21
2125	28
2126	20
2127	28
2128	25
2129	30
2130	25
2131	17
2132	33
2133	25
2134	24
2135	28
2136	27
2137	22
2138	27
2139	33
2140	18
2141	19
2142	31
2143	23
2144	20
2145	29
2146	38
2147	21
2148	16
2149	19
2150	24
2151	13
2152	26
2153	25
2154	24
2155	22
2156	24
2157	16
2158	35
2159	27
2160	18
2161	18
2162	29
2163	19
2164	19
2165	26
2166	23
2167	23
2168	33
2169	29
2170	22
2171	28
2172	35
2173	25
2174	34
2175	30
2176	30
2177	16
2178	17
2179	21
2180	22
2181	26
2182	21
2183	17
2184	31
2185	23
2186	24
2187	25
2188	27
2189	22
2190	27
2191	15
2192	32
2193	26
2194	22
2195	27
2196	20
2197	22
2198	23
2199	21
2200	21
2201	23
2202	26
2203	18
2204	21
2205	32
2206	25
2207	23
2208	15
2209	24
2210	24
2211	24
2212	24
2213	16
2214	19
2215	32
2216	18
2217	14
2218	26
2219	26
2220	31
2221	21
2222	30
2223	22
2224	23
2225	24
2226	10
2227	22
2228	18
2229	17
2230	23
2231	25
2232	15
2233	24
2234	25
2235	15
2236	25
2237	22
2238	21
2239	18
2240	21
2241	17
2242	19
2243	30
2244	28
2245	29
2246	17
2247	25
2248	20
2249	30
2250	21
2251	24
2252	25
2253	16
2254	27
2255	25
2256	36
2257	30
2258	22
2259	23
2260	24
2261	23
2262	29
2263	29
2264	17
2265	27
2266	25
2267	22
2268	17
2269	30
2270	30
2271	27
2272	21
2273	10
2274	22
2275	23
2276	18
2277	20
2278	25
2279	24
2280	19
2281	22
2282	20
2283	25
2284	34
2285	25
2286	13
2287	20
2288	29
2289	17
2290	30
2291	18
2292	22
2293	28
2294	26
2295	21
2296	19
2297	27
2298	21
2299	21
2300	22
2301	26
2302	26
2303	28
2304	28
2305	26
2306	25
2307	29
2308	20
2309	26
2310	24
2311	18
2312	24
2313	22
2314	21
2315	24
2316	15
2317	20
2318	23
2319	23
2320	26
2321	22
2322	21
2323	18
2324	26
2325	25
2326	15
2327	25
2328	31
2329	17
2330	28
2331	18
2332	20
2333	27
2334	21
2335	24
2336	30
2337	19
2338	22
2339	24
2340	21
2341	26
2342	26
2343	27
2344	23
2345	17
2346	21
2347	19
2348	23
2349	15
2350	27
2351	17
2352	17
2353	19
2354	31
2355	32
2356	15
2357	17
2358	28
2359	14
2360	18
2361	38
2362	22
2363	26
2364	22
2365	27
2366	21
2367	37
2368	18
2369	20
2370	21
2371	28
2372	28
2373	21
2374	20
2375	31
2376	22
2377	21
2378	19
2379	20
2380	26
2381	28
2382	16
2383	20
2384	12
2385	23
2386	31
2387	30
2388	21
2389	23
2390	16
2391	20
2392	23
2393	24
2394	15
2395	26
2396	18
2397	29
2398	24
2399	24
2400	12
2401	28
2402	28
2403	23
2404	21
2405	27
2406	27
2407	21
2408	30
2409	20
2410	25
2411	19
2412	23
2413	18
2414	29
2415	17
2416	25
2417	17
2418	26
2419	22
2420	17
2421	16
2422	16
2423	26
2424	23
2425	19
2426	19
2427	35
2428	23
2429	23
2430	20
2431	24
2432	18
2433	20
2434	20
2435	21
2436	34
2437	19
2438	18
2439	23
2440	22
2441	22
2442	19
2443	17
2444	23
2445	22
2446	31
2447	24
2448	25
2449	24
2450	16
2451	21
2452	33
2453	22
2454	9
2455	27
2456	25
2457	32
2458	24
2459	24
2460	24
2461	26
2462	21
2463	22
2464	21
2465	24
2466	15
2467	23
2468	25
2469	24
2470	28
2471	25
2472	33
2473	24
2474	19
2475	30
2476	22
2477	31
2478	22
2479	27
2480	25
2481	18
2482	33
2483	30
2484	18
2485	20
2486	24
2487	30
2488	25
2489	18
2490	17
2491	16
2492	26
2493	26
2494	25
2495	25
2496	34
2497	20
2498	22
2499	21
2500	16
2501	23
2502	25
2503	27
2504	23
2505	27
2506	27
2507	18
2508	24
2509	19
2510	23
2511	24
2512	29
2513	24
2514	21
2515	24
2516	23
2517	24
2518	19
2519	24
2520	29
2521	21
2522	18
2523	25
2524	29
2525	23
2526	19
2527	19
2528	31
2529	28
2530	18
2531	12
2532	26
2533	28
2534	17
2535	27
2536	23
2537	24
2538	26
2539	25
2540	21
2541	26
2542	30
2543	30
2544	17
2545	27
2546	17
2547	23
2548	21
2549	23
2550	26
2551	21
2552	27
2553	37
2554	18
2555	19
2556	35
2557	21
2558	15
2559	30
2560	29
2561	23
2562	22
2563	24
2564	30
2565	27
2566	20
2567	21
2568	21
2569	26
2570	27
2571	22
2572	31
2573	22
2574	22
2575	17
2576	24
2577	19
2578	26
2579	27
2580	29
2581	18
2582	22
2583	17
2584	22
2585	24
2586	14
2587	22
2588	24
2589	16
2590	17
2591	20
2592	21
2593	15
2594	18
2595	23
2596	26
2597	28
2598	24
2599	22
2600	22
2601	19
2602	18
2603	24
2604	19
2605	23
2606	30
2607	27
2608	23
2609	30
2610	33
2611	19
2612	31
2613	17
2614	29
2615	19
2616	20
2617	20
2618	17
2619	22
2620	21
2621	25
2622	20
2623	18
2624	30
2625	20
2626	34
2627	18
2628	24
2629	27
2630	22
2631	18
2632	16
2633	23
2634	19
2635	29
2636	29
2637	23
2638	25
2639	14
2640	24
2641	26
2642	22
2643	24
2644	19
2645	23
2646	20
2647	18
2648	29
2649	23
2650	30
2651	24
2652	17
2653	21
2654	27
2655	28
2656	31
2657	19
2658	30
2659	28
2660	21
2661	26
2662	20
2663	19
2664	25
2665	31
2666	24
2667	24
2668	17
2669	23
2670	20
2671	21
2672	25
2673	23
2674	24
2675	27
2676	20
2677	25
2678	24
2679	28
2680	18
2681	16
2682	23
2683	19
2684	25
2685	25
2686	30
2687	24
2688	23
2689	31
2690	20
2691	22
2692	20
2693	35
2694	24
2695	30
2696	29
2697	28
2698	22
2699	24
2700	30
2701	19
2702	29
2703	21
2704	29
2705	27
2706	25
2707	31
2708	23
2709	22
2710	27
2711	22
2712	12
2713	32
2714	27
2715	30
2716	20
2717	27
2718	24
2719	26
2720	25
2721	24
2722	31
2723	24
2724	23
2725	24
2726	23
2727	14
2728	17
2729	23
2730	22
2731	20
2732	29
2733	21
2734	17
2735	25
2736	19
2737	15
2738	21
2739	26
2740	13
2741	30
2742	29
2743	22
2744	29
2745	21
2746	15
2747	17
2748	25
2749	20
2750	22
2751	24
2752	24
2753	14
2754	20
2755	25
2756	27
2757	13
2758	24
2759	33
2760	34
2761	20
2762	29
2763	26
2764	24
2765	16
2766	19
2767	16
2768	24
2769	20
2770	21
2771	21
2772	38
2773	17
2774	23
2775	38
2776	34
2777	15
2778	24
2779	23
2780	21
2781	26
2782	23
2783	23
2784	28
2785	22
2786	9
2787	21
2788	21
2789	23
2790	35
2791	29
2792	27
2793	22
2794	14
2795	22
2796	31
2797	28
2798	26
2799	30
2800	33
2801	32
2802	25
2803	28
2804	25
2805	23
2806	25
2807	26
2808	27
2809	24
2810	18
2811	26
2812	20
2813	25
2814	24
2815	34
2816	24
2817	16
2818	25
2819	19
2820	28
2821	27
2822	24
2823	27
2824	18
2825	25
2826	24
2827	18
2828	24
2829	24
2830	21
2831	25
2832	22
2833	20
2834	22
2835	21
2836	23
2837	33
2838	12
2839	30
2840	25
2841	26
2842	21
2843	26
2844	18
2845	22
2846	27
2847	29
2848	38
2849	23
2850	21
2851	31
2852	19
2853	24
2854	32
2855	28
2856	19
2857	21
2858	27
2859	24
2860	22
2861	27
2862	27
2863	25
2864	27
2865	25
2866	23
2867	20
2868	30
2869	23
2870	30
2871	22
2872	24
2873	24
2874	25
2875	24
2876	21
2877	23
2878	20
2879	26
2880	21
2881	31
2882	21
2883	21
2884	24
2885	32
2886	24
2887	29
2888	25
2889	26
2890	27
2891	20
2892	29
2893	20
2894	24
2895	25
2896	29
2897	30
2898	18
2899	18
2900	18
2901	25
2902	21
2903	26
2904	24
2905	18
2906	26
2907	16
2908	32
2909	28
2910	16
2911	19
2912	20
2913	21
2914	32
2915	23
2916	26
2917	19
2918	24
2919	28
2920	23
2921	19
2922	19
2923	32
2924	32
2925	27
2926	21
2927	31
2928	35
2929	20
2930	26
2931	20
2932	24
2933	30
2934	23
2935	21
2936	25
2937	27
2938	19
2939	20
2940	33
2941	22
2942	28
2943	33
2944	33
2945	23
2946	25
2947	24
2948	19
2949	18
2950	36
2951	23
2952	29
2953	26
2954	28
2955	20
2956	41
2957	26
2958	20
2959	27
2960	19
2961	15
2962	16
2963	23
2964	12
2965	21
2966	31
2967	26
2968	18
2969	28
2970	22
2971	24
2972	20
2973	25
2974	24
2975	26
2976	21
2977	32
2978	22
2979	33
2980	24
2981	28
2982	20
2983	22
2984	21
2985	28
2986	21
2987	21
2988	17
2989	33
2990	19
2991	28
2992	21
2993	28
2994	23
2995	26
2996	28
2997	23
2998	22
2999	31
3000	25
3001	19
3002	23
3003	30
3004	24
3005	21
3006	30
3007	23
3008	29
3009	26
3010	19
3011	33
3012	22
3013	17
3014	32
3015	21
3016	25
3017	25
3018	22
3019	17
3020	25
3021	26
3022	23
3023	30
3024	24
3025	23
3026	22
3027	35
3028	25
3029	31
3030	29
3031	30
3032	33
3033	28
3034	28
3035	25
3036	21
3037	30
3038	22
3039	35
3040	20
3041	40
3042	23
3043	23
3044	19
3045	30
3046	22
3047	28
3048	23
3049	24
3050	30
3051	37
3052	22
3053	26
3054	16
3055	26
3056	23
3057	31
3058	18
3059	20
3060	28
3061	24
3062	31
3063	32
3064	23
3065	20
3066	21
3067	14
3068	32
3069	23
3070	23
3071	21
3072	19
3073	26
3074	19
3075	24
3076	26
3077	31
3078	31
3079	27
3080	29
3081	26
3082	18
3083	16
3084	28
3085	31
3086	28
3087	28
3088	26
3089	33
3090	19
3091	24
3092	27
3093	27
3094	30
3095	22
3096	35
3097	28
3098	21
3099	33
3100	26
3101	30
3102	24
3103	23
3104	27
3105	28
3106	20
3107	22
3108	30
3109	27
3110	24
3111	30
3112	24
3113	35
3114	23
3115	21
3116	22
3117	25
3118	28
3119	21
3120	17
3121	27
3122	22
3123	24
3124	30
3125	24
3126	27
3127	23
3128	27
3129	24
3130	28
3131	22
3132	25
3133	34
3134	22
3135	26
3136	29
3137	31
3138	25
3139	27
3140	13
3141	22
3142	25
3143	26
3144	21
3145	26
3146	30
3147	29
3148	23
3149	29
3150	28
3151	28
3152	19
3153	32
3154	23
3155	29
3156	26
3157	18
3158	28
3159	28
3160	23
3161	25
3162	22
3163	20
3164	15
3165	18
3166	21
3167	24
3168	20
3169	23
3170	28
3171	26
3172	29
3173	28
3174	34
3175	25
3176	21
3177	25
3178	24
3179	20
3180	22
3181	33
3182	19
3183	25
3184	22
3185	28
3186	21
3187	24
3188	28
3189	27
3190	23
3191	21
3192	21
3193	20
3194	19
3195	20
3196	24
3197	21
3198	27
3199	21
3200	17
3201	24
3202	18
3203	18
3204	23
3205	22
3206	26
3207	28
3208	26
3209	20
3210	22
3211	20
3212	31
3213	24
3214	11
3215	29
3216	15
3217	22
3218	18
3219	19
3220	19
3221	22
3222	21
3223	14
3224	11
3225	24
3226	19
3227	13
3228	13
3229	16
3230	21
3231	21
3232	15
3233	20
3234	14
3235	20
3236	19
3237	16
3238	17
3239	27
3240	11
3241	26
3242	16
3243	17
3244	15
3245	20
3246	18
3247	18
3248	17
3249	20
3250	14
3251	20
3252	11
3253	15
3254	16
3255	16
3256	20
3257	18
3258	15
3259	24
3260	19
3261	9
3262	16
3263	20
3264	16
3265	24
3266	14
3267	20
3268	20
3269	16
3270	13
3271	16
3272	16
3273	11
3274	14
3275	18
3276	13
3277	17
3278	8
3279	10
3280	11
3281	18
3282	18
3283	16
3284	14
3285	13
3286	10
3287	15
3288	17
3289	11
3290	18
3291	13
3292	14
3293	19
3294	18
3295	13
3296	24
3297	10
3298	26
3299	19
3300	12
3301	15
3302	12
3303	16
3304	10
3305	21
3306	22
3307	8
3308	15
3309	21
3310	15
3311	16
3312	16
3313	15
3314	8
3315	12
3316	17
3317	16
3318	16
3319	15
3320	14
3321	14
3322	11
3323	14
3324	22
3325	17
3326	10
3327	9
3328	17
3329	11
3330	15
3331	11
3332	9
3333	15
3334	12
3335	16
3336	7
3337	7
3338	11
3339	13
3340	5
3341	10
3342	17
3343	14
3344	12
3345	16
3346	10
3347	11
3348	9
3349	10
3350	10
3351	11
3352	12
3353	10
3354	10
3355	5
3356	11
3357	11
3358	6
3359	13
3360	15
3361	13
3362	11
3363	6
3364	15
3365	11
3366	10
3367	13
3368	12
3369	14
3370	8
3371	14
3372	9
3373	14
3374	10
3375	11
3376	12
3377	12
3378	17
3379	8
3380	10
3381	11
3382	16
3383	8
3384	13
3385	10
3386	12
3387	11
3388	9
3389	7
3390	8
3391	9
3392	16
3393	12
3394	10
3395	14
3396	7
3397	9
3398	8
3399	9
3400	9
3401	9
3402	11
3403	8
3404	9
3405	10
3406	11
3407	14
3408	7
3409	8
3410	9
3411	7
3412	7
3413	7
3414	5
3415	4
3416	9
3417	9
3418	10
3419	6
3420	9
3421	11
3422	15
3423	13
3424	11
3425	12
3426	8
3427	8
3428	11
3429	7
3430	9
3431	7
3432	8
3433	7
3434	10
3435	5
3436	15
3437	6
3438	8
3439	5
3440	9
3441	6
3442	8
3443	4
3444	6
3445	13
3446	10
3447	9
3448	10
3449	7
3450	7
3451	7
3452	6
3453	4
3454	3
3455	11
3456	8
3457	7
3458	8
3459	8
3460	6
3461	8
3462	5
3463	6
3464	12
3465	7
3466	3
3467	10
3468	9
3469	10
3470	10
3471	9
3472	5
3473	8
3474	8
3475	8
3476	6
3477	5
3478	9
3479	9
3480	6
3481	2
3482	9
3483	10
3484	5
3485	4
3486	3
3487	8
3488	12
3489	9
3490	5
3491	13
3492	4
3493	6
3494	8
3495	8
3496	6
3497	5
3498	10
3499	4
3500	5
3501	7
3502	6
3503	5
3504	7
3505	7
3506	6
3507	11
3508	8
3509	5
3510	8
3511	6
3512	6
3513	7
3514	9
3515	6
3516	9
3517	5
3518	5
3519	6
3520	10
3521	5
3522	10
3523	11
3524	6
3525	12
3526	8
3527	3
3528	7
3529	0
3530	6
3531	5
3532	4
3533	4
3534	12
3535	3
3536	8
3537	6
3538	4
3539	5
3540	6
3541	4
3542	7
3543	4
3544	6
3545	2
3546	11
3547	8
3548	6
3549	6
3550	5
3551	3
3552	10
3553	8
3554	7
3555	6
3556	4
3557	8
3558	6
3559	6
3560	7
3561	4
3562	4
3563	9
3564	4
3565	11
3566	4
3567	2
3568	7
3569	11
3570	8
3571	5
3572	1
3573	7
3574	3
3575	9
3576	7
3577	4
3578	7
3579	6
3580	4
3581	8
3582	4
3583	2
3584	5
3585	1
3586	5
3587	5
3588	6
3589	8
3590	9
3591	5
3592	4
3593	5
3594	3
3595	7
3596	2
3597	7
3598	3
3599	4
3600	9
3601	1
3602	3
3603	4
3604	8
3605	8
3606	6
3607	6
3608	6
3609	5
3610	6
3611	6
3612	9
3613	9
3614	5
3615	12
3616	1
3617	3
3618	5
3619	3
3620	2
3621	3
3622	7
3623	4
3624	5
3625	3
3626	5
3627	7
3628	4
3629	12
3630	4
3631	6
3632	8
3633	3
3634	3
3635	3
3636	3
3637	3
3638	3
3639	7
3640	6
3641	5
3642	3
3643	9
3644	4
3645	7
3646	2
3647	9
3648	5
3649	8
3650	5
3651	4
3652	7
3653	3
3654	2
3655	3
3656	8
3657	4
3658	6
3659	3
3660	8
3661	4
3662	8
3663	5
3664	10
3665	13
3666	6
3667	9
3668	7
3669	9
3670	1
3671	8
3672	4
3673	8
3674	6
3675	8
3676	8
3677	10
3678	4
3679	7
3680	5
3681	10
3682	4
3683	3
3684	4
3685	7
3686	7
3687	6
3688	5
3689	6
3690	6
3691	7
3692	9
3693	10
3694	3
3695	9
3696	3
3697	9
3698	6
3699	8
3700	7
3701	4
3702	9
3703	6
3704	4
3705	14
3706	6
3707	11
3708	10
3709	4
3710	16
3711	4
3712	13
3713	9
3714	9
3715	7
3716	4
3717	10
3718	7
3719	11
3720	11
3721	13
3722	9
3723	7
3724	6
3725	7
3726	8
3727	5
3728	13
3729	3
3730	5
3731	10
3732	8
3733	12
3734	14
3735	7
3736	5
3737	11
3738	14
3739	13
3740	13
3741	14
3742	6
3743	10
3744	8
3745	10
3746	17
3747	9
3748	9
3749	12
3750	8
3751	15
3752	9
3753	14
3754	7
3755	16
3756	12
3757	15
3758	14
3759	8
3760	12
3761	12
3762	11
3763	16
3764	12
3765	18
3766	21
3767	14
3768	14
3769	17
3770	15
3771	10
3772	15
3773	16
3774	21
3775	17
3776	15
3777	20
3778	15
3779	19
3780	20
3781	16
3782	18
3783	16
3784	13
3785	18
3786	10
3787	16
3788	17
3789	17
3790	28
3791	21
3792	24
3793	21
3794	26
3795	22
3796	25
3797	19
3798	31
3799	18
3800	16
3801	31
3802	26
3803	31
3804	23
3805	23
3806	20
3807	36
3808	18
3809	23
3810	25
3811	31
3812	33
3813	19
3814	34
3815	24
3816	31
3817	30
3818	32
3819	25
3820	30
3821	28
3822	29
3823	27
3824	39
3825	52
3826	34
3827	30
3828	22
3829	24
3830	33
3831	39
3832	39
3833	38
3834	30
3835	45
3836	31
3837	36
3838	32
3839	35
3840	50
3841	45
3842	33
3843	32
3844	38
3845	37
3846	42
3847	48
3848	43
3849	39
3850	50
3851	50
3852	44
3853	36
3854	52
3855	40
3856	55
3857	55
3858	55
3859	42
3860	50
3861	49
3862	54
3863	50
3864	46
3865	49
3866	60
3867	69
3868	41
3869	52
3870	59
3871	62
3872	55
3873	63
3874	68
3875	56
3876	53
3877	69
3878	58
3879	51
3880	54
3881	56
3882	62
3883	50
3884	53
3885	70
3886	64
3887	66
3888	67
3889	68
3890	76
3891	57
3892	67
3893	66
3894	64
3895	51
3896	73
3897	64
3898	54
3899	63
3900	66
3901	71
3902	53
3903	73
3904	73
3905	72
3906	87
3907	63
3908	66
3909	88
3910	76
3911	79
3912	79
3913	88
3914	74
3915	96
3916	81
3917	81
3918	88
3919	92
3920	91
3921	61
3922	91
3923	91
3924	80
3925	90
3926	93
3927	92
3928	87
3929	95
3930	79
3931	75
3932	71
3933	73
3934	107
3935	95
3936	93
3937	83
3938	98
3939	81
3940	75
3941	99
3942	96
3943	103
3944	98
3945	91
3946	104
3947	106
3948	101
3949	73
3950	85
3951	85
3952	77
3953	114
3954	115
3955	94
3956	99
3957	95
3958	98
3959	97
3960	99
3961	86
3962	94
3963	84
3964	77
3965	96
3966	107
3967	91
3968	105
3969	105
3970	112
3971	100
3972	105
3973	113
3974	123
3975	95
3976	98
3977	101
3978	100
3979	103
3980	100
3981	91
3982	106
3983	96
3984	105
3985	107
3986	99
3987	94
3988	97
3989	103
3990	93
3991	99
3992	87
3993	97
3994	104
3995	113
3996	89
3997	93
3998	97
3999	89
4000	93
4001	97
4002	97
4003	116
4004	89
4005	91
4006	100
4007	85
4008	100
4009	114
4010	75
4011	112
4012	92
4013	93
4014	107
4015	85
4016	99
4017	77
4018	78
4019	89
4020	85
4021	102
4022	90
4023	87
4024	90
4025	104
4026	82
4027	86
4028	92
4029	92
4030	85
4031	87
4032	102
4033	94
4034	88
4035	90
4036	87
4037	96
4038	98
4039	72
4040	61
4041	106
4042	75
4043	70
4044	76
4045	77
4046	87
4047	84
4048	96
4049	75
4050	85
4051	89
4052	77
4053	66
4054	76
4055	89
4056	73
4057	82
4058	62
4059	88
4060	85
4061	73
4062	70
4063	71
4064	74
4065	74
4066	60
4067	71
4068	60
4069	52
4070	79
4071	58
4072	54
4073	64
4074	60
4075	69
4076	58
4077	83
4078	53
4079	71
4080	52
4081	57
4082	59
4083	58
4084	64
4085	47
4086	53
4087	59
4088	56
4089	53
4090	51
4091	48
4092	67
4093	48
4094	57
4095	63
4096	50
4097	56
4098	56
4099	46
4100	52
4101	39
4102	55
4103	36
4104	47
4105	45
4106	48
4107	47
4108	42
4109	42
4110	44
4111	43
4112	42
4113	46
4114	39
4115	54
4116	39
4117	39
4118	30
4119	53
4120	48
4121	42
4122	39
4123	49
4124	39
4125	33
4126	27
4127	42
4128	41
4129	34
4130	33
4131	32
4132	29
4133	38
4134	29
4135	35
4136	25
4137	36
4138	31
4139	34
4140	32
4141	33
4142	32
4143	34
4144	33
4145	28
4146	34
4147	19
4148	24
4149	33
4150	26
4151	26
4152	34
4153	28
4154	29
4155	25
4156	27
4157	20
4158	20
4159	18
4160	29
4161	17
4162	23
4163	22
4164	22
4165	18
4166	23
4167	20
4168	18
4169	20
4170	23
4171	23
4172	24
4173	16
4174	10
4175	15
4176	17
4177	18
4178	13
4179	10
4180	11
4181	14
4182	20
4183	15
4184	15
4185	12
4186	14
4187	19
4188	21
4189	10
4190	13
4191	12
4192	8
4193	10
4194	10
4195	15
4196	8
4197	22
4198	9
4199	10
4200	6
4201	8
4202	8
4203	9
4204	11
4205	7
4206	6
4207	6
4208	18
4209	7
4210	5
4211	7
4212	9
4213	10
4214	4
4215	4
4216	7
4217	1
4218	11
4219	9
4220	13
4221	7
4222	8
4223	6
4224	9
4225	8
4226	6
4227	11
4228	8
4229	8
4230	3
4231	5
4232	8
4233	7
4234	3
4235	6
4236	8
4237	7
4238	3
4239	7
4240	4
4241	5
4242	11
4243	9
4244	4
4245	7
4246	4
4247	7
4248	6
4249	6
4250	5
4251	3
4252	5
4253	3
4254	3
4255	3
4256	5
4257	3
4258	3
4259	1
4260	2
4261	4
4262	1
4263	1
4264	3
4265	3
4266	5
4267	1
4268	3
4269	0
4270	5
4271	6
4272	3
4273	6
4274	5
4275	2
4276	4
4277	2
4278	2
4279	3
4280	4
4281	3
4282	4
4283	6
4284	5
4285	3
4286	0
4287	3
4288	2
4289	3
4290	1
4291	2
4292	1
4293	4
4294	2
4295	3
4296	1
4297	2
4298	1
4299	1
4300	0
4301	3
4302	5
4303	0
4304	2
4305	1
4306	3
4307	3
4308	0
4309	2
4310	3
4311	3
4312	5
4313	5
4314	3
4315	4
4316	3
4317	1
4318	1
4319	1
4320	1
4321	0
4322	2
4323	1
4324	3
4325	1
4326	1
4327	2
4328	3
4329	1
4330	4
4331	1
4332	0
4333	1
4334	3
4335	0
4336	0
4337	0
4338	0
4339	0
4340	0
4341	3
4342	1
4343	0
4344	3
4345	2
4346	0
4347	2
4348	3
4349	3
4350	0
4351	4
4352	0
4353	0
4354	1
4355	3
4356	4
4357	4
4358	3
4359	0
4360	3
4361	0
4362	0
4363	1
4364	3
4365	2
4366	0
4367	0
4368	3
4369	2
4370	1
4371	2
4372	3
4373	1
4374	2
4375	0
4376	1
4377	4
4378	2
4379	2
4380	1
4381	0
4382	6
4383	1
4384	0
4385	2
4386	2
4387	2
4388	2
4389	2
4390	4
4391	0
4392	1
4393	2
4394	1
4395	0
4396	0
4397	1
4398	3
4399	1
4400	1
4401	1
4402	4
4403	1
4404	0
4405	0
4406	1
4407	4
4408	2
4409	0
4410	4
4411	3
4412	3
4413	2
4414	1
4415	2
4416	2
4417	0
4418	1
4419	1
4420	1
4421	4
4422	1
4423	1
4424	1
4425	4
4426	0
4427	2
4428	1
4429	2
4430	2
4431	4
4432	4
4433	4
4434	6
4435	4
4436	4
4437	2
4438	3
4439	2
4440	3
4441	2
4442	0
4443	4
4444	1
4445	1
4446	4
4447	2
4448	4
4449	4
4450	6
4451	2
4452	1
4453	2
4454	1
4455	1
4456	4
4457	2
4458	1
4459	1
4460	2
4461	3
4462	1
4463	3
4464	0
4465	2
4466	5
4467	0
4468	3
4469	1
4470	1
4471	2
4472	1
4473	7
4474	5
4475	1
4476	3
4477	3
4478	1
4479	1
4480	3
4481	1
4482	1
4483	3
4484	5
4485	2
4486	6
4487	2
4488	3
4489	2
4490	5
4491	4
4492	3
4493	3
4494	3
4495	2
4496	6
4497	5
4498	0
4499	3
4500	3
4501	1
4502	0
4503	2
4504	2
4505	4
4506	4
4507	5
4508	3
4509	4
4510	0
4511	1
4512	1
4513	3
4514	1
4515	1
4516	5
4517	7
4518	2
4519	3
4520	1
4521	3
4522	5
4523	0
4524	2
4525	7
4526	2
4527	5
4528	0
4529	3
4530	3
4531	2
4532	3
4533	3
4534	5
4535	8
4536	7
4537	0
4538	6
4539	2
4540	1
4541	6
4542	2
4543	4
4544	6
4545	2
4546	6
4547	7
4548	2
4549	2
4550	4
4551	7
4552	4
4553	1
4554	1
4555	1
4556	1
4557	2
4558	1
4559	4
4560	8
4561	1
4562	3
4563	2
4564	4
4565	2
4566	0
4567	0
4568	1
4569	3
4570	2
4571	1
4572	2
4573	4
4574	4
4575	0
4576	3
4577	2
4578	2
4579	1
4580	0
4581	1
4582	1
4583	4
4584	1
4585	0
4586	1
4587	0
4588	5
4589	0
4590	3
4591	3
4592	3
4593	3
4594	5
4595	3
4596	1
4597	3
4598	3
4599	5
4600	5
4601	1
4602	1
4603	2
4604	3
4605	3
4606	2
4607	4
4608	3
4609	2
4610	1
4611	3
4612	4
4613	2
4614	2
4615	1
4616	3
4617	1
4618	3
4619	1
4620	1
4621	2
4622	1
4623	3
4624	1
4625	2
4626	2
4627	4
4628	2
4629	3
4630	2
4631	2
4632	3
4633	4
4634	1
4635	3
4636	2
4637	2
4638	0
4639	2
4640	0
4641	4
4642	3
4643	1
4644	4
4645	0
4646	2
4647	1
4648	3
4649	3
4650	1
4651	3
4652	2
4653	1
4654	4
4655	0
4656	2
4657	0
4658	5
4659	2
4660	1
4661	0
4662	2
4663	2
4664	3
4665	2
4666	1
4667	3
4668	1
4669	2
4670	3
4671	0
4672	4
4673	2
4674	1
4675	1
4676	3
4677	2
4678	2
4679	2
4680	3
4681	2
4682	2
4683	2
4684	0
4685	1
4686	1
4687	1
4688	1
4689	1
4690	0
4691	2
4692	4
4693	3
4694	1
4695	1
4696	1
4697	0
4698	0
4699	1
4700	1
4701	0
4702	1
4703	0
4704	1
4705	2
4706	1
4707	0
4708	3
4709	4
4710	3
4711	4
4712	1
4713	1
4714	3
4715	6
4716	3
4717	1
4718	3
4719	3
4720	1
4721	3
4722	2
4723	1
4724	0
4725	0
4726	3
4727	1
4728	3
4729	0
4730	0
4731	2
4732	1
4733	0
4734	0
4735	0
4736	1
4737	0
4738	1
4739	1
4740	0
4741	0
4742	1
4743	0
4744	2
4745	3
4746	0
4747	1
4748	0
4749	1
4750	1
4751	1
4752	1
4753	0
4754	1
4755	2
4756	3
4757	2
4758	1
4759	1
4760	1
4761	0
4762	0
4763	0
4764	0
4765	1
4766	2
4767	1
4768	2
4769	0
4770	0
4771	1
4772	0
4773	1
4774	1
4775	2
4776	3
4777	0
4778	0
4779	1
4780	0
4781	1
4782	0
4783	1
4784	0
4785	1
4786	1
4787	1
4788	1
4789	1
4790	2
4791	0
4792	2
4793	0
4794	1
4795	1
4796	0
4797	2
4798	0
4799	0
4800	0
4801	0
4802	0
4803	2
4804	1
4805	1
4806	1
4807	3
4808	3
4809	0
4810	0
4811	0
4812	0
4813	1
4814	0
4815	1
4816	2
4817	0
4818	3
4819	3
4820	1
4821	3
4822	1
4823	0
4824	1
4825	2
4826	2
4827	1
4828	0
4829	1
4830	1
4831	2
4832	1
4833	2
4834	1
4835	0
4836	0
4837	0
4838	0
4839	0
4840	0
4841	0
4842	1
4843	0
4844	2
4845	1
4846	0
4847	1
4848	0
4849	0
4850	0
4851	3
4852	2
4853	2
4854	0
4855	0
4856	1
4857	0
4858	0
4859	2
4860	1
4861	1
4862	2
4863	1
4864	1
4865	1
4866	1
4867	0
4868	0
4869	1
4870	0
4871	1
4872	0
4873	1
4874	0
4875	2
4876	1
4877	1
4878	0
4879	1
4880	0
4881	1
4882	1
4883	1
4884	0
4885	0
4886	1
4887	0
4888	3
4889	1
4890	1
4891	0
4892	0
4893	2
4894	3
4895	1
4896	3
4897	3
4898	0
4899	0
4900	0
4901	0
4902	0
4903	0
4904	0
4905	1
4906	2
4907	0
4908	2
4909	0
4910	0
4911	0
4912	0
4913	1
4914	1
4915	1
4916	0
4917	0
4918	1
4919	1
4920	0
4921	1
4922	0
4923	1
4924	0
4925	1
4926	2
4927	0
4928	1
4929	0
4930	0
4931	0
4932	0
4933	1
4934	1
4935	0
4936	0
4937	0
4938	0
4939	1
4940	0
4941	0
4942	0
4943	0
4944	2
4945	0
4946	0
4947	0
4948	0
4949	1
4950	3
4951	1
4952	2
4953	0
4954	0
4955	0
4956	0
4957	0
4958	0
4959	1
4960	2
4961	0
4962	0
4963	1
4964	0
4965	0
4966	0
4967	0
4968	0
4969	2
4970	0
4971	0
4972	1
4973	0
4974	4
4975	0
4976	0
4977	0
4978	0
4979	0
4980	0
4981	0
4982	1
4983	0
4984	2
4985	3
4986	1
4987	1
4988	0
4989	0
4990	0
4991	1
4992	1
4993	1
4994	1
4995	0
4996	0
4997	0
4998	0
4999	0
5000	1
5001	2
5002	0
5003	0
5004	0
5005	1
5006	0
5007	1
5008	2
5009	0
5010	3
5011	0
5012	0
5013	0
5014	2
5015	0
5016	1
5017	0
5018	0
5019	2
5020	0
5021	1
5022	0
5023	0
5024	2
5025	1
5026	0
5027	0
5028	3
5029	0
5030	1
5031	1
5032	0
5033	2
5034	1
5035	1
5036	0
5037	0
5038	1
5039	2
5040	2
5041	2
5042	0
5043	0
5044	0
5045	2
5046	0
5047	0
5048	0
5049	0
5050	1
5051	1
5052	0
5053	0
5054	1
5055	2
5056	1
5057	1
5058	0
5059	0
5060	1
5061	2
5062	3
5063	1
5064	1
5065	1
5066	0
5067	0
5068	0
5069	0
5070	1
5071	0
5072	2
5073	0
5074	0
5075	1
5076	0
5077	0
5078	1
5079	0
5080	3
5081	1
5082	0
5083	0
5084	0
5085	1
5086	0
5087	0
5088	1
5089	0
5090	0
5091	0
5092	0
5093	1
5094	0
5095	1
5096	0
5097	1
5098	2
5099	0
5100	0
5101	1
5102	1
5103	0
5104	0
5105	2
5106	0
5107	0
5108	0
5109	1
5110	1
5111	0
5112	1
5113	0
5114	0
5115	2
5116	0
5117	0
5118	1
5119	0
5120	2
5121	1
5122	0
5123	0
5124	1
5125	2
5126	0
5127	0
5128	0
5129	2
5130	0
5131	1
5132	0
5133	0
5134	0
5135	1
5136	1
5137	0
5138	1
5139	0
5140	2
5141	1
5142	0
5143	1
5144	1
5145	0
5146	0
5147	0
5148	1
5149	0
5150	1
5151	0
5152	0
5153	0
5154	0
5155	1
5156	1
5157	1
5158	0
5159	1
5160	0
5161	0
5162	0
5163	1
5164	1
5165	0
5166	1
5167	0
5168	0
5169	0
5170	0
5171	0
5172	0
5173	0
5174	1
5175	0
5176	1
5177	1
5178	2
5179	0
5180	0
5181	0
5182	1
5183	0
5184	0
5185	0
5186	1
5187	1
5188	0
5189	0
5190	0
5191	0
5192	0
5193	2
5194	0
5195	0
5196	0
5197	0
5198	0
5199	1
5200	0
5201	1
5202	1
5203	0
5204	0
5205	0
5206	0
5207	0
5208	2
5209	1
5210	1
5211	0
5212	0
5213	0
5214	1
5215	0
5216	0
5217	1
5218	1
5219	1
5220	0
5221	2
5222	0
5223	2
5224	0
5225	2
5226	0
5227	0
5228	0
5229	2
5230	0
5231	0
5232	0
5233	0
5234	1
5235	0
5236	1
5237	0
5238	0
5239	0
5240	0
5241	0
5242	0
5243	1
5244	0
5245	1
5246	0
5247	0
5248	0
5249	0
5250	0
5251	1
5252	1
5253	0
5254	0
5255	1
5256	2
5257	2
5258	2
5259	1
5260	0
5261	0
5262	0
5263	0
5264	0
5265	0
5266	0
5267	0
5268	1
5269	0
5270	0
5271	0
5272	0
5273	1
5274	4
5275	0
5276	1
5277	1
5278	1
5279	0
5280	0
5281	0
5282	0
5283	0
5284	0
5285	2
5286	0
5287	2
5288	1
5289	1
5290	0
5291	0
5292	0
5293	0
5294	0
5295	1
5296	0
5297	0
5298	0
5299	1
5300	1
5301	1
5302	1
5303	0
5304	1
5305	0
5306	0
5307	3
5308	0
5309	3
5310	0
5311	0
5312	2
5313	0
5314	0
5315	0
5316	1
5317	0
5318	0
5319	0
5320	1
5321	0
5322	1
5323	3
5324	0
5325	0
5326	0
5327	1
5328	1
5329	0
5330	0
5331	0
5332	0
5333	1
5334	2
5335	2
5336	0
5337	0
5338	0
5339	0
5340	0
5341	0
5342	3
5343	0
5344	0
5345	0
5346	0
5347	1
5348	2
5349	1
5350	0
5351	1
5352	1
5353	1
5354	0
5355	0
5356	0
5357	0
5358	1
5359	0
5360	0
5361	1
5362	0
5363	1
5364	1
5365	0
5366	0
5367	1
5368	1
5369	0
5370	2
5371	1
5372	0
5373	0
5374	1
5375	0
5376	2
5377	0
5378	0
5379	3
5380	0
5381	1
5382	0
5383	1
5384	0
5385	0
5386	0
5387	0
5388	0
5389	1
5390	0
5391	0
5392	0
5393	0
5394	1
5395	4
5396	0
5397	0
5398	0
5399	2
5400	0
5401	0
5402	1
5403	1
5404	0
5405	0
5406	0
5407	3
5408	0
5409	0
5410	0
5411	1
5412	1
5413	2
5414	2
5415	0
5416	3
5417	0
5418	0
5419	0
5420	2
5421	1
5422	2
5423	0
5424	0
5425	1
5426	3
5427	1
5428	0
5429	1
5430	1
5431	1
5432	2
5433	1
5434	0
5435	0
5436	0
5437	2
5438	0
5439	0
5440	1
5441	0
5442	1
5443	1
5444	0
5445	0
5446	1
5447	2
5448	4
5449	0
5450	0
5451	0
5452	0
5453	0
5454	0
5455	1
5456	0
5457	0
5458	0
5459	0
5460	0
5461	0
5462	0
5463	0
5464	0
5465	1
5466	2
5467	1
5468	1
5469	3
5470	2
5471	0
5472	0
5473	1
5474	0
5475	0
5476	1
5477	0
5478	0
5479	0
5480	0
5481	1
5482	3
5483	2
5484	0
5485	1
5486	1
5487	1
5488	1
5489	0
5490	0
5491	2
5492	0
5493	0
5494	1
5495	0
5496	1
5497	0
5498	0
5499	0
5500	0
5501	0
5502	0
5503	0
5504	0
5505	3
5506	1
5507	2
5508	0
5509	1
5510	0
5511	1
5512	1
5513	1
5514	1
5515	0
5516	1
5517	1
5518	0
5519	2
5520	2
5521	1
5522	1
5523	3
5524	2
5525	0
5526	0
5527	0
5528	1
5529	1
5530	0
5531	0
5532	1
5533	0
5534	0
5535	0
5536	1
5537	1
5538	1
5539	1
5540	2
5541	2
5542	0
5543	1
5544	1
5545	1
5546	1
5547	0
5548	1
5549	0
5550	0
5551	0
5552	2
5553	0
5554	0
5555	0
5556	0
5557	0
5558	2
5559	0
5560	1
5561	0
5562	3
5563	0
5564	0
5565	2
5566	1
5567	1
5568	1
5569	0
5570	3
5571	2
5572	0
5573	0
5574	0
5575	2
5576	2
5577	0
5578	0
5579	2
5580	0
5581	1
5582	0
5583	1
5584	3
5585	1
5586	1
5587	2
5588	0
5589	1
5590	0
5591	2
5592	2
5593	1
5594	0
5595	1
5596	2
5597	0
5598	3
5599	1
5600	0
5601	0
5602	1
5603	3
5604	0
5605	1
5606	2
5607	3
5608	0
5609	1
5610	0
5611	2
5612	1
5613	1
5614	1
5615	0
5616	0
5617	3
5618	0
5619	1
5620	0
5621	0
5622	1
5623	1
5624	1
5625	1
5626	0
5627	1
5628	0
5629	1
5630	1
5631	1
5632	1
5633	0
5634	0
5635	1
5636	1
5637	0
5638	3
5639	1
5640	0
5641	1
5642	3
5643	1
5644	0
5645	0
5646	0
5647	1
5648	0
5649	3
5650	0
5651	2
5652	1
5653	1
5654	0
5655	0
5656	1
5657	3
5658	0
5659	2
5660	2
5661	0
5662	0
5663	0
5664	0
5665	4
5666	1
5667	1
5668	2
5669	0
5670	1
5671	0
5672	0
5673	0
5674	0
5675	3
5676	0
5677	1
5678	0
5679	0
5680	2
5681	1
5682	1
5683	1
5684	0
5685	1
5686	2
5687	2
5688	0
5689	1
5690	1
5691	0
5692	3
5693	1
5694	0
5695	0
5696	0
5697	0
5698	1
5699	1
5700	1
5701	4
5702	0
5703	0
5704	0
5705	0
5706	2
5707	0
5708	0
5709	0
5710	2
5711	1
5712	1
5713	0
5714	0
5715	0
5716	1
5717	1
5718	3
5719	2
5720	1
5721	1
5722	1
5723	1
5724	0
5725	2
5726	1
5727	0
5728	0
5729	0
5730	0
5731	2
5732	0
5733	1
5734	2
5735	0
5736	1
5737	2
5738	0
5739	0
5740	0
5741	0
5742	2
5743	0
5744	2
5745	1
5746	0
5747	1
5748	0
5749	1
5750	1
5751	0
5752	3
5753	1
5754	1
5755	3
5756	1
5757	1
5758	0
5759	0
5760	0
5761	2
5762	2
5763	1
5764	0
5765	0
5766	0
5767	0
5768	2
5769	1
5770	2
5771	0
5772	1
5773	0
5774	0
5775	2
5776	1
5777	1
5778	1
5779	0
5780	0
5781	0
5782	1
5783	1
5784	1
5785	1
5786	2
5787	0
5788	0
5789	1
5790	1
5791	1
5792	1
5793	1
5794	0
5795	0
5796	0
5797	1
5798	1
5799	0
5800	0
5801	0
5802	0
5803	0
5804	0
5805	2
5806	0
5807	0
5808	0
5809	0
5810	0
5811	1
5812	0
5813	0
5814	2
5815	0
5816	0
5817	1
5818	0
5819	1
5820	1
5821	0
5822	0
5823	1
5824	1
5825	1
5826	0
5827	0
5828	1
5829	0
5830	0
5831	1
5832	0
5833	0
5834	2
5835	0
5836	0
5837	1
5838	1
5839	0
5840	0
5841	0
5842	0
5843	0
5844	2
5845	1
5846	1
5847	0
5848	1
5849	1
5850	1
5851	0
5852	2
5853	0
5854	0
5855	0
5856	0
5857	0
5858	1
5859	1
5860	1
5861	0
5862	0
5863	0
5864	3
5865	0
5866	0
5867	1
5868	1
5869	0
5870	0
5871	1
5872	0
5873	0
5874	0
5875	0
5876	0
5877	0
5878	0
5879	0
5880	0
5881	0
5882	0
5883	0
5884	0
5885	1
5886	0
5887	0
5888	1
5889	0
5890	0
5891	0
5892	0
5893	2
5894	0
5895	0
5896	0
5897	1
5898	2
5899	0
5900	0
5901	2
5902	0
5903	0
5904	0
5905	0
5906	1
5907	0
5908	0
5909	1
5910	0
5911	0
5912	0
5913	0
5914	0
5915	0
5916	0
5917	0
5918	2
5919	0
5920	1
5921	1
5922	0
5923	1
5924	0
5925	0
5926	0
5927	0
5928	0
5929	0
5930	0
5931	0
5932	0
5933	0
5934	1
5935	0
5936	0
5937	0
5938	0
5939	0
5940	1
5941	0
5942	0
5943	0
5944	0
5945	1
5946	1
5947	0
5948	0
5949	1
5950	0
5951	1
5952	1
5953	0
5954	0
5955	0
5956	0
5957	0
5958	0
5959	1
5960	0
5961	1
5962	0
5963	0
5964	0
5965	0
5966	0
5967	0
5968	0
5969	0
5970	0
5971	0
5972	0
5973	0
5974	0
5975	0
5976	0
5977	0
5978	0
5979	0
5980	0
5981	0
5982	0
5983	0
5984	0
5985	0
5986	0
5987	0
5988	0
5989	0
5990	0
5991	0
5992	0
5993	0
5994	0
5995	1
5996	0
5997	1
5998	0
5999	0
6000	1
6001	1
6002	0
6003	1
6004	1
6005	1
6006	0
6007	0
6008	0
6009	0
6010	0
6011	0
6012	0
6013	0
6014	0
6015	0
6016	0
6017	1
6018	0
6019	1
6020	0
6021	0
6022	0
6023	0
6024	0
6025	0
6026	1
6027	0
6028	1
6029	0
6030	0
6031	0
6032	1
6033	0
6034	0
6035	0
6036	2
6037	0
6038	0
6039	0
6040	0
6041	0
6042	0
6043	0
6044	1
6045	0
6046	0
6047	0
6048	1
6049	2
6050	0
6051	0
6052	0
6053	0
6054	0
6055	0
6056	0
6057	0
6058	0
6059	0
6060	0
6061	0
6062	0
6063	0
6064	1
6065	0
6066	0
6067	0
6068	0
6069	0
6070	0
6071	0
6072	1
6073	0
6074	0
6075	0
6076	0
6077	0
6078	0
6079	0
6080	0
6081	0
6082	0
6083	0
6084	0
6085	0
6086	0
6087	0
6088	1
6089	1
6090	0
6091	0
6092	1
6093	0
6094	0
6095	0
6096	0
6097	0
6098	0
6099	0
6100	0
6101	0
6102	0
6103	0
6104	1
6105	1
6106	0
6107	0
6108	1
6109	0
6110	0
6111	0
6112	0
6113	0
6114	0
6115	0
6116	0
6117	0
6118	0
6119	0
6120	1
6121	0
6122	0
6123	0
6124	0
6125	0
6126	0
6127	0
6128	0
6129	0
6130	0
6131	0
6132	0
6133	0
6134	1
6135	0
6136	0
6137	0
6138	1
6139	0
6140	0
6141	0
6142	0
6143	1
6144	0
6145	1
6146	0
6147	0
6148	0
6149	1
6150	0
6151	0
6152	0
6153	0
6154	0
6155	0
6156	0
6157	0
6158	0
6159	0
6160	0
6161	1
6162	0
6163	0
6164	0
6165	0
6166	0
6167	2
6168	0
6169	0
6170	0
6171	0
6172	0
6173	0
6174	0
6175	0
6176	0
6177	0
6178	0
6179	0
6180	1
6181	0
6182	0
6183	0
6184	0
6185	0
6186	0
6187	0
6188	0
6189	0
6190	0
6191	0
6192	0
6193	0
6194	0
6195	0
6196	1
6197	0
6198	0
6199	0
6200	0
6201	0
6202	0
6203	0
6204	0
6205	0
6206	0
6207	0
6208	0
6209	0
6210	0
6211	0
6212	0
6213	0
6214	0
6215	0
6216	0
6217	0
6218	0
6219	0
6220	0
6221	0
6222	0
6223	0
6224	0
6225	0
6226	0
6227	0
6228	0
6229	0
6230	0
6231	0
6232	0
6233	1
6234	0
6235	0
6236	0
6237	1
6238	1
6239	0
6240	0
6241	1
6242	1
6243	0
6244	0
6245	1
6246	0
6247	0
6248	0
6249	0
6250	0
6251	0
6252	0
6253	0
6254	0
6255	0
6256	0
6257	0
6258	0
6259	1
6260	1
6261	0
6262	0
6263	1
6264	0
6265	0
6266	0
6267	0
6268	0
6269	0
6270	0
6271	1
6272	0
6273	0
6274	0
6275	0
6276	0
6277	0
6278	0
6279	0
6280	0
6281	0
6282	1
6283	1
6284	0
6285	0
6286	0
6287	0
6288	0
6289	0
6290	0
6291	0
6292	0
6293	1
6294	0
6295	0
6296	0
6297	0
6298	0
6299	0
6300	0
6301	0
6302	0
6303	0
6304	0
6305	0
6306	0
6307	0
6308	0
6309	0
6310	1
6311	0
6312	0
6313	0
6314	0
6315	0
6316	0
6317	0
6318	1
6319	1
6320	0
6321	1
6322	0
6323	0
6324	0
6325	0
6326	0
6327	0
6328	1
6329	0
6330	0
6331	0
6332	0
6333	0
6334	0
6335	0
6336	0
6337	0
6338	1
6339	0
6340	0
6341	0
6342	0
6343	1
6344	0
6345	0
6346	1
6347	0
6348	0
6349	1
6350	0
6351	0
6352	1
6353	0
6354	0
6355	0
6356	0
6357	0
6358	0
6359	1
6360	0
6361	0
6362	0
6363	0
6364	0
6365	0
6366	0
6367	0
6368	0
6369	0
6370	0
6371	0
6372	0
6373	0
6374	0
6375	0
6376	0
6377	0
6378	0
6379	0
6380	1
6381	0
6382	1
6383	0
6384	1
6385	0
6386	1
6387	1
6388	0
6389	0
6390	1
6391	0
6392	0
6393	0
6394	0
6395	0
6396	0
6397	0
6398	0
6399	0
6400	0
6401	0
6402	1
6403	0
6404	0
6405	0
6406	0
6407	1
6408	0
6409	0
6410	1
6411	0
6412	0
6413	1
6414	1
6415	0
6416	0
6417	1
6418	0
6419	0
6420	0
6421	0
6422	0
6423	0
6424	0
6425	0
6426	0
6427	0
6428	0
6429	0
6430	0
6431	0
6432	1
6433	0
6434	0
6435	0
6436	0
6437	0
6438	0
6439	0
6440	0
6441	0
6442	0
6443	0
6444	0
6445	2
6446	0
6447	0
6448	0
6449	0
6450	0
6451	0
6452	0
6453	0
6454	0
6455	0
6456	0
6457	0
6458	0
6459	0
6460	0
6461	0
6462	1
6463	0
6464	0
6465	0
6466	1
6467	0
6468	0
6469	0
6470	1
6471	0
6472	0
6473	0
6474	0
6475	1
6476	0
6477	0
6478	1
6479	1
6480	0
6481	0
6482	0
6483	0
6484	0
6485	0
6486	0
6487	0
6488	0
6489	0
6490	0
6491	0
6492	0
6493	0
6494	0
6495	0
6496	0
6497	0
6498	0
6499	0
6500	0
6501	1
6502	0
6503	0
6504	0
6505	0
6506	0
6507	0
6508	0
6509	0
6510	0
6511	1
6512	0
6513	0
6514	0
6515	0
6516	1
6517	0
6518	1
6519	0
6520	0
6521	0
6522	0
6523	1
6524	1
6525	0
6526	0
6527	0
6528	0
6529	0
6530	0
6531	0
6532	0
6533	0
6534	1
6535	0
6536	0
6537	0
6538	1
6539	1
6540	4
6541	0
6542	0
6543	1
6544	0
6545	1
6546	1
6547	0
6548	1
6549	0
6550	1
6551	0
6552	0
6553	0
6554	0
6555	0
6556	1
6557	3
6558	0
6559	0
6560	0
6561	1
6562	0
6563	0
6564	0
6565	0
6566	0
6567	0
6568	0
6569	0
6570	0
6571	0
6572	1
6573	1
6574	0
6575	0
6576	1
6577	0
6578	1
6579	0
6580	0
6581	0
6582	0
6583	0
6584	0
6585	0
6586	0
6587	0
6588	0
6589	0
6590	0
6591	1
6592	0
6593	0
6594	0
6595	2
6596	0
6597	0
6598	0
6599	0
6600	0
6601	0
6602	0
6603	0
6604	0
6605	0
6606	1
6607	0
6608	1
6609	0
6610	0
6611	0
6612	0
6613	0
6614	0
6615	1
6616	0
6617	0
6618	2
6619	0
6620	0
6621	0
6622	0
6623	1
6624	0
6625	0
6626	1
6627	0
6628	1
6629	0
6630	0
6631	0
6632	0
6633	0
6634	0
6635	1
6636	0
6637	0
6638	0
6639	0
6640	0
6641	0
6642	0
6643	0
6644	0
6645	1
6646	0
6647	1
6648	0
6649	0
6650	0
6651	0
6652	1
6653	0
6654	0
6655	0
6656	0
6657	0
6658	0
6659	1
6660	0
6661	0
6662	0
6663	0
6664	0
6665	0
6666	1
6667	1
6668	0
6669	0
6670	0
6671	0
6672	0
6673	0
6674	2
6675	0
6676	1
6677	0
6678	0
6679	1
6680	0
6681	0
6682	1
6683	0
6684	0
6685	0
6686	0
6687	0
6688	1
6689	0
6690	0
6691	1
6692	1
6693	0
6694	1
6695	0
6696	0
6697	1
6698	0
6699	1
6700	0
6701	0
6702	1
6703	1
6704	0
6705	0
6706	0
6707	1
6708	0
6709	0
6710	1
6711	0
6712	1
6713	0
6714	0
6715	0
6716	1
6717	1
6718	0
6719	0
6720	0
6721	2
6722	0
6723	1
6724	0
6725	0
6726	1
6727	0
6728	0
6729	0
6730	0
6731	0
6732	1
6733	0
6734	0
6735	0
6736	0
6737	0
6738	0
6739	1
6740	0
6741	1
6742	0
6743	0
6744	0
6745	0
6746	0
6747	0
6748	0
6749	0
6750	0
6751	0
6752	0
6753	0
6754	1
6755	0
6756	0
6757	0
6758	0
6759	0
6760	0
6761	0
6762	1
6763	0
6764	0
6765	1
6766	1
6767	1
6768	1
6769	0
6770	0
6771	0
6772	0
6773	0
6774	0
6775	0
6776	0
6777	0
6778	0
6779	1
6780	2
6781	2
6782	1
6783	1
6784	0
6785	1
6786	0
6787	0
6788	0
6789	0
6790	0
6791	2
6792	0
6793	1
6794	1
6795	0
6796	1
6797	0
6798	0
6799	0
6800	0
6801	0
6802	1
6803	1
6804	0
6805	0
6806	0
6807	0
6808	0
6809	1
6810	0
6811	0
6812	0
6813	0
6814	0
6815	0
6816	0
6817	1
6818	0
6819	0
6820	0
6821	0
6822	0
6823	0
6824	0
6825	0
6826	0
6827	0
6828	0
6829	0
6830	0
6831	1
6832	0
6833	0
6834	0
6835	0
6836	1
6837	0
6838	0
6839	0
6840	0
6841	0
6842	1
6843	0
6844	1
6845	0
6846	0
6847	0
6848	0
6849	0
6850	0
6851	1
6852	0
6853	1
6854	0
6855	0
6856	1
6857	0
6858	0
6859	0
6860	1
6861	0
6862	0
6863	0
6864	0
6865	1
6866	0
6867	0
6868	0
6869	1
6870	1
6871	0
6872	1
6873	0
6874	0
6875	0
6876	0
6877	0
6878	0
6879	0
6880	0
6881	0
6882	0
6883	0
6884	0
6885	0
6886	1
6887	0
6888	0
6889	0
6890	0
6891	0
6892	0
6893	0
6894	0
6895	0
6896	0
6897	0
6898	0
6899	0
6900	0
6901	1
6902	0
6903	0
6904	0
6905	0
6906	0
6907	0
6908	0
6909	1
6910	0
6911	0
6912	0
6913	1
6914	0
6915	0
6916	0
6917	0
6918	0
6919	0
6920	0
6921	0
6922	0
6923	1
6924	0
6925	0
6926	1
6927	0
6928	0
6929	0
6930	0
6931	0
6932	0
6933	0
6934	1
6935	0
6936	0
6937	0
6938	0
6939	0
6940	0
6941	0
6942	1
6943	0
6944	0
6945	0
6946	1
6947	0
6948	0
6949	0
6950	0
6951	0
6952	0
6953	2
6954	1
6955	0
6956	0
6957	0
6958	1
6959	0
6960	0
6961	0
6962	0
6963	0
6964	0
6965	0
6966	0
6967	0
6968	1
6969	1
6970	0
6971	0
6972	0
6973	1
6974	0
6975	0
6976	0
6977	0
6978	0
6979	1
6980	0
6981	0
6982	0
6983	0
6984	0
6985	0
6986	1
6987	0
6988	0
6989	0
6990	0
6991	0
6992	0
6993	0
6994	0
6995	0
6996	0
6997	0
6998	0
6999	1
7000	0
7001	0
7002	0
7003	1
7004	0
7005	0
7006	0
7007	1
7008	1
7009	0
7010	0
7011	0
7012	1
7013	1
7014	1
7015	0
7016	0
7017	0
7018	1
7019	0
7020	0
7021	0
7022	0
7023	0
7024	0
7025	0
7026	0
7027	0
7028	0
7029	0
7030	0
7031	1
7032	0
7033	1
7034	0
7035	0
7036	0
7037	0
7038	0
7039	0
7040	0
7041	0
7042	0
7043	0
7044	0
7045	0
7046	0
7047	0
7048	0
7049	0
7050	0
7051	0
7052	0
7053	0
7054	0
7055	0
7056	0
7057	0
7058	0
7059	0
7060	0
7061	0
7062	0
7063	0
7064	0
7065	0
7066	1
7067	0
7068	0
7069	0
7070	0
7071	0
7072	0
7073	0
7074	0
7075	0
7076	0
7077	0
7078	0
7079	0
7080	1
7081	1
7082	0
7083	0
7084	0
7085	0
7086	1
7087	0
7088	0
7089	0
7090	0
7091	0
7092	1
7093	0
7094	0
7095	0
7096	0
7097	0
7098	0
7099	0
7100	0
7101	0
7102	1
7103	1
7104	0
7105	0
7106	1
7107	0
7108	0
7109	0
7110	0
7111	0
7112	0
7113	0
7114	0
7115	0
7116	0
7117	0
7118	0
7119	0
7120	0
7121	0
7122	0
7123	0
7124	0
7125	0
7126	0
7127	1
7128	0
7129	0
7130	0
7131	0
7132	0
7133	0
7134	0
7135	0
7136	0
7137	0
7138	2
7139	0
7140	0
7141	0
7142	0
7143	0
7144	0
7145	0
7146	0
7147	0
7148	0
7149	0
7150	0
7151	0
7152	0
7153	0
7154	0
7155	0
7156	0
7157	0
7158	0
7159	0
7160	0
7161	0
7162	0
7163	0
7164	0
7165	0
7166	0
7167	0
7168	1
7169	0
7170	0
7171	0
7172	0
7173	0
7174	0
7175	0
7176	0
7177	0
7178	0
7179	0
7180	0
7181	0
7182	0
7183	0
7184	0
7185	0
7186	0
7187	1
7188	0
7189	0
7190	0
7191	0
7192	0
7193	0
7194	1
7195	0
7196	0
7197	0
7198	0
7199	0
7200	0
7201	0
7202	0
7203	0
7204	0
7205	0
7206	0
7207	0
7208	0
7209	0
7210	0
7211	0
7212	0
7213	0
7214	0
7215	0
7216	0
7217	0
7218	0
7219	0
7220	0
7221	0
7222	0
7223	1
7224	0
7225	0
7226	0
7227	0
7228	0
7229	1
7230	0
7231	0
7232	0
7233	1
7234	0
7235	1
7236	0
7237	0
7238	1
7239	0
7240	0
7241	0
7242	0
7243	0
7244	0
7245	0
7246	1
7247	0
7248	0
7249	0
7250	0
7251	0
7252	0
7253	0
7254	0
7255	0
7256	1
7257	0
7258	0
7259	0
7260	0
7261	0
7262	0
7263	1
7264	0
7265	0
7266	0
7267	0
7268	0
7269	0
7270	0
7271	0
7272	1
7273	0
7274	0
7275	0
7276	0
7277	0
7278	0
7279	0
7280	0
7281	0
7282	0
7283	0
7284	1
7285	0
7286	0
7287	0
7288	0
7289	0
7290	0
7291	0
7292	0
7293	0
7294	0
7295	0
7296	0
7297	0
7298	0
7299	0
7300	0
7301	0
7302	0
7303	0
7304	0
7305	0
7306	0
7307	0
7308	0
7309	1
7310	0
7311	0
7312	1
7313	0
7314	1
7315	0
7316	0
7317	0
7318	0
7319	0
7320	0
7321	0
7322	0
7323	0
7324	0
7325	0
7326	0
7327	1
7328	0
7329	0
7330	0
7331	0
7332	1
7333	0
7334	0
7335	0
7336	0
7337	0
7338	0
7339	0
7340	0
7341	0
7342	1
7343	0
7344	0
7345	0
7346	0
7347	0
7348	0
7349	0
7350	0
7351	1
7352	1
7353	0
7354	0
7355	0
7356	0
7357	0
7358	0
7359	0
7360	0
7361	0
7362	0
7363	0
7364	0
7365	0
7366	0
7367	0
7368	0
7369	0
7370	0
7371	0
7372	0
7373	0
7374	0
7375	0
7376	0
7377	0
7378	0
7379	0
7380	0
7381	1
7382	0
7383	0
7384	0
7385	0
7386	0
7387	0
7388	0
7389	0
7390	0
7391	1
7392	0
7393	0
7394	0
7395	0
7396	0
7397	1
7398	0
7399	0
7400	0
7401	0
7402	0
7403	0
7404	0
7405	0
7406	0
7407	0
7408	0
7409	0
7410	0
7411	0
7412	0
7413	0
7414	1
7415	0
7416	0
7417	0
7418	0
7419	0
7420	1
7421	0
7422	0
7423	0
7424	0
7425	0
7426	0
7427	0
7428	0
7429	0
7430	1
7431	0
7432	0
7433	0
7434	0
7435	0
7436	0
7437	0
7438	0
7439	0
7440	0
7441	1
7442	0
7443	0
7444	0
7445	0
7446	0
7447	0
7448	0
7449	0
7450	0
7451	0
7452	0
7453	0
7454	0
7455	0
7456	0
7457	0
7458	0
7459	0
7460	0
7461	0
7462	0
7463	0
7464	0
7465	0
7466	0
7467	0
7468	0
7469	0
7470	1
7471	0
7472	0
7473	0
7474	1
7475	0
7476	0
7477	0
7478	0
7479	0
7480	0
7481	1
7482	0
7483	0
7484	0
7485	1
7486	0
7487	0
7488	0
7489	0
7490	0
7491	0
7492	0
7493	0
7494	1
7495	0
7496	1
7497	0
7498	0
7499	0
7500	0
7501	0
7502	0
7503	0
7504	0
7505	0
7506	0
7507	0
7508	0
7509	0
7510	0
7511	0
7512	0
7513	1
7514	0
7515	0
7516	0
7517	0
7518	1
7519	0
7520	0
7521	0
7522	1
7523	0
7524	0
7525	1
7526	0
7527	1
7528	0
7529	1
7530	0
7531	1
7532	0
7533	0
7534	0
7535	0
7536	0
7537	0
7538	0
7539	0
7540	0
7541	0
7542	0
7543	0
7544	0
7545	0
7546	0
7547	0
7548	0
7549	0
7550	0
7551	0
7552	0
7553	0
7554	0
7555	0
7556	0
7557	0
7558	0
7559	0
7560	0
7561	0
7562	0
7563	1
7564	0
7565	0
7566	0
7567	0
7568	0
7569	0
7570	0
7571	0
7572	0
7573	0
7574	0
7575	0
7576	0
7577	0
7578	0
7579	0
7580	0
7581	0
7582	0
7583	0
7584	0
7585	0
7586	0
7587	0
7588	0
7589	0
7590	0
7591	0
7592	0
7593	0
7594	0
7595	0
7596	0
7597	0
7598	0
7599	0
7600	0
7601	0
7602	0
7603	0
7604	0
7605	0
7606	0
7607	0
7608	0
7609	0
7610	0
7611	0
7612	0
7613	0
7614	0
7615	1
7616	1
7617	0
7618	0
7619	0
7620	0
7621	0
7622	1
7623	0
7624	1
7625	0
7626	0
7627	0
7628	0
7629	0
7630	0
7631	0
7632	0
7633	0
7634	0
7635	0
7636	0
7637	0
7638	0
7639	0
7640	0
7641	0
7642	0
7643	0
7644	0
7645	0
7646	0
7647	0
7648	0
7649	0
7650	0
7651	0
7652	0
7653	0
7654	0
7655	0
7656	0
7657	0
7658	0
7659	0
7660	0
7661	0
7662	0
7663	0
7664	0
7665	0
7666	0
7667	0
7668	0
7669	1
7670	0
7671	0
7672	0
7673	0
7674	0
7675	0
7676	0
7677	0
7678	0
7679	0
7680	0
7681	0
7682	0
7683	0
7684	0
7685	0
7686	0
7687	0
7688	0
7689	0
7690	0
7691	0
7692	0
7693	0
7694	0
7695	0
7696	0
7697	0
7698	1
7699	0
7700	1
7701	0
7702	0
7703	0
7704	0
7705	0
7706	0
7707	0
7708	0
7709	0
7710	0
7711	0
7712	0
7713	0
7714	0
7715	0
7716	0
7717	1
7718	0
7719	0
7720	0
7721	0
7722	0
7723	0
7724	0
7725	0
7726	0
7727	0
7728	0
7729	0
7730	0
7731	0
7732	0
7733	0
7734	0
7735	0
7736	0
7737	1
7738	0
7739	0
7740	0
7741	1
7742	0
7743	0
7744	0
7745	0
7746	0
7747	0
7748	0
7749	0
7750	0
7751	0
7752	0
7753	0
7754	0
7755	0
7756	0
7757	0
7758	0
7759	0
7760	0
7761	0
7762	0
7763	0
7764	0
7765	0
7766	0
7767	0
7768	0
7769	0
7770	0
7771	0
7772	0
7773	0
7774	0
7775	0
7776	0
7777	1
7778	0
7779	0
7780	1
7781	0
7782	0
7783	0
7784	1
7785	1
7786	0
7787	0
7788	0
7789	0
7790	0
7791	1
7792	1
7793	1
7794	0
7795	0
7796	0
7797	0
7798	0
7799	0
7800	0
7801	0
7802	0
7803	1
7804	0
7805	0
7806	0
7807	0
7808	0
7809	0
7810	0
7811	1
7812	0
7813	0
7814	0
7815	0
7816	0
7817	0
7818	0
7819	0
7820	0
7821	2
7822	1
7823	1
7824	0
7825	0
7826	1
7827	0
7828	0
7829	0
7830	0
7831	0
7832	1
7833	0
7834	0
7835	0
7836	1
7837	0
7838	0
7839	0
7840	0
7841	0
7842	0
7843	0
7844	0
7845	0
7846	0
7847	0
7848	0
7849	0
7850	0
7851	0
7852	0
7853	0
7854	2
7855	1
7856	1
7857	0
7858	0
7859	0
7860	0
7861	0
7862	1
7863	0
7864	0
7865	0
7866	0
7867	0
7868	0
7869	0
7870	0
7871	0
7872	1
7873	0
7874	0
7875	1
7876	1
7877	0
7878	0
7879	0
7880	0
7881	0
7882	0
7883	0
7884	0
7885	0
7886	0
7887	0
7888	0
7889	0
7890	0
7891	0
7892	0
7893	0
7894	0
7895	0
7896	0
7897	2
7898	0
7899	0
7900	0
7901	1
7902	0
7903	1
7904	0
7905	1
7906	0
7907	0
7908	0
7909	0
7910	0
7911	0
7912	0
7913	0
7914	0
7915	0
7916	1
7917	0
7918	0
7919	1
7920	0
7921	0
7922	0
7923	0
7924	0
7925	1
7926	0
7927	0
7928	2
7929	0
7930	1
7931	0
7932	0
7933	0
7934	0
7935	0
7936	0
7937	0
7938	0
7939	1
7940	0
7941	1
7942	0
7943	0
7944	0
7945	0
7946	0
7947	1
7948	0
7949	1
7950	1
7951	0
7952	0
7953	0
7954	0
7955	0
7956	0
7957	0
7958	0
7959	0
7960	0
7961	0
7962	0
7963	0
7964	0
7965	0
7966	0
7967	1
7968	0
7969	0
7970	0
7971	0
7972	0
7973	0
7974	0
7975	1
7976	0
7977	0
7978	0
7979	0
7980	1
7981	0
7982	0
7983	0
7984	0
7985	0
7986	0
7987	1
7988	0
7989	0
7990	1
7991	1
7992	0
7993	0
7994	1
7995	1
7996	1
7997	0
7998	0
7999	1
8000	0
8001	1
8002	0
8003	0
8004	3
8005	0
8006	0
8007	0
8008	0
8009	0
8010	0
8011	0
8012	0
8013	1
8014	1
8015	0
8016	0
8017	0
8018	0
8019	0
8020	0
8021	0
8022	0
8023	0
8024	0
8025	0
8026	0
8027	0
8028	0
8029	0
8030	0
8031	0
8032	0
8033	0
8034	0
8035	0
8036	0
8037	0
8038	0
8039	0
8040	0
8041	0
8042	0
8043	0
8044	0
8045	0
8046	0
8047	0
8048	0
8049	0
8050	0
8051	0
8052	0
8053	0
8054	0
8055	0
8056	0
8057	0
8058	0
8059	0
8060	0
8061	0
8062	0
8063	0
8064	0
8065	0
8066	0
8067	0
8068	0
8069	0
8070	0
8071	0
8072	0
8073	0
8074	0
8075	0
8076	0
8077	0
8078	0
8079	0
8080	0
8081	0
8082	0
8083	0
8084	0
8085	0
8086	0
8087	0
8088	0
8089	0
8090	0
8091	0
8092	0
8093	0
8094	0
8095	0
8096	0
8097	0
8098	0
8099	0
8100	0
8101	0
8102	0
8103	0
8104	0
8105	0
8106	0
8107	0
8108	0
8109	0
8110	0
8111	0
8112	0
8113	0
8114	0
8115	0
8116	0
8117	0
8118	0
8119	0
8120	0
8121	0
8122	0
8123	0
8124	0
8125	0
8126	0
8127	0
8128	0
8129	0
8130	0
8131	0
8132	0
8133	0
8134	0
8135	0
8136	0
8137	0
8138	0
8139	0
8140	0
8141	0
8142	0
8143	0
8144	0
8145	0
8146	0
8147	0
8148	0
8149	0
8150	0
8151	0
8152	0
8153	0
8154	0
8155	0
8156	0
8157	0
8158	0
8159	0
8160	0
8161	0
8162	0
8163	0
8164	0
8165	0
8166	0
8167	0
8168	0
8169	0
8170	0
8171	0
8172	0
8173	0
8174	0
8175	0
8176	0
8177	0
8178	0
8179	0
8180	0
8181	0
8182	0
8183	0
8184	0
8185	0
8186	0
8187	0
8188	0
8189	0
8190	0
8191	0
